"Value","Chl_a","Chl_a_modified","Var"
0,1.83212961477332,0.336185988556663,"ppt_week"
0.273141414141414,1.33225052749618,0.244460848719402,"ppt_week"
0.546282828282828,1.33225052749618,0.244460848719402,"ppt_week"
0.819424242424242,1.34929971604407,0.247589283661911,"ppt_week"
1.09256565656566,1.32341644862074,0.242839842478479,"ppt_week"
1.36570707070707,1.0361230120005,0.190123032915874,"ppt_week"
1.63884848484848,1.06632311940233,0.195664591154731,"ppt_week"
1.9119898989899,1.56720424518231,0.287573599699714,"ppt_week"
2.18513131313131,1.60945287359936,0.295325997125649,"ppt_week"
2.45827272727273,1.60945287359936,0.295325997125649,"ppt_week"
2.73141414141414,1.51827849139648,0.278595985468853,"ppt_week"
3.00455555555556,1.51827849139648,0.278595985468853,"ppt_week"
3.27769696969697,1.51827849139648,0.278595985468853,"ppt_week"
3.55083838383838,1.51827849139648,0.278595985468853,"ppt_week"
3.8239797979798,1.5349989773458,0.281664105241982,"ppt_week"
4.09712121212121,1.55311470782481,0.284988244926425,"ppt_week"
4.37026262626263,1.63547127486597,0.30010023464681,"ppt_week"
4.64340404040404,1.63547127486597,0.30010023464681,"ppt_week"
4.91654545454545,1.63547127486597,0.30010023464681,"ppt_week"
5.18968686868687,1.63547127486597,0.30010023464681,"ppt_week"
5.46282828282828,1.3840121711751,0.253958833583137,"ppt_week"
5.7359696969697,1.11775065027981,0.205101268105785,"ppt_week"
6.00911111111111,1.05752333329237,0.194049877452922,"ppt_week"
6.28225252525252,0.684558123421126,0.12561275555567,"ppt_week"
6.55539393939394,0.684558123421126,0.12561275555567,"ppt_week"
6.82853535353535,0.684558123421126,0.12561275555567,"ppt_week"
7.10167676767677,0.684558123421126,0.12561275555567,"ppt_week"
7.37481818181818,0.780258128292584,0.143173194775233,"ppt_week"
7.6479595959596,0.778105116560378,0.142778128633772,"ppt_week"
7.92110101010101,0.778105116560378,0.142778128633772,"ppt_week"
8.19424242424242,0.958916846314763,0.175956114306821,"ppt_week"
8.46738383838384,0.949979751003397,0.174316205100698,"ppt_week"
8.74052525252525,0.949979751003397,0.174316205100698,"ppt_week"
9.01366666666667,0.829735937335667,0.152252108194154,"ppt_week"
9.28680808080808,0.812775173848007,0.14913989877742,"ppt_week"
9.55994949494949,0.661805635970541,0.121437795758055,"ppt_week"
9.83309090909091,0.650071872552025,0.119284712907074,"ppt_week"
10.1062323232323,0.864029516319567,0.158544796581964,"ppt_week"
10.3793737373737,0.864029516319567,0.158544796581964,"ppt_week"
10.6525151515152,0.864029516319567,0.158544796581964,"ppt_week"
10.9256565656566,0.864029516319567,0.158544796581964,"ppt_week"
11.198797979798,0.852665849109324,0.156459624406426,"ppt_week"
11.4719393939394,0.772014995879131,0.141660624050502,"ppt_week"
11.7450808080808,0.772014995879131,0.141660624050502,"ppt_week"
12.0182222222222,0.772014995879131,0.141660624050502,"ppt_week"
12.2913636363636,0.772014995879131,0.141660624050502,"ppt_week"
12.564505050505,0.847507956727348,0.155513178731775,"ppt_week"
12.8376464646465,0.847507956727348,0.155513178731775,"ppt_week"
13.1107878787879,0.847507956727348,0.155513178731775,"ppt_week"
13.3839292929293,0.847507956727348,0.155513178731775,"ppt_week"
13.6570707070707,0.847507956727348,0.155513178731775,"ppt_week"
13.9302121212121,0.847507956727348,0.155513178731775,"ppt_week"
14.2033535353535,0.847507956727348,0.155513178731775,"ppt_week"
14.4764949494949,0.847507956727348,0.155513178731775,"ppt_week"
14.7496363636364,0.924990956157176,0.169730894852735,"ppt_week"
15.0227777777778,0.924990956157176,0.169730894852735,"ppt_week"
15.2959191919192,0.924990956157176,0.169730894852735,"ppt_week"
15.5690606060606,0.924990956157176,0.169730894852735,"ppt_week"
15.842202020202,0.924990956157176,0.169730894852735,"ppt_week"
16.1153434343434,0.982264405438316,0.180240266574786,"ppt_week"
16.3884848484848,0.982264405438316,0.180240266574786,"ppt_week"
16.6616262626263,1.08407586348404,0.198922124776031,"ppt_week"
16.9347676767677,1.09412381202748,0.200765869610896,"ppt_week"
17.2079090909091,1.09412381202748,0.200765869610896,"ppt_week"
17.4810505050505,1.36814966462184,0.25104814844187,"ppt_week"
17.7541919191919,1.36814966462184,0.25104814844187,"ppt_week"
18.0273333333333,1.36814966462184,0.25104814844187,"ppt_week"
18.3004747474747,1.36814966462184,0.25104814844187,"ppt_week"
18.5736161616162,1.63133903714688,0.299341991118982,"ppt_week"
18.8467575757576,1.60630482739851,0.294748347479293,"ppt_week"
19.119898989899,1.60630482739851,0.294748347479293,"ppt_week"
19.3930404040404,1.60630482739851,0.294748347479293,"ppt_week"
19.6661818181818,1.60630482739851,0.294748347479293,"ppt_week"
19.9393232323232,1.60630482739851,0.294748347479293,"ppt_week"
20.2124646464646,1.60630482739851,0.294748347479293,"ppt_week"
20.4856060606061,1.60630482739851,0.294748347479293,"ppt_week"
20.7587474747475,1.60630482739851,0.294748347479293,"ppt_week"
21.0318888888889,1.60630482739851,0.294748347479293,"ppt_week"
21.3050303030303,1.60630482739851,0.294748347479293,"ppt_week"
21.5781717171717,1.60630482739851,0.294748347479293,"ppt_week"
21.8513131313131,1.60630482739851,0.294748347479293,"ppt_week"
22.1244545454545,1.60630482739851,0.294748347479293,"ppt_week"
22.397595959596,1.60630482739851,0.294748347479293,"ppt_week"
22.6707373737374,1.60630482739851,0.294748347479293,"ppt_week"
22.9438787878788,1.60630482739851,0.294748347479293,"ppt_week"
23.2170202020202,1.60630482739851,0.294748347479293,"ppt_week"
23.4901616161616,1.60630482739851,0.294748347479293,"ppt_week"
23.763303030303,1.60630482739851,0.294748347479293,"ppt_week"
24.0364444444444,1.60630482739851,0.294748347479293,"ppt_week"
24.3095858585859,1.60630482739851,0.294748347479293,"ppt_week"
24.5827272727273,1.60630482739851,0.294748347479293,"ppt_week"
24.8558686868687,1.60630482739851,0.294748347479293,"ppt_week"
25.1290101010101,1.60630482739851,0.294748347479293,"ppt_week"
25.4021515151515,1.60630482739851,0.294748347479293,"ppt_week"
25.6752929292929,1.60630482739851,0.294748347479293,"ppt_week"
25.9484343434343,1.60630482739851,0.294748347479293,"ppt_week"
26.2215757575758,1.60630482739851,0.294748347479293,"ppt_week"
26.4947171717172,1.60630482739851,0.294748347479293,"ppt_week"
26.7678585858586,1.60630482739851,0.294748347479293,"ppt_week"
27.041,1.60630482739851,0.294748347479293,"ppt_week"
2.403333,1.20619986340393,0.22133122580715,"tmean_month"
2.52528957575758,1.20619986340393,0.22133122580715,"tmean_month"
2.64724615151515,1.20619986340393,0.22133122580715,"tmean_month"
2.76920272727273,1.20619986340393,0.22133122580715,"tmean_month"
2.8911593030303,1.20619986340393,0.22133122580715,"tmean_month"
3.01311587878788,1.20619986340393,0.22133122580715,"tmean_month"
3.13507245454545,1.20619986340393,0.22133122580715,"tmean_month"
3.25702903030303,1.20619986340393,0.22133122580715,"tmean_month"
3.37898560606061,1.20619986340393,0.22133122580715,"tmean_month"
3.50094218181818,1.20619986340393,0.22133122580715,"tmean_month"
3.62289875757576,1.20619986340393,0.22133122580715,"tmean_month"
3.74485533333333,1.20619986340393,0.22133122580715,"tmean_month"
3.86681190909091,1.20619986340393,0.22133122580715,"tmean_month"
3.98876848484848,1.20619986340393,0.22133122580715,"tmean_month"
4.11072506060606,1.20619986340393,0.22133122580715,"tmean_month"
4.23268163636364,1.20619986340393,0.22133122580715,"tmean_month"
4.35463821212121,1.20619986340393,0.22133122580715,"tmean_month"
4.47659478787879,1.20619986340393,0.22133122580715,"tmean_month"
4.59855136363636,1.20619986340393,0.22133122580715,"tmean_month"
4.72050793939394,1.20619986340393,0.22133122580715,"tmean_month"
4.84246451515151,1.20619986340393,0.22133122580715,"tmean_month"
4.96442109090909,1.20619986340393,0.22133122580715,"tmean_month"
5.08637766666667,1.20619986340393,0.22133122580715,"tmean_month"
5.20833424242424,1.20619986340393,0.22133122580715,"tmean_month"
5.33029081818182,1.20619986340393,0.22133122580715,"tmean_month"
5.45224739393939,1.20619986340393,0.22133122580715,"tmean_month"
5.57420396969697,1.20619986340393,0.22133122580715,"tmean_month"
5.69616054545454,1.20619986340393,0.22133122580715,"tmean_month"
5.81811712121212,1.20619986340393,0.22133122580715,"tmean_month"
5.9400736969697,1.20619986340393,0.22133122580715,"tmean_month"
6.06203027272727,1.20619986340393,0.22133122580715,"tmean_month"
6.18398684848485,1.20619986340393,0.22133122580715,"tmean_month"
6.30594342424242,1.20619986340393,0.22133122580715,"tmean_month"
6.4279,1.20619986340393,0.22133122580715,"tmean_month"
6.54985657575758,1.20619986340393,0.22133122580715,"tmean_month"
6.67181315151515,1.20619986340393,0.22133122580715,"tmean_month"
6.79376972727273,1.20619986340393,0.22133122580715,"tmean_month"
6.9157263030303,1.20619986340393,0.22133122580715,"tmean_month"
7.03768287878788,1.20619986340393,0.22133122580715,"tmean_month"
7.15963945454545,1.20619986340393,0.22133122580715,"tmean_month"
7.28159603030303,1.20619986340393,0.22133122580715,"tmean_month"
7.40355260606061,1.20619986340393,0.22133122580715,"tmean_month"
7.52550918181818,1.20619986340393,0.22133122580715,"tmean_month"
7.64746575757576,1.20619986340393,0.22133122580715,"tmean_month"
7.76942233333333,1.20619986340393,0.22133122580715,"tmean_month"
7.89137890909091,1.20619986340393,0.22133122580715,"tmean_month"
8.01333548484848,1.20619986340393,0.22133122580715,"tmean_month"
8.13529206060606,1.20619986340393,0.22133122580715,"tmean_month"
8.25724863636364,1.20619986340393,0.22133122580715,"tmean_month"
8.37920521212121,1.20619986340393,0.22133122580715,"tmean_month"
8.50116178787879,1.20619986340393,0.22133122580715,"tmean_month"
8.62311836363636,1.20619986340393,0.22133122580715,"tmean_month"
8.74507493939394,1.20619986340393,0.22133122580715,"tmean_month"
8.86703151515152,1.20619986340393,0.22133122580715,"tmean_month"
8.98898809090909,1.20619986340393,0.22133122580715,"tmean_month"
9.11094466666666,1.40023480179513,0.256935599565198,"tmean_month"
9.23290124242424,1.54638371271453,0.283753143311958,"tmean_month"
9.35485781818182,1.55651764162904,0.285612665085208,"tmean_month"
9.47681439393939,1.55651764162904,0.285612665085208,"tmean_month"
9.59877096969697,1.55651764162904,0.285612665085208,"tmean_month"
9.72072754545454,1.55651764162904,0.285612665085208,"tmean_month"
9.84268412121212,1.55651764162904,0.285612665085208,"tmean_month"
9.9646406969697,1.23504736176063,0.226624587518153,"tmean_month"
10.0865972727273,1.23504736176063,0.226624587518153,"tmean_month"
10.2085538484848,1.19685840618471,0.219617118352918,"tmean_month"
10.3305104242424,1.19685840618471,0.219617118352918,"tmean_month"
10.452467,1.10072254375102,0.201976701601063,"tmean_month"
10.5744235757576,1.27063018146746,0.233153844685503,"tmean_month"
10.6963801515152,1.19582871658576,0.2194281758169,"tmean_month"
10.8183367272727,1.11823709116633,0.205190527407631,"tmean_month"
10.9402933030303,1.23817370407227,0.227198254616884,"tmean_month"
11.0622498787879,1.17357098287129,0.215344000684587,"tmean_month"
11.1842064545455,1.17357098287129,0.215344000684587,"tmean_month"
11.306163030303,1.2732425088188,0.233633192787276,"tmean_month"
11.4281196060606,1.34813314442915,0.247375224007823,"tmean_month"
11.5500761818182,1.34813314442915,0.247375224007823,"tmean_month"
11.6720327575758,1.4012680742288,0.257125199532232,"tmean_month"
11.7939893333333,1.32003502606537,0.242219369518849,"tmean_month"
11.9159459090909,1.3114576319205,0.240645463553583,"tmean_month"
12.0379024848485,1.38709703676112,0.254524889924477,"tmean_month"
12.1598590606061,1.35996328117885,0.249545990849802,"tmean_month"
12.2818156363636,1.35996328117885,0.249545990849802,"tmean_month"
12.4037722121212,1.35996328117885,0.249545990849802,"tmean_month"
12.5257287878788,1.3570911290709,0.249018966294384,"tmean_month"
12.6476853636364,1.3570911290709,0.249018966294384,"tmean_month"
12.7696419393939,1.3570911290709,0.249018966294384,"tmean_month"
12.8915985151515,1.3570911290709,0.249018966294384,"tmean_month"
13.0135550909091,1.34830917410278,0.247407524511764,"tmean_month"
13.1355116666667,1.34830917410278,0.247407524511764,"tmean_month"
13.2574682424242,1.34830917410278,0.247407524511764,"tmean_month"
13.3794248181818,1.34830917410278,0.247407524511764,"tmean_month"
13.5013813939394,1.34830917410278,0.247407524511764,"tmean_month"
13.623337969697,1.34830917410278,0.247407524511764,"tmean_month"
13.7452945454545,1.34830917410278,0.247407524511764,"tmean_month"
13.8672511212121,1.34830917410278,0.247407524511764,"tmean_month"
13.9892076969697,1.34830917410278,0.247407524511764,"tmean_month"
14.1111642727273,1.34830917410278,0.247407524511764,"tmean_month"
14.2331208484848,1.34830917410278,0.247407524511764,"tmean_month"
14.3550774242424,1.34830917410278,0.247407524511764,"tmean_month"
14.477034,1.34830917410278,0.247407524511764,"tmean_month"
5.619,1.44481124186634,0.26511513798368,"tmean_day"
5.72810101010101,1.44481124186634,0.26511513798368,"tmean_day"
5.83720202020202,1.44481124186634,0.26511513798368,"tmean_day"
5.94630303030303,1.44481124186634,0.26511513798368,"tmean_day"
6.05540404040404,1.44481124186634,0.26511513798368,"tmean_day"
6.16450505050505,1.44481124186634,0.26511513798368,"tmean_day"
6.27360606060606,1.44481124186634,0.26511513798368,"tmean_day"
6.38270707070707,1.44481124186634,0.26511513798368,"tmean_day"
6.49180808080808,1.44481124186634,0.26511513798368,"tmean_day"
6.60090909090909,1.44481124186634,0.26511513798368,"tmean_day"
6.7100101010101,1.44481124186634,0.26511513798368,"tmean_day"
6.81911111111111,1.44481124186634,0.26511513798368,"tmean_day"
6.92821212121212,1.44481124186634,0.26511513798368,"tmean_day"
7.03731313131313,1.44481124186634,0.26511513798368,"tmean_day"
7.14641414141414,1.44481124186634,0.26511513798368,"tmean_day"
7.25551515151515,1.44481124186634,0.26511513798368,"tmean_day"
7.36461616161616,1.44481124186634,0.26511513798368,"tmean_day"
7.47371717171717,1.44481124186634,0.26511513798368,"tmean_day"
7.58281818181818,1.44481124186634,0.26511513798368,"tmean_day"
7.69191919191919,1.44481124186634,0.26511513798368,"tmean_day"
7.8010202020202,1.44481124186634,0.26511513798368,"tmean_day"
7.91012121212121,1.44481124186634,0.26511513798368,"tmean_day"
8.01922222222222,1.44481124186634,0.26511513798368,"tmean_day"
8.12832323232323,1.44481124186634,0.26511513798368,"tmean_day"
8.23742424242424,1.44481124186634,0.26511513798368,"tmean_day"
8.34652525252525,1.44481124186634,0.26511513798368,"tmean_day"
8.45562626262626,1.46060651231529,0.268013485659293,"tmean_day"
8.56472727272727,1.39191700830771,0.255409328932581,"tmean_day"
8.67382828282828,1.34539849430823,0.246873430331848,"tmean_day"
8.78292929292929,1.34539849430823,0.246873430331848,"tmean_day"
8.8920303030303,1.34539849430823,0.246873430331848,"tmean_day"
9.00113131313131,1.32444505555797,0.24302858635186,"tmean_day"
9.11023232323232,1.35811749466253,0.24920729889283,"tmean_day"
9.21933333333333,1.35811749466253,0.24920729889283,"tmean_day"
9.32843434343434,1.35811749466253,0.24920729889283,"tmean_day"
9.43753535353535,1.35811749466253,0.24920729889283,"tmean_day"
9.54663636363636,1.35811749466253,0.24920729889283,"tmean_day"
9.65573737373737,1.35811749466253,0.24920729889283,"tmean_day"
9.76483838383838,1.35811749466253,0.24920729889283,"tmean_day"
9.87393939393939,1.35811749466253,0.24920729889283,"tmean_day"
9.98304040404041,1.35811749466253,0.24920729889283,"tmean_day"
10.0921414141414,1.35811749466253,0.24920729889283,"tmean_day"
10.2012424242424,1.35811749466253,0.24920729889283,"tmean_day"
10.3103434343434,1.35811749466253,0.24920729889283,"tmean_day"
10.4194444444444,1.22654231624634,0.225063957139775,"tmean_day"
10.5285454545455,1.09989195003665,0.201824292095369,"tmean_day"
10.6376464646465,1.05769460509972,0.194081304913841,"tmean_day"
10.7467474747475,1.05769460509972,0.194081304913841,"tmean_day"
10.8558484848485,1.05769460509972,0.194081304913841,"tmean_day"
10.9649494949495,1.05769460509972,0.194081304913841,"tmean_day"
11.0740505050505,1.0703334557977,0.196400466441421,"tmean_day"
11.1831515151515,1.11645447550906,0.204863426965544,"tmean_day"
11.2922525252525,1.19327357041522,0.218959320156076,"tmean_day"
11.4013535353535,1.20299422911561,0.220743009054647,"tmean_day"
11.5104545454545,1.20299422911561,0.220743009054647,"tmean_day"
11.6195555555556,1.20299422911561,0.220743009054647,"tmean_day"
11.7286565656566,1.41915332616185,0.26040704763578,"tmean_day"
11.8377575757576,1.45292853944674,0.26660461868934,"tmean_day"
11.9468585858586,1.24836758921851,0.229068778038092,"tmean_day"
12.0559595959596,1.11454713048478,0.204513439351492,"tmean_day"
12.1650606060606,1.13711160862547,0.208653900445961,"tmean_day"
12.2741616161616,1.19275795618043,0.218864707700801,"tmean_day"
12.3832626262626,1.30030824202867,0.238599610120308,"tmean_day"
12.4923636363636,1.56905546084305,0.287913287875658,"tmean_day"
12.6014646464646,1.56905546084305,0.287913287875658,"tmean_day"
12.7105656565657,1.63618662417269,0.300231497419871,"tmean_day"
12.8196666666667,1.53613734971603,0.281872990485442,"tmean_day"
12.9287676767677,1.50702415544109,0.276530874994026,"tmean_day"
13.0378686868687,1.46989918227592,0.269718640912423,"tmean_day"
13.1469696969697,1.46989918227592,0.269718640912423,"tmean_day"
13.2560707070707,1.50184855331104,0.27558117967529,"tmean_day"
13.3651717171717,1.16682831146251,0.214106756531776,"tmean_day"
13.4742727272727,1.1111886846966,0.203897182505793,"tmean_day"
13.5833737373737,1.07343092102892,0.196968834750289,"tmean_day"
13.6924747474747,1.07343092102892,0.196968834750289,"tmean_day"
13.8015757575758,1.07343092102892,0.196968834750289,"tmean_day"
13.9106767676768,1.07343092102892,0.196968834750289,"tmean_day"
14.0197777777778,1.07343092102892,0.196968834750289,"tmean_day"
14.1288787878788,1.08804046825908,0.199649608554899,"tmean_day"
14.2379797979798,1.08804046825908,0.199649608554899,"tmean_day"
14.3470808080808,1.07302633143327,0.196894594722685,"tmean_day"
14.4561818181818,1.07302633143327,0.196894594722685,"tmean_day"
14.5652828282828,1.07302633143327,0.196894594722685,"tmean_day"
14.6743838383838,1.07302633143327,0.196894594722685,"tmean_day"
14.7834848484849,1.07302633143327,0.196894594722685,"tmean_day"
14.8925858585859,1.07302633143327,0.196894594722685,"tmean_day"
15.0016868686869,1.07302633143327,0.196894594722685,"tmean_day"
15.1107878787879,1.07302633143327,0.196894594722685,"tmean_day"
15.2198888888889,1.07302633143327,0.196894594722685,"tmean_day"
15.3289898989899,1.07302633143327,0.196894594722685,"tmean_day"
15.4380909090909,1.07302633143327,0.196894594722685,"tmean_day"
15.5471919191919,1.07302633143327,0.196894594722685,"tmean_day"
15.6562929292929,1.07302633143327,0.196894594722685,"tmean_day"
15.7653939393939,1.07302633143327,0.196894594722685,"tmean_day"
15.874494949495,1.07302633143327,0.196894594722685,"tmean_day"
15.983595959596,1.07302633143327,0.196894594722685,"tmean_day"
16.092696969697,1.07302633143327,0.196894594722685,"tmean_day"
16.201797979798,1.07302633143327,0.196894594722685,"tmean_day"
16.310898989899,1.07302633143327,0.196894594722685,"tmean_day"
16.42,1.07302633143327,0.196894594722685,"tmean_day"
0.23120234,1.19933416432201,0.220071406734103,"ppt_percent_normal"
0.241233064848485,1.19933416432201,0.220071406734103,"ppt_percent_normal"
0.25126378969697,1.28842012232696,0.23641820371665,"ppt_percent_normal"
0.261294514545455,1.33029644184871,0.244102284450903,"ppt_percent_normal"
0.271325239393939,1.33029644184871,0.244102284450903,"ppt_percent_normal"
0.281355964242424,1.34839360968944,0.247423017990469,"ppt_percent_normal"
0.291386689090909,1.22886696216938,0.225490517237587,"ppt_percent_normal"
0.301417413939394,1.27105186765384,0.233231221846096,"ppt_percent_normal"
0.311448138787879,1.27105186765384,0.233231221846096,"ppt_percent_normal"
0.321478863636364,1.25296110910091,0.229911664376572,"ppt_percent_normal"
0.331509588484848,1.27380629435236,0.233736644418322,"ppt_percent_normal"
0.341540313333333,1.27380629435236,0.233736644418322,"ppt_percent_normal"
0.351571038181818,1.27380629435236,0.233736644418322,"ppt_percent_normal"
0.361601763030303,1.27380629435236,0.233736644418322,"ppt_percent_normal"
0.371632487878788,1.29849018838365,0.238266006996943,"ppt_percent_normal"
0.381663212727273,1.29965752804554,0.238480207583543,"ppt_percent_normal"
0.391693937575758,1.31737712826145,0.241731659482678,"ppt_percent_normal"
0.401724662424242,1.33298658579681,0.244595911482123,"ppt_percent_normal"
0.411755387272727,1.29795640346236,0.238168060317847,"ppt_percent_normal"
0.421786112121212,1.30754447396255,0.239927419990582,"ppt_percent_normal"
0.431816836969697,1.27744147280014,0.234403680227465,"ppt_percent_normal"
0.441847561818182,1.32370907654201,0.242893538137453,"ppt_percent_normal"
0.451878286666667,1.43330991492548,0.263004705983591,"ppt_percent_normal"
0.461909011515152,1.48378834826777,0.272267228611429,"ppt_percent_normal"
0.471939736363636,1.63917117029886,0.300779145676702,"ppt_percent_normal"
0.481970461212121,1.63917117029886,0.300779145676702,"ppt_percent_normal"
0.492001186060606,1.61646798665053,0.296613232863191,"ppt_percent_normal"
0.502031910909091,1.61646798665053,0.296613232863191,"ppt_percent_normal"
0.512062635757576,1.61646798665053,0.296613232863191,"ppt_percent_normal"
0.522093360606061,1.61646798665053,0.296613232863191,"ppt_percent_normal"
0.532124085454545,1.61646798665053,0.296613232863191,"ppt_percent_normal"
0.54215481030303,1.61646798665053,0.296613232863191,"ppt_percent_normal"
0.552185535151515,1.6669870228112,0.305883205891113,"ppt_percent_normal"
0.56221626,1.6669870228112,0.305883205891113,"ppt_percent_normal"
0.572246984848485,1.6669870228112,0.305883205891113,"ppt_percent_normal"
0.58227770969697,1.6669870228112,0.305883205891113,"ppt_percent_normal"
0.592308434545455,1.6669870228112,0.305883205891113,"ppt_percent_normal"
0.602339159393939,1.6669870228112,0.305883205891113,"ppt_percent_normal"
0.612369884242424,1.6669870228112,0.305883205891113,"ppt_percent_normal"
0.622400609090909,1.6669870228112,0.305883205891113,"ppt_percent_normal"
0.632431333939394,1.6669870228112,0.305883205891113,"ppt_percent_normal"
0.642462058787879,1.6669870228112,0.305883205891113,"ppt_percent_normal"
0.652492783636364,1.6669870228112,0.305883205891113,"ppt_percent_normal"
0.662523508484848,1.6669870228112,0.305883205891113,"ppt_percent_normal"
0.672554233333333,1.6669870228112,0.305883205891113,"ppt_percent_normal"
0.682584958181818,1.6669870228112,0.305883205891113,"ppt_percent_normal"
0.692615683030303,1.6669870228112,0.305883205891113,"ppt_percent_normal"
0.702646407878788,1.6669870228112,0.305883205891113,"ppt_percent_normal"
0.712677132727273,1.6669870228112,0.305883205891113,"ppt_percent_normal"
0.722707857575758,1.6669870228112,0.305883205891113,"ppt_percent_normal"
0.732738582424243,1.6669870228112,0.305883205891113,"ppt_percent_normal"
0.742769307272727,1.6669870228112,0.305883205891113,"ppt_percent_normal"
0.752800032121212,1.6669870228112,0.305883205891113,"ppt_percent_normal"
0.762830756969697,1.6669870228112,0.305883205891113,"ppt_percent_normal"
0.772861481818182,1.6669870228112,0.305883205891113,"ppt_percent_normal"
0.782892206666667,1.6669870228112,0.305883205891113,"ppt_percent_normal"
0.792922931515152,1.6669870228112,0.305883205891113,"ppt_percent_normal"
0.802953656363636,1.6669870228112,0.305883205891113,"ppt_percent_normal"
0.812984381212121,1.6669870228112,0.305883205891113,"ppt_percent_normal"
0.823015106060606,1.6669870228112,0.305883205891113,"ppt_percent_normal"
0.833045830909091,1.6669870228112,0.305883205891113,"ppt_percent_normal"
0.843076555757576,1.6669870228112,0.305883205891113,"ppt_percent_normal"
0.853107280606061,1.6669870228112,0.305883205891113,"ppt_percent_normal"
0.863138005454545,1.6669870228112,0.305883205891113,"ppt_percent_normal"
0.87316873030303,1.6669870228112,0.305883205891113,"ppt_percent_normal"
0.883199455151515,1.6669870228112,0.305883205891113,"ppt_percent_normal"
0.89323018,1.6669870228112,0.305883205891113,"ppt_percent_normal"
0.903260904848485,1.6669870228112,0.305883205891113,"ppt_percent_normal"
0.91329162969697,1.63390416482365,0.29981267833283,"ppt_percent_normal"
0.923322354545455,1.63390416482365,0.29981267833283,"ppt_percent_normal"
0.933353079393939,1.63390416482365,0.29981267833283,"ppt_percent_normal"
0.943383804242424,1.63390416482365,0.29981267833283,"ppt_percent_normal"
0.953414529090909,1.63390416482365,0.29981267833283,"ppt_percent_normal"
0.963445253939394,1.63390416482365,0.29981267833283,"ppt_percent_normal"
0.973475978787879,1.63390416482365,0.29981267833283,"ppt_percent_normal"
0.983506703636364,1.63390416482365,0.29981267833283,"ppt_percent_normal"
0.993537428484848,1.53191988935179,0.281099109057884,"ppt_percent_normal"
1.00356815333333,1.45660080686183,0.267278460125685,"ppt_percent_normal"
1.01359887818182,1.43821528197364,0.263904814609653,"ppt_percent_normal"
1.0236296030303,1.12051799986171,0.205609061958015,"ppt_percent_normal"
1.03366032787879,1.12051799986171,0.205609061958015,"ppt_percent_normal"
1.04369105272727,1.09656004884811,0.20121290604178,"ppt_percent_normal"
1.05372177757576,1.06149762948592,0.194779139555271,"ppt_percent_normal"
1.06375250242424,1.08384799418428,0.198880311977863,"ppt_percent_normal"
1.07378322727273,1.08384799418428,0.198880311977863,"ppt_percent_normal"
1.08381395212121,1.09071846684927,0.200141006977881,"ppt_percent_normal"
1.0938446769697,1.09071846684927,0.200141006977881,"ppt_percent_normal"
1.10387540181818,1.09071846684927,0.200141006977881,"ppt_percent_normal"
1.11390612666667,1.09071846684927,0.200141006977881,"ppt_percent_normal"
1.12393685151515,1.07524563268257,0.197301824636108,"ppt_percent_normal"
1.13396757636364,1.07524563268257,0.197301824636108,"ppt_percent_normal"
1.14399830121212,1.04646152931397,0.19202009556647,"ppt_percent_normal"
1.15402902606061,1.04646152931397,0.19202009556647,"ppt_percent_normal"
1.16405975090909,1.04646152931397,0.19202009556647,"ppt_percent_normal"
1.17409047575758,1.04646152931397,0.19202009556647,"ppt_percent_normal"
1.18412120060606,1.04646152931397,0.19202009556647,"ppt_percent_normal"
1.19415192545455,1.04646152931397,0.19202009556647,"ppt_percent_normal"
1.20418265030303,1.04646152931397,0.19202009556647,"ppt_percent_normal"
1.21421337515152,1.04646152931397,0.19202009556647,"ppt_percent_normal"
1.2242441,1.04646152931397,0.19202009556647,"ppt_percent_normal"
0.855079,1.41455002337413,0.259562366186478,"tmean_percent_normal"
0.863733877777778,1.41455002337413,0.259562366186478,"tmean_percent_normal"
0.872388755555556,1.41455002337413,0.259562366186478,"tmean_percent_normal"
0.881043633333333,1.41455002337413,0.259562366186478,"tmean_percent_normal"
0.889698511111111,1.41455002337413,0.259562366186478,"tmean_percent_normal"
0.898353388888889,1.41455002337413,0.259562366186478,"tmean_percent_normal"
0.907008266666667,1.41455002337413,0.259562366186478,"tmean_percent_normal"
0.915663144444445,1.41455002337413,0.259562366186478,"tmean_percent_normal"
0.924318022222222,1.41455002337413,0.259562366186478,"tmean_percent_normal"
0.9329729,1.41455002337413,0.259562366186478,"tmean_percent_normal"
0.941627777777778,1.41455002337413,0.259562366186478,"tmean_percent_normal"
0.950282655555556,1.41455002337413,0.259562366186478,"tmean_percent_normal"
0.958937533333333,1.41455002337413,0.259562366186478,"tmean_percent_normal"
0.967592411111111,1.41455002337413,0.259562366186478,"tmean_percent_normal"
0.976247288888889,1.41455002337413,0.259562366186478,"tmean_percent_normal"
0.984902166666667,1.41455002337413,0.259562366186478,"tmean_percent_normal"
0.993557044444444,1.41455002337413,0.259562366186478,"tmean_percent_normal"
1.00221192222222,1.29076028776999,0.236847611563402,"tmean_percent_normal"
1.0108668,1.26412415572655,0.231960023747483,"tmean_percent_normal"
1.01952167777778,1.26412415572655,0.231960023747483,"tmean_percent_normal"
1.02817655555556,1.26412415572655,0.231960023747483,"tmean_percent_normal"
1.03683143333333,1.26412415572655,0.231960023747483,"tmean_percent_normal"
1.04548631111111,1.26412415572655,0.231960023747483,"tmean_percent_normal"
1.05414118888889,1.26412415572655,0.231960023747483,"tmean_percent_normal"
1.06279606666667,1.26412415572655,0.231960023747483,"tmean_percent_normal"
1.07145094444444,1.26412415572655,0.231960023747483,"tmean_percent_normal"
1.08010582222222,1.26412415572655,0.231960023747483,"tmean_percent_normal"
1.0887607,1.26412415572655,0.231960023747483,"tmean_percent_normal"
1.09741557777778,1.26412415572655,0.231960023747483,"tmean_percent_normal"
1.10607045555556,1.26412415572655,0.231960023747483,"tmean_percent_normal"
1.11472533333333,1.26412415572655,0.231960023747483,"tmean_percent_normal"
1.12338021111111,1.26412415572655,0.231960023747483,"tmean_percent_normal"
1.13203508888889,1.24208285547515,0.22791556299845,"tmean_percent_normal"
1.14068996666667,1.24208285547515,0.22791556299845,"tmean_percent_normal"
1.14934484444444,1.32476144760964,0.243086642601706,"tmean_percent_normal"
1.15799972222222,1.32476144760964,0.243086642601706,"tmean_percent_normal"
1.1666546,1.31499794696732,0.241295092435852,"tmean_percent_normal"
1.17530947777778,1.08921704277889,0.199865503688555,"tmean_percent_normal"
1.18396435555556,1.08921704277889,0.199865503688555,"tmean_percent_normal"
1.19261923333333,1.09597504527273,0.201105561013506,"tmean_percent_normal"
1.20127411111111,1.20921253520433,0.221884034974825,"tmean_percent_normal"
1.20992898888889,1.20921253520433,0.221884034974825,"tmean_percent_normal"
1.21858386666667,1.20921253520433,0.221884034974825,"tmean_percent_normal"
1.22723874444444,1.20921253520433,0.221884034974825,"tmean_percent_normal"
1.23589362222222,1.20921253520433,0.221884034974825,"tmean_percent_normal"
1.2445485,1.20921253520433,0.221884034974825,"tmean_percent_normal"
1.25320337777778,1.20921253520433,0.221884034974825,"tmean_percent_normal"
1.26185825555556,1.20921253520433,0.221884034974825,"tmean_percent_normal"
1.27051313333333,1.20921253520433,0.221884034974825,"tmean_percent_normal"
1.27916801111111,1.23174544245437,0.226018702979659,"tmean_percent_normal"
1.28782288888889,1.23174544245437,0.226018702979659,"tmean_percent_normal"
1.29647776666667,1.23174544245437,0.226018702979659,"tmean_percent_normal"
1.30513264444444,1.23174544245437,0.226018702979659,"tmean_percent_normal"
1.31378752222222,1.23174544245437,0.226018702979659,"tmean_percent_normal"
1.3224424,1.23174544245437,0.226018702979659,"tmean_percent_normal"
1.33109727777778,1.23174544245437,0.226018702979659,"tmean_percent_normal"
1.33975215555556,1.23174544245437,0.226018702979659,"tmean_percent_normal"
1.34840703333333,1.23174544245437,0.226018702979659,"tmean_percent_normal"
1.35706191111111,1.23174544245437,0.226018702979659,"tmean_percent_normal"
1.36571678888889,1.28205136970743,0.235249571662452,"tmean_percent_normal"
1.37437166666667,1.20643515091173,0.221374399806832,"tmean_percent_normal"
1.38302654444444,1.20643515091173,0.221374399806832,"tmean_percent_normal"
1.39168142222222,1.20643515091173,0.221374399806832,"tmean_percent_normal"
1.4003363,1.25943106245048,0.231098866223648,"tmean_percent_normal"
1.40899117777778,1.25943106245048,0.231098866223648,"tmean_percent_normal"
1.41764605555556,1.28613055108373,0.23599807963505,"tmean_percent_normal"
1.42630093333333,1.33006005603265,0.244058908917528,"tmean_percent_normal"
1.43495581111111,1.33942410019373,0.245777160954828,"tmean_percent_normal"
1.44361068888889,1.33942410019373,0.245777160954828,"tmean_percent_normal"
1.45226556666667,1.29226425423749,0.237123581369007,"tmean_percent_normal"
1.46092044444444,1.28105921286359,0.235067516186321,"tmean_percent_normal"
1.46957532222222,1.28105921286359,0.235067516186321,"tmean_percent_normal"
1.4782302,1.22606982059744,0.22497725671447,"tmean_percent_normal"
1.48688507777778,1.22606982059744,0.22497725671447,"tmean_percent_normal"
1.49553995555556,1.22606982059744,0.22497725671447,"tmean_percent_normal"
1.50419483333333,1.22606982059744,0.22497725671447,"tmean_percent_normal"
1.51284971111111,1.13254163100917,0.207815333987438,"tmean_percent_normal"
1.52150458888889,1.13254163100917,0.207815333987438,"tmean_percent_normal"
1.53015946666667,1.07030145145256,0.196394593815203,"tmean_percent_normal"
1.53881434444444,1.07030145145256,0.196394593815203,"tmean_percent_normal"
1.54746922222222,1.07030145145256,0.196394593815203,"tmean_percent_normal"
1.5561241,1.07030145145256,0.196394593815203,"tmean_percent_normal"
1.56477897777778,1.07030145145256,0.196394593815203,"tmean_percent_normal"
1.57343385555556,1.07030145145256,0.196394593815203,"tmean_percent_normal"
1.58208873333333,1.07030145145256,0.196394593815203,"tmean_percent_normal"
1.59074361111111,1.07030145145256,0.196394593815203,"tmean_percent_normal"
1.59939848888889,1.07030145145256,0.196394593815203,"tmean_percent_normal"
1.60805336666667,1.07030145145256,0.196394593815203,"tmean_percent_normal"
1.61670824444444,1.07030145145256,0.196394593815203,"tmean_percent_normal"
1.62536312222222,1.07030145145256,0.196394593815203,"tmean_percent_normal"
1.634018,1.07030145145256,0.196394593815203,"tmean_percent_normal"
1.64267287777778,1.07030145145256,0.196394593815203,"tmean_percent_normal"
1.65132775555556,1.07030145145256,0.196394593815203,"tmean_percent_normal"
1.65998263333333,1.07030145145256,0.196394593815203,"tmean_percent_normal"
1.66863751111111,1.07030145145256,0.196394593815203,"tmean_percent_normal"
1.67729238888889,1.07030145145256,0.196394593815203,"tmean_percent_normal"
1.68594726666667,1.07030145145256,0.196394593815203,"tmean_percent_normal"
1.69460214444444,1.07030145145256,0.196394593815203,"tmean_percent_normal"
1.70325702222222,1.07030145145256,0.196394593815203,"tmean_percent_normal"
1.7119119,1.07030145145256,0.196394593815203,"tmean_percent_normal"
152,1.26457452091878,0.232042663352313,"Ordinal_date"
153.151515151515,1.26457452091878,0.232042663352313,"Ordinal_date"
154.30303030303,1.26457452091878,0.232042663352313,"Ordinal_date"
155.454545454545,1.26457452091878,0.232042663352313,"Ordinal_date"
156.606060606061,1.26457452091878,0.232042663352313,"Ordinal_date"
157.757575757576,1.26457452091878,0.232042663352313,"Ordinal_date"
158.909090909091,1.26457452091878,0.232042663352313,"Ordinal_date"
160.060606060606,1.26457452091878,0.232042663352313,"Ordinal_date"
161.212121212121,1.26457452091878,0.232042663352313,"Ordinal_date"
162.363636363636,1.26457452091878,0.232042663352313,"Ordinal_date"
163.515151515152,1.26457452091878,0.232042663352313,"Ordinal_date"
164.666666666667,1.26457452091878,0.232042663352313,"Ordinal_date"
165.818181818182,1.26457452091878,0.232042663352313,"Ordinal_date"
166.969696969697,1.26457452091878,0.232042663352313,"Ordinal_date"
168.121212121212,1.26457452091878,0.232042663352313,"Ordinal_date"
169.272727272727,1.26457452091878,0.232042663352313,"Ordinal_date"
170.424242424242,1.26457452091878,0.232042663352313,"Ordinal_date"
171.575757575758,1.26457452091878,0.232042663352313,"Ordinal_date"
172.727272727273,1.26457452091878,0.232042663352313,"Ordinal_date"
173.878787878788,1.26457452091878,0.232042663352313,"Ordinal_date"
175.030303030303,1.26457452091878,0.232042663352313,"Ordinal_date"
176.181818181818,1.26457452091878,0.232042663352313,"Ordinal_date"
177.333333333333,1.26457452091878,0.232042663352313,"Ordinal_date"
178.484848484848,1.26457452091878,0.232042663352313,"Ordinal_date"
179.636363636364,1.26457452091878,0.232042663352313,"Ordinal_date"
180.787878787879,1.1902707438535,0.21840831753706,"Ordinal_date"
181.939393939394,1.07851780042036,0.197902249920858,"Ordinal_date"
183.090909090909,1.07851780042036,0.197902249920858,"Ordinal_date"
184.242424242424,1.07851780042036,0.197902249920858,"Ordinal_date"
185.393939393939,1.08522559344039,0.199133094075819,"Ordinal_date"
186.545454545455,1.08522559344039,0.199133094075819,"Ordinal_date"
187.69696969697,1.11329728003767,0.204284098476959,"Ordinal_date"
188.848484848485,1.11329728003767,0.204284098476959,"Ordinal_date"
190,1.10825463124209,0.203358799384244,"Ordinal_date"
191.151515151515,1.05368371584124,0.193345328179727,"Ordinal_date"
192.30303030303,1.14471030960028,0.210048221447251,"Ordinal_date"
193.454545454545,1.14471030960028,0.210048221447251,"Ordinal_date"
194.606060606061,1.19126417357512,0.218590606579457,"Ordinal_date"
195.757575757576,1.28565578327364,0.235910962280316,"Ordinal_date"
196.909090909091,1.28565578327364,0.235910962280316,"Ordinal_date"
198.060606060606,1.28565578327364,0.235910962280316,"Ordinal_date"
199.212121212121,1.20925473717565,0.221891778810923,"Ordinal_date"
200.363636363636,1.20925473717565,0.221891778810923,"Ordinal_date"
201.515151515152,1.27560807322083,0.234067261207205,"Ordinal_date"
202.666666666667,1.25455052379418,0.230203313474744,"Ordinal_date"
203.818181818182,1.24317834326517,0.22811657915073,"Ordinal_date"
204.969696969697,1.24317834326517,0.22811657915073,"Ordinal_date"
206.121212121212,1.31769715535069,0.24179038274248,"Ordinal_date"
207.272727272727,1.31769715535069,0.24179038274248,"Ordinal_date"
208.424242424242,1.44470916529635,0.265096407478855,"Ordinal_date"
209.575757575758,1.48048430475341,0.271660954292105,"Ordinal_date"
210.727272727273,1.47687581765004,0.270998816201951,"Ordinal_date"
211.878787878788,1.47687581765004,0.270998816201951,"Ordinal_date"
213.030303030303,1.37105629649776,0.251581499850362,"Ordinal_date"
214.181818181818,1.37105629649776,0.251581499850362,"Ordinal_date"
215.333333333333,1.37105629649776,0.251581499850362,"Ordinal_date"
216.484848484848,1.37105629649776,0.251581499850362,"Ordinal_date"
217.636363636364,1.33039571346069,0.24412050026093,"Ordinal_date"
218.787878787879,1.33039571346069,0.24412050026093,"Ordinal_date"
219.939393939394,1.31773869761858,0.241798005526527,"Ordinal_date"
221.090909090909,1.31773869761858,0.241798005526527,"Ordinal_date"
222.242424242424,1.31735040224378,0.241726755401329,"Ordinal_date"
223.393939393939,1.31735040224378,0.241726755401329,"Ordinal_date"
224.545454545455,1.53793746798761,0.282203302563676,"Ordinal_date"
225.69696969697,1.51395316690722,0.277802311551067,"Ordinal_date"
226.848484848485,1.29425360925182,0.237488617377753,"Ordinal_date"
228,1.29425360925182,0.237488617377753,"Ordinal_date"
229.151515151515,1.27160677021772,0.233333043499699,"Ordinal_date"
230.30303030303,1.27160677021772,0.233333043499699,"Ordinal_date"
231.454545454545,1.27160677021772,0.233333043499699,"Ordinal_date"
232.606060606061,1.27160677021772,0.233333043499699,"Ordinal_date"
233.757575757576,1.27160677021772,0.233333043499699,"Ordinal_date"
234.909090909091,1.27160677021772,0.233333043499699,"Ordinal_date"
236.060606060606,1.27160677021772,0.233333043499699,"Ordinal_date"
237.212121212121,1.27160677021772,0.233333043499699,"Ordinal_date"
238.363636363636,1.27160677021772,0.233333043499699,"Ordinal_date"
239.515151515152,1.27160677021772,0.233333043499699,"Ordinal_date"
240.666666666667,1.27160677021772,0.233333043499699,"Ordinal_date"
241.818181818182,1.27160677021772,0.233333043499699,"Ordinal_date"
242.969696969697,1.27160677021772,0.233333043499699,"Ordinal_date"
244.121212121212,1.27160677021772,0.233333043499699,"Ordinal_date"
245.272727272727,1.27160677021772,0.233333043499699,"Ordinal_date"
246.424242424242,1.27160677021772,0.233333043499699,"Ordinal_date"
247.575757575758,1.27160677021772,0.233333043499699,"Ordinal_date"
248.727272727273,1.27160677021772,0.233333043499699,"Ordinal_date"
249.878787878788,1.27160677021772,0.233333043499699,"Ordinal_date"
251.030303030303,1.27160677021772,0.233333043499699,"Ordinal_date"
252.181818181818,1.27160677021772,0.233333043499699,"Ordinal_date"
253.333333333333,1.27160677021772,0.233333043499699,"Ordinal_date"
254.484848484848,1.27160677021772,0.233333043499699,"Ordinal_date"
255.636363636364,1.27160677021772,0.233333043499699,"Ordinal_date"
256.787878787879,1.27160677021772,0.233333043499699,"Ordinal_date"
257.939393939394,1.27160677021772,0.233333043499699,"Ordinal_date"
259.090909090909,1.27160677021772,0.233333043499699,"Ordinal_date"
260.242424242424,1.27160677021772,0.233333043499699,"Ordinal_date"
261.393939393939,1.27160677021772,0.233333043499699,"Ordinal_date"
262.545454545455,1.27160677021772,0.233333043499699,"Ordinal_date"
263.69696969697,1.27160677021772,0.233333043499699,"Ordinal_date"
264.848484848485,1.27160677021772,0.233333043499699,"Ordinal_date"
266,1.27160677021772,0.233333043499699,"Ordinal_date"
0,1.29502243093401,0.237629692045815,"ppt_day"
0.069959595959596,0.940637479975762,0.172601948316973,"ppt_day"
0.139919191919192,0.940637479975762,0.172601948316973,"ppt_day"
0.209878787878788,0.88834968951692,0.163007418332245,"ppt_day"
0.279838383838384,0.847067155775129,0.155432294113851,"ppt_day"
0.34979797979798,0.805690515802571,0.147839901905263,"ppt_day"
0.419757575757576,0.7741518410577,0.142052723715807,"ppt_day"
0.489717171717172,0.685481739955568,0.125782234251487,"ppt_day"
0.559676767676768,0.669275638322475,0.122808501250154,"ppt_day"
0.629636363636364,0.669275638322475,0.122808501250154,"ppt_day"
0.69959595959596,0.700200962973578,0.12848313297677,"ppt_day"
0.769555555555556,0.700200962973578,0.12848313297677,"ppt_day"
0.839515151515152,0.700200962973578,0.12848313297677,"ppt_day"
0.909474747474747,0.700200962973578,0.12848313297677,"ppt_day"
0.979434343434343,0.708951753641345,0.130088856276898,"ppt_day"
1.04939393939394,0.837257739489021,0.153632318672857,"ppt_day"
1.11935353535354,0.883338676351268,0.162087924208477,"ppt_day"
1.18931313131313,0.883338676351268,0.162087924208477,"ppt_day"
1.25927272727273,0.900151269153621,0.165172945096674,"ppt_day"
1.32923232323232,1.1616013856131,0.213147643584947,"ppt_day"
1.39919191919192,1.51767413411505,0.278485089138998,"ppt_day"
1.46915151515152,1.49574813167668,0.274461784922199,"ppt_day"
1.53911111111111,1.49574813167668,0.274461784922199,"ppt_day"
1.60907070707071,1.58205255173984,0.290298184564335,"ppt_day"
1.6790303030303,1.58205255173984,0.290298184564335,"ppt_day"
1.7489898989899,1.58205255173984,0.290298184564335,"ppt_day"
1.81894949494949,1.58205255173984,0.290298184564335,"ppt_day"
1.88890909090909,1.58205255173984,0.290298184564335,"ppt_day"
1.95886868686869,1.58205255173984,0.290298184564335,"ppt_day"
2.02882828282828,1.51289633715687,0.277608388942375,"ppt_day"
2.09878787878788,1.51289633715687,0.277608388942375,"ppt_day"
2.16874747474747,1.51289633715687,0.277608388942375,"ppt_day"
2.23870707070707,1.51289633715687,0.277608388942375,"ppt_day"
2.30866666666667,1.51289633715687,0.277608388942375,"ppt_day"
2.37862626262626,1.51289633715687,0.277608388942375,"ppt_day"
2.44858585858586,1.51289633715687,0.277608388942375,"ppt_day"
2.51854545454545,1.46643220791622,0.269082469654114,"ppt_day"
2.58850505050505,1.48951740262475,0.273318479454693,"ppt_day"
2.65846464646465,1.48951740262475,0.273318479454693,"ppt_day"
2.72842424242424,1.48951740262475,0.273318479454693,"ppt_day"
2.79838383838384,1.48951740262475,0.273318479454693,"ppt_day"
2.86834343434343,1.48951740262475,0.273318479454693,"ppt_day"
2.93830303030303,1.48951740262475,0.273318479454693,"ppt_day"
3.00826262626263,1.48951740262475,0.273318479454693,"ppt_day"
3.07822222222222,1.48951740262475,0.273318479454693,"ppt_day"
3.14818181818182,1.48951740262475,0.273318479454693,"ppt_day"
3.21814141414141,1.48951740262475,0.273318479454693,"ppt_day"
3.28810101010101,1.48951740262475,0.273318479454693,"ppt_day"
3.35806060606061,1.48951740262475,0.273318479454693,"ppt_day"
3.4280202020202,1.48951740262475,0.273318479454693,"ppt_day"
3.4979797979798,1.48951740262475,0.273318479454693,"ppt_day"
3.56793939393939,1.48951740262475,0.273318479454693,"ppt_day"
3.63789898989899,1.48951740262475,0.273318479454693,"ppt_day"
3.70785858585859,1.48951740262475,0.273318479454693,"ppt_day"
3.77781818181818,1.48951740262475,0.273318479454693,"ppt_day"
3.84777777777778,1.48951740262475,0.273318479454693,"ppt_day"
3.91773737373737,1.48951740262475,0.273318479454693,"ppt_day"
3.98769696969697,1.48951740262475,0.273318479454693,"ppt_day"
4.05765656565657,1.48951740262475,0.273318479454693,"ppt_day"
4.12761616161616,1.48951740262475,0.273318479454693,"ppt_day"
4.19757575757576,1.48951740262475,0.273318479454693,"ppt_day"
4.26753535353535,1.48951740262475,0.273318479454693,"ppt_day"
4.33749494949495,1.48951740262475,0.273318479454693,"ppt_day"
4.40745454545455,1.48951740262475,0.273318479454693,"ppt_day"
4.47741414141414,1.48951740262475,0.273318479454693,"ppt_day"
4.54737373737374,1.48951740262475,0.273318479454693,"ppt_day"
4.61733333333333,1.48951740262475,0.273318479454693,"ppt_day"
4.68729292929293,1.48951740262475,0.273318479454693,"ppt_day"
4.75725252525253,1.48951740262475,0.273318479454693,"ppt_day"
4.82721212121212,1.48951740262475,0.273318479454693,"ppt_day"
4.89717171717172,1.48951740262475,0.273318479454693,"ppt_day"
4.96713131313131,1.48951740262475,0.273318479454693,"ppt_day"
5.03709090909091,1.48951740262475,0.273318479454693,"ppt_day"
5.1070505050505,1.48951740262475,0.273318479454693,"ppt_day"
5.1770101010101,1.48951740262475,0.273318479454693,"ppt_day"
5.2469696969697,1.48951740262475,0.273318479454693,"ppt_day"
5.31692929292929,1.48951740262475,0.273318479454693,"ppt_day"
5.38688888888889,1.48951740262475,0.273318479454693,"ppt_day"
5.45684848484848,1.48951740262475,0.273318479454693,"ppt_day"
5.52680808080808,1.48951740262475,0.273318479454693,"ppt_day"
5.59676767676768,1.48951740262475,0.273318479454693,"ppt_day"
5.66672727272727,1.48951740262475,0.273318479454693,"ppt_day"
5.73668686868687,1.48951740262475,0.273318479454693,"ppt_day"
5.80664646464646,1.48951740262475,0.273318479454693,"ppt_day"
5.87660606060606,1.48951740262475,0.273318479454693,"ppt_day"
5.94656565656566,1.48951740262475,0.273318479454693,"ppt_day"
6.01652525252525,1.48951740262475,0.273318479454693,"ppt_day"
6.08648484848485,1.48951740262475,0.273318479454693,"ppt_day"
6.15644444444444,1.48951740262475,0.273318479454693,"ppt_day"
6.22640404040404,1.48951740262475,0.273318479454693,"ppt_day"
6.29636363636364,1.48951740262475,0.273318479454693,"ppt_day"
6.36632323232323,1.48951740262475,0.273318479454693,"ppt_day"
6.43628282828283,1.48951740262475,0.273318479454693,"ppt_day"
6.50624242424242,1.48951740262475,0.273318479454693,"ppt_day"
6.57620202020202,1.48951740262475,0.273318479454693,"ppt_day"
6.64616161616162,1.48951740262475,0.273318479454693,"ppt_day"
6.71612121212121,1.48951740262475,0.273318479454693,"ppt_day"
6.78608080808081,1.48951740262475,0.273318479454693,"ppt_day"
6.8560404040404,1.48951740262475,0.273318479454693,"ppt_day"
6.926,1.48951740262475,0.273318479454693,"ppt_day"
4.5,1.13239374287915,0.207788197306284,"Max_SWE"
4.67474747474748,1.13239374287915,0.207788197306284,"Max_SWE"
4.84949494949495,1.13239374287915,0.207788197306284,"Max_SWE"
5.02424242424242,1.13239374287915,0.207788197306284,"Max_SWE"
5.1989898989899,1.13239374287915,0.207788197306284,"Max_SWE"
5.37373737373737,1.13239374287915,0.207788197306284,"Max_SWE"
5.54848484848485,1.13239374287915,0.207788197306284,"Max_SWE"
5.72323232323232,1.13239374287915,0.207788197306284,"Max_SWE"
5.8979797979798,1.13239374287915,0.207788197306284,"Max_SWE"
6.07272727272727,1.13239374287915,0.207788197306284,"Max_SWE"
6.24747474747475,1.13239374287915,0.207788197306284,"Max_SWE"
6.42222222222222,1.13239374287915,0.207788197306284,"Max_SWE"
6.5969696969697,1.13239374287915,0.207788197306284,"Max_SWE"
6.77171717171717,1.13239374287915,0.207788197306284,"Max_SWE"
6.94646464646465,1.13239374287915,0.207788197306284,"Max_SWE"
7.12121212121212,1.13239374287915,0.207788197306284,"Max_SWE"
7.2959595959596,1.13239374287915,0.207788197306284,"Max_SWE"
7.47070707070707,1.13239374287915,0.207788197306284,"Max_SWE"
7.64545454545455,1.13239374287915,0.207788197306284,"Max_SWE"
7.82020202020202,1.13239374287915,0.207788197306284,"Max_SWE"
7.99494949494949,1.13239374287915,0.207788197306284,"Max_SWE"
8.16969696969697,1.13239374287915,0.207788197306284,"Max_SWE"
8.34444444444444,1.13239374287915,0.207788197306284,"Max_SWE"
8.51919191919192,1.13239374287915,0.207788197306284,"Max_SWE"
8.6939393939394,1.13239374287915,0.207788197306284,"Max_SWE"
8.86868686868687,1.13239374287915,0.207788197306284,"Max_SWE"
9.04343434343434,1.13239374287915,0.207788197306284,"Max_SWE"
9.21818181818182,1.13239374287915,0.207788197306284,"Max_SWE"
9.39292929292929,1.13239374287915,0.207788197306284,"Max_SWE"
9.56767676767677,1.33518300500512,0.244998942663365,"Max_SWE"
9.74242424242424,1.33518300500512,0.244998942663365,"Max_SWE"
9.91717171717172,1.33518300500512,0.244998942663365,"Max_SWE"
10.0919191919192,1.33518300500512,0.244998942663365,"Max_SWE"
10.2666666666667,1.33518300500512,0.244998942663365,"Max_SWE"
10.4414141414141,1.33518300500512,0.244998942663365,"Max_SWE"
10.6161616161616,1.33518300500512,0.244998942663365,"Max_SWE"
10.7909090909091,1.33518300500512,0.244998942663365,"Max_SWE"
10.9656565656566,1.33518300500512,0.244998942663365,"Max_SWE"
11.140404040404,1.33518300500512,0.244998942663365,"Max_SWE"
11.3151515151515,1.33518300500512,0.244998942663365,"Max_SWE"
11.489898989899,1.33518300500512,0.244998942663365,"Max_SWE"
11.6646464646465,1.33518300500512,0.244998942663365,"Max_SWE"
11.8393939393939,1.33518300500512,0.244998942663365,"Max_SWE"
12.0141414141414,1.33518300500512,0.244998942663365,"Max_SWE"
12.1888888888889,1.33518300500512,0.244998942663365,"Max_SWE"
12.3636363636364,1.33518300500512,0.244998942663365,"Max_SWE"
12.5383838383838,1.33518300500512,0.244998942663365,"Max_SWE"
12.7131313131313,1.33518300500512,0.244998942663365,"Max_SWE"
12.8878787878788,1.33518300500512,0.244998942663365,"Max_SWE"
13.0626262626263,1.33518300500512,0.244998942663365,"Max_SWE"
13.2373737373737,1.33518300500512,0.244998942663365,"Max_SWE"
13.4121212121212,1.33518300500512,0.244998942663365,"Max_SWE"
13.5868686868687,1.33518300500512,0.244998942663365,"Max_SWE"
13.7616161616162,1.33518300500512,0.244998942663365,"Max_SWE"
13.9363636363636,1.33518300500512,0.244998942663365,"Max_SWE"
14.1111111111111,1.33518300500512,0.244998942663365,"Max_SWE"
14.2858585858586,1.33518300500512,0.244998942663365,"Max_SWE"
14.4606060606061,1.33518300500512,0.244998942663365,"Max_SWE"
14.6353535353535,1.33518300500512,0.244998942663365,"Max_SWE"
14.810101010101,1.33518300500512,0.244998942663365,"Max_SWE"
14.9848484848485,1.33518300500512,0.244998942663365,"Max_SWE"
15.159595959596,1.33518300500512,0.244998942663365,"Max_SWE"
15.3343434343434,1.33518300500512,0.244998942663365,"Max_SWE"
15.5090909090909,1.33518300500512,0.244998942663365,"Max_SWE"
15.6838383838384,1.33518300500512,0.244998942663365,"Max_SWE"
15.8585858585859,1.33518300500512,0.244998942663365,"Max_SWE"
16.0333333333333,1.33518300500512,0.244998942663365,"Max_SWE"
16.2080808080808,1.2914796047598,0.236979602385097,"Max_SWE"
16.3828282828283,1.28637196992531,0.236042378701698,"Max_SWE"
16.5575757575758,1.28637196992531,0.236042378701698,"Max_SWE"
16.7323232323232,1.28637196992531,0.236042378701698,"Max_SWE"
16.9070707070707,1.28637196992531,0.236042378701698,"Max_SWE"
17.0818181818182,1.28637196992531,0.236042378701698,"Max_SWE"
17.2565656565657,1.28637196992531,0.236042378701698,"Max_SWE"
17.4313131313131,1.28637196992531,0.236042378701698,"Max_SWE"
17.6060606060606,1.28637196992531,0.236042378701698,"Max_SWE"
17.7808080808081,1.28637196992531,0.236042378701698,"Max_SWE"
17.9555555555556,1.28151511644294,0.235151172055576,"Max_SWE"
18.130303030303,1.28151511644294,0.235151172055576,"Max_SWE"
18.3050505050505,1.28151511644294,0.235151172055576,"Max_SWE"
18.479797979798,1.28151511644294,0.235151172055576,"Max_SWE"
18.6545454545455,1.28151511644294,0.235151172055576,"Max_SWE"
18.8292929292929,1.28151511644294,0.235151172055576,"Max_SWE"
19.0040404040404,1.28151511644294,0.235151172055576,"Max_SWE"
19.1787878787879,1.28151511644294,0.235151172055576,"Max_SWE"
19.3535353535354,1.28151511644294,0.235151172055576,"Max_SWE"
19.5282828282828,1.28151511644294,0.235151172055576,"Max_SWE"
19.7030303030303,1.28151511644294,0.235151172055576,"Max_SWE"
19.8777777777778,1.3571033153597,0.249021202413222,"Max_SWE"
20.0525252525253,1.3571033153597,0.249021202413222,"Max_SWE"
20.2272727272727,1.3571033153597,0.249021202413222,"Max_SWE"
20.4020202020202,1.3571033153597,0.249021202413222,"Max_SWE"
20.5767676767677,1.3571033153597,0.249021202413222,"Max_SWE"
20.7515151515152,1.3571033153597,0.249021202413222,"Max_SWE"
20.9262626262626,1.3571033153597,0.249021202413222,"Max_SWE"
21.1010101010101,1.3571033153597,0.249021202413222,"Max_SWE"
21.2757575757576,1.3571033153597,0.249021202413222,"Max_SWE"
21.4505050505051,1.3571033153597,0.249021202413222,"Max_SWE"
21.6252525252525,1.3571033153597,0.249021202413222,"Max_SWE"
21.8,1.3571033153597,0.249021202413222,"Max_SWE"
0,1.17639641094075,0.215862451628761,"site_type_num"
0.0101010101010101,1.17639641094075,0.215862451628761,"site_type_num"
0.0202020202020202,1.17639641094075,0.215862451628761,"site_type_num"
0.0303030303030303,1.17639641094075,0.215862451628761,"site_type_num"
0.0404040404040404,1.17639641094075,0.215862451628761,"site_type_num"
0.0505050505050505,1.17639641094075,0.215862451628761,"site_type_num"
0.0606060606060606,1.17639641094075,0.215862451628761,"site_type_num"
0.0707070707070707,1.17639641094075,0.215862451628761,"site_type_num"
0.0808080808080808,1.17639641094075,0.215862451628761,"site_type_num"
0.0909090909090909,1.17639641094075,0.215862451628761,"site_type_num"
0.101010101010101,1.17639641094075,0.215862451628761,"site_type_num"
0.111111111111111,1.17639641094075,0.215862451628761,"site_type_num"
0.121212121212121,1.17639641094075,0.215862451628761,"site_type_num"
0.131313131313131,1.17639641094075,0.215862451628761,"site_type_num"
0.141414141414141,1.17639641094075,0.215862451628761,"site_type_num"
0.151515151515152,1.17639641094075,0.215862451628761,"site_type_num"
0.161616161616162,1.17639641094075,0.215862451628761,"site_type_num"
0.171717171717172,1.17639641094075,0.215862451628761,"site_type_num"
0.181818181818182,1.17639641094075,0.215862451628761,"site_type_num"
0.191919191919192,1.17639641094075,0.215862451628761,"site_type_num"
0.202020202020202,1.17639641094075,0.215862451628761,"site_type_num"
0.212121212121212,1.17639641094075,0.215862451628761,"site_type_num"
0.222222222222222,1.17639641094075,0.215862451628761,"site_type_num"
0.232323232323232,1.17639641094075,0.215862451628761,"site_type_num"
0.242424242424242,1.17639641094075,0.215862451628761,"site_type_num"
0.252525252525253,1.17639641094075,0.215862451628761,"site_type_num"
0.262626262626263,1.17639641094075,0.215862451628761,"site_type_num"
0.272727272727273,1.17639641094075,0.215862451628761,"site_type_num"
0.282828282828283,1.17639641094075,0.215862451628761,"site_type_num"
0.292929292929293,1.17639641094075,0.215862451628761,"site_type_num"
0.303030303030303,1.17639641094075,0.215862451628761,"site_type_num"
0.313131313131313,1.17639641094075,0.215862451628761,"site_type_num"
0.323232323232323,1.17639641094075,0.215862451628761,"site_type_num"
0.333333333333333,1.17639641094075,0.215862451628761,"site_type_num"
0.343434343434343,1.17639641094075,0.215862451628761,"site_type_num"
0.353535353535354,1.17639641094075,0.215862451628761,"site_type_num"
0.363636363636364,1.17639641094075,0.215862451628761,"site_type_num"
0.373737373737374,1.17639641094075,0.215862451628761,"site_type_num"
0.383838383838384,1.17639641094075,0.215862451628761,"site_type_num"
0.393939393939394,1.17639641094075,0.215862451628761,"site_type_num"
0.404040404040404,1.17639641094075,0.215862451628761,"site_type_num"
0.414141414141414,1.17639641094075,0.215862451628761,"site_type_num"
0.424242424242424,1.17639641094075,0.215862451628761,"site_type_num"
0.434343434343434,1.17639641094075,0.215862451628761,"site_type_num"
0.444444444444444,1.17639641094075,0.215862451628761,"site_type_num"
0.454545454545455,1.17639641094075,0.215862451628761,"site_type_num"
0.464646464646465,1.17639641094075,0.215862451628761,"site_type_num"
0.474747474747475,1.17639641094075,0.215862451628761,"site_type_num"
0.484848484848485,1.17639641094075,0.215862451628761,"site_type_num"
0.494949494949495,1.17639641094075,0.215862451628761,"site_type_num"
0.505050505050505,1.41009620040522,0.258745113484711,"site_type_num"
0.515151515151515,1.41009620040522,0.258745113484711,"site_type_num"
0.525252525252525,1.41009620040522,0.258745113484711,"site_type_num"
0.535353535353535,1.41009620040522,0.258745113484711,"site_type_num"
0.545454545454546,1.41009620040522,0.258745113484711,"site_type_num"
0.555555555555556,1.41009620040522,0.258745113484711,"site_type_num"
0.565656565656566,1.41009620040522,0.258745113484711,"site_type_num"
0.575757575757576,1.41009620040522,0.258745113484711,"site_type_num"
0.585858585858586,1.41009620040522,0.258745113484711,"site_type_num"
0.595959595959596,1.41009620040522,0.258745113484711,"site_type_num"
0.606060606060606,1.41009620040522,0.258745113484711,"site_type_num"
0.616161616161616,1.41009620040522,0.258745113484711,"site_type_num"
0.626262626262626,1.41009620040522,0.258745113484711,"site_type_num"
0.636363636363636,1.41009620040522,0.258745113484711,"site_type_num"
0.646464646464647,1.41009620040522,0.258745113484711,"site_type_num"
0.656565656565657,1.41009620040522,0.258745113484711,"site_type_num"
0.666666666666667,1.41009620040522,0.258745113484711,"site_type_num"
0.676767676767677,1.41009620040522,0.258745113484711,"site_type_num"
0.686868686868687,1.41009620040522,0.258745113484711,"site_type_num"
0.696969696969697,1.41009620040522,0.258745113484711,"site_type_num"
0.707070707070707,1.41009620040522,0.258745113484711,"site_type_num"
0.717171717171717,1.41009620040522,0.258745113484711,"site_type_num"
0.727272727272727,1.41009620040522,0.258745113484711,"site_type_num"
0.737373737373737,1.41009620040522,0.258745113484711,"site_type_num"
0.747474747474748,1.41009620040522,0.258745113484711,"site_type_num"
0.757575757575758,1.41009620040522,0.258745113484711,"site_type_num"
0.767676767676768,1.41009620040522,0.258745113484711,"site_type_num"
0.777777777777778,1.41009620040522,0.258745113484711,"site_type_num"
0.787878787878788,1.41009620040522,0.258745113484711,"site_type_num"
0.797979797979798,1.41009620040522,0.258745113484711,"site_type_num"
0.808080808080808,1.41009620040522,0.258745113484711,"site_type_num"
0.818181818181818,1.41009620040522,0.258745113484711,"site_type_num"
0.828282828282828,1.41009620040522,0.258745113484711,"site_type_num"
0.838383838383838,1.41009620040522,0.258745113484711,"site_type_num"
0.848484848484849,1.41009620040522,0.258745113484711,"site_type_num"
0.858585858585859,1.41009620040522,0.258745113484711,"site_type_num"
0.868686868686869,1.41009620040522,0.258745113484711,"site_type_num"
0.878787878787879,1.41009620040522,0.258745113484711,"site_type_num"
0.888888888888889,1.41009620040522,0.258745113484711,"site_type_num"
0.898989898989899,1.41009620040522,0.258745113484711,"site_type_num"
0.909090909090909,1.41009620040522,0.258745113484711,"site_type_num"
0.919191919191919,1.41009620040522,0.258745113484711,"site_type_num"
0.929292929292929,1.41009620040522,0.258745113484711,"site_type_num"
0.939393939393939,1.41009620040522,0.258745113484711,"site_type_num"
0.94949494949495,1.41009620040522,0.258745113484711,"site_type_num"
0.95959595959596,1.41009620040522,0.258745113484711,"site_type_num"
0.96969696969697,1.41009620040522,0.258745113484711,"site_type_num"
0.97979797979798,1.41009620040522,0.258745113484711,"site_type_num"
0.98989898989899,1.41009620040522,0.258745113484711,"site_type_num"
1,1.41009620040522,0.258745113484711,"site_type_num"
