2.62251872767681
3.12056221701495
1.84527173766832
2.58052662644081
1.40750268880885
2.71563906352349
1.1346781371052
1.55900217944503
0.709726058749076
1.98370482466366
0.189123307278102
-0.0519276016541688
1.23373959813002
1.40059493646516
0.974884689627693
0.916968023675272
0.800417025575659
2.00260062961896
1.06301553385003
0.247502849045747
0.759683937387878
0.604272107151101
0.480830004317768
1.28583881247366
0.204113548962591
0.926305023988745
0.934163106501992
0.565187070744985
2.33961437432944
2.00200501688314
2.04930742662486
1.60004862537836
1.98370482466366
0.709726058749076
2.53373276124103
1.8006201500097
1.57868885672514
2.01047501939775
1.18008676657705
2.6752294030015
0.877646713492305
0.541185290264909
2.40411409828389
1.01677990976977
1.1507672519063
2.01681518255092
2.11149215793175
1.1038118059089
1.93813427936085
0.922649847650538
2.28119747890643
1.68939634334664
1.68170197825488
1.81265465784041
1.51800423117282
1.65999623875687
1.3767895038089
0.974977440466206
0.922718425700004
2.30758872599105
1.79690262032996
0.143088164787865
-0.300069669043774
0.143088164787865
-0.300069669043774
1.83475780946246
1.75512925948418
2.21589236510435
1.28147680095482
0.924002216523228
1.84596360718575
1.28994702425275
1.25014963051754
1.98460174408492
0.994685713332377
1.60678674728283
0.776570644475631
1.83902338172387
1.67800648235457
1.76984747835011
1.41701388097432
0.910092826345547
0.84861377901861
0.286876945951186
0.588059813884354
1.72048268369414
1.44968787318428
3.21910440572498
0.36752400919025
1.30268336709067
2.90507810076313
1.07643848384155
0.464294481139508
0.319942135343546
1.39698837210069
1.67675006531341
1.13697482021743
-0.0394913981522041
1.4061075139989
1.81952026277138
1.84675036320279
1.46058666700904
1.40495777778417
2.06079942973494
2.12225277520708
1.80891899504658
1.88556043916659
1.85453912999152
1.53947271062355
1.0555686080849
1.29390989067328
1.83475780946246
0.143088164787865
1.75512925948418
2.21589236510435
-0.300069669043774
1.28147680095482
0.924002216523228
1.84596360718575
-0.548738601507193
-0.698094422876507
0.966470641078059
0.674349040098669
0.669371889074794
1.06763624004533
0.992680515046114
0.683448721361919
0.434131399969248
1.57304228547875
1.0548429442859
0.464201740233969
0.656672351833329
1.38088926345771
0.75274617201988
2.15490381160232
-0.128611117557813
0.893891030585892
-0.456394547357418
0.468806316097141
1.69866285053042
1.31420290574527
0.247502849045747
1.06301553385003
1.81688974431683
1.34647321074131
2.23375394194431
1.94344699423973
