"Value","Chl_a","Chl_a_modified","Var"
0,1.77254787865725,0.325253058542003,"ppt_week"
0.273141414141414,1.36069281287659,0.249679856015788,"ppt_week"
0.546282828282828,1.36069281287659,0.249679856015788,"ppt_week"
0.819424242424242,1.33508537001104,0.244981027163971,"ppt_week"
1.09256565656566,1.36206375829807,0.249931417170666,"ppt_week"
1.36570707070707,1.12215853770837,0.205910091881499,"ppt_week"
1.63884848484848,1.10328080868,0.202446129537386,"ppt_week"
1.9119898989899,1.59027621440198,0.291807182693799,"ppt_week"
2.18513131313131,1.69804965132387,0.31158303214221,"ppt_week"
2.45827272727273,1.67594053153425,0.307526126870522,"ppt_week"
2.73141414141414,1.54785426333267,0.284022981487869,"ppt_week"
3.00455555555556,1.54785426333267,0.284022981487869,"ppt_week"
3.27769696969697,1.53604522318474,0.281856085759518,"ppt_week"
3.55083838383838,1.53604522318474,0.281856085759518,"ppt_week"
3.8239797979798,1.55601328347448,0.285520118060473,"ppt_week"
4.09712121212121,1.54334460176487,0.283195482701755,"ppt_week"
4.37026262626263,1.56241590911238,0.286694965632434,"ppt_week"
4.64340404040404,1.52600194970556,0.280013198773948,"ppt_week"
4.91654545454545,1.51031901234718,0.277135463619848,"ppt_week"
5.18968686868687,1.48466634096682,0.272428335577387,"ppt_week"
5.46282828282828,1.30125060613414,0.238772528895171,"ppt_week"
5.7359696969697,1.11972256850861,0.205463104557614,"ppt_week"
6.00911111111111,1.04765579903956,0.192239237675775,"ppt_week"
6.28225252525252,0.860082467102011,0.15782053415403,"ppt_week"
6.55539393939394,0.890668613616224,0.163432928505994,"ppt_week"
6.82853535353535,0.873606578989517,0.160302136376706,"ppt_week"
7.10167676767677,0.873606578989517,0.160302136376706,"ppt_week"
7.37481818181818,0.926651274181392,0.170035554333041,"ppt_week"
7.6479595959596,0.910955103982769,0.167155391023509,"ppt_week"
7.92110101010101,0.910955103982769,0.167155391023509,"ppt_week"
8.19424242424242,0.910955103982769,0.167155391023509,"ppt_week"
8.46738383838384,0.910955103982769,0.167155391023509,"ppt_week"
8.74052525252525,0.910955103982769,0.167155391023509,"ppt_week"
9.01366666666667,0.782855759713057,0.143649846252266,"ppt_week"
9.28680808080808,0.782855759713057,0.143649846252266,"ppt_week"
9.55994949494949,0.782855759713057,0.143649846252266,"ppt_week"
9.83309090909091,0.805499132252279,0.147804784047045,"ppt_week"
10.1062323232323,0.896331334274703,0.164472007470244,"ppt_week"
10.3793737373737,0.896331334274703,0.164472007470244,"ppt_week"
10.6525151515152,0.896331334274703,0.164472007470244,"ppt_week"
10.9256565656566,0.896331334274703,0.164472007470244,"ppt_week"
11.198797979798,0.896331334274703,0.164472007470244,"ppt_week"
11.4719393939394,0.836103626961677,0.153420545194724,"ppt_week"
11.7450808080808,0.836103626961677,0.153420545194724,"ppt_week"
12.0182222222222,0.793556707384665,0.145613412935794,"ppt_week"
12.2913636363636,0.793556707384665,0.145613412935794,"ppt_week"
12.564505050505,0.866578730921938,0.159012563831743,"ppt_week"
12.8376464646465,0.866578730921938,0.159012563831743,"ppt_week"
13.1107878787879,0.866578730921938,0.159012563831743,"ppt_week"
13.3839292929293,0.866578730921938,0.159012563831743,"ppt_week"
13.6570707070707,0.866578730921938,0.159012563831743,"ppt_week"
13.9302121212121,0.866578730921938,0.159012563831743,"ppt_week"
14.2033535353535,0.908045017097888,0.166621405639347,"ppt_week"
14.4764949494949,0.908045017097888,0.166621405639347,"ppt_week"
14.7496363636364,0.953925067106218,0.175040149511345,"ppt_week"
15.0227777777778,0.953925067106218,0.175040149511345,"ppt_week"
15.2959191919192,0.953925067106218,0.175040149511345,"ppt_week"
15.5690606060606,0.953925067106218,0.175040149511345,"ppt_week"
15.842202020202,0.953925067106218,0.175040149511345,"ppt_week"
16.1153434343434,1.0053166256419,0.184470225730011,"ppt_week"
16.3884848484848,1.08510127555024,0.199110282407661,"ppt_week"
16.6616262626263,1.24760432519299,0.228928723170314,"ppt_week"
16.9347676767677,1.24760432519299,0.228928723170314,"ppt_week"
17.2079090909091,1.24760432519299,0.228928723170314,"ppt_week"
17.4810505050505,1.36579358829538,0.250615821033078,"ppt_week"
17.7541919191919,1.36579358829538,0.250615821033078,"ppt_week"
18.0273333333333,1.45502746126657,0.266989759621082,"ppt_week"
18.3004747474747,1.45502746126657,0.266989759621082,"ppt_week"
18.5736161616162,1.58772401216284,0.291338867228647,"ppt_week"
18.8467575757576,1.5684326822378,0.287799011331374,"ppt_week"
19.119898989899,1.5684326822378,0.287799011331374,"ppt_week"
19.3930404040404,1.5684326822378,0.287799011331374,"ppt_week"
19.6661818181818,1.5684326822378,0.287799011331374,"ppt_week"
19.9393232323232,1.5684326822378,0.287799011331374,"ppt_week"
20.2124646464646,1.5684326822378,0.287799011331374,"ppt_week"
20.4856060606061,1.5684326822378,0.287799011331374,"ppt_week"
20.7587474747475,1.5684326822378,0.287799011331374,"ppt_week"
21.0318888888889,1.5684326822378,0.287799011331374,"ppt_week"
21.3050303030303,1.5684326822378,0.287799011331374,"ppt_week"
21.5781717171717,1.5684326822378,0.287799011331374,"ppt_week"
21.8513131313131,1.5684326822378,0.287799011331374,"ppt_week"
22.1244545454545,1.5684326822378,0.287799011331374,"ppt_week"
22.397595959596,1.5684326822378,0.287799011331374,"ppt_week"
22.6707373737374,1.5684326822378,0.287799011331374,"ppt_week"
22.9438787878788,1.5684326822378,0.287799011331374,"ppt_week"
23.2170202020202,1.5684326822378,0.287799011331374,"ppt_week"
23.4901616161616,1.5684326822378,0.287799011331374,"ppt_week"
23.763303030303,1.5684326822378,0.287799011331374,"ppt_week"
24.0364444444444,1.5684326822378,0.287799011331374,"ppt_week"
24.3095858585859,1.5684326822378,0.287799011331374,"ppt_week"
24.5827272727273,1.5684326822378,0.287799011331374,"ppt_week"
24.8558686868687,1.5684326822378,0.287799011331374,"ppt_week"
25.1290101010101,1.5684326822378,0.287799011331374,"ppt_week"
25.4021515151515,1.5684326822378,0.287799011331374,"ppt_week"
25.6752929292929,1.5684326822378,0.287799011331374,"ppt_week"
25.9484343434343,1.5684326822378,0.287799011331374,"ppt_week"
26.2215757575758,1.5684326822378,0.287799011331374,"ppt_week"
26.4947171717172,1.5684326822378,0.287799011331374,"ppt_week"
26.7678585858586,1.5684326822378,0.287799011331374,"ppt_week"
27.041,1.5684326822378,0.287799011331374,"ppt_week"
2.403333,1.25050632696818,0.229461224980075,"tmean_month"
2.52528957575758,1.25050632696818,0.229461224980075,"tmean_month"
2.64724615151515,1.25050632696818,0.229461224980075,"tmean_month"
2.76920272727273,1.25050632696818,0.229461224980075,"tmean_month"
2.8911593030303,1.25050632696818,0.229461224980075,"tmean_month"
3.01311587878788,1.25050632696818,0.229461224980075,"tmean_month"
3.13507245454545,1.25050632696818,0.229461224980075,"tmean_month"
3.25702903030303,1.25050632696818,0.229461224980075,"tmean_month"
3.37898560606061,1.25050632696818,0.229461224980075,"tmean_month"
3.50094218181818,1.25050632696818,0.229461224980075,"tmean_month"
3.62289875757576,1.25050632696818,0.229461224980075,"tmean_month"
3.74485533333333,1.25050632696818,0.229461224980075,"tmean_month"
3.86681190909091,1.25050632696818,0.229461224980075,"tmean_month"
3.98876848484848,1.25050632696818,0.229461224980075,"tmean_month"
4.11072506060606,1.25050632696818,0.229461224980075,"tmean_month"
4.23268163636364,1.25050632696818,0.229461224980075,"tmean_month"
4.35463821212121,1.25050632696818,0.229461224980075,"tmean_month"
4.47659478787879,1.25050632696818,0.229461224980075,"tmean_month"
4.59855136363636,1.25050632696818,0.229461224980075,"tmean_month"
4.72050793939394,1.25050632696818,0.229461224980075,"tmean_month"
4.84246451515151,1.25050632696818,0.229461224980075,"tmean_month"
4.96442109090909,1.25050632696818,0.229461224980075,"tmean_month"
5.08637766666667,1.25050632696818,0.229461224980075,"tmean_month"
5.20833424242424,1.25050632696818,0.229461224980075,"tmean_month"
5.33029081818182,1.25050632696818,0.229461224980075,"tmean_month"
5.45224739393939,1.25050632696818,0.229461224980075,"tmean_month"
5.57420396969697,1.25050632696818,0.229461224980075,"tmean_month"
5.69616054545454,1.25050632696818,0.229461224980075,"tmean_month"
5.81811712121212,1.25050632696818,0.229461224980075,"tmean_month"
5.9400736969697,1.25050632696818,0.229461224980075,"tmean_month"
6.06203027272727,1.25050632696818,0.229461224980075,"tmean_month"
6.18398684848485,1.25050632696818,0.229461224980075,"tmean_month"
6.30594342424242,1.25050632696818,0.229461224980075,"tmean_month"
6.4279,1.25050632696818,0.229461224980075,"tmean_month"
6.54985657575758,1.25050632696818,0.229461224980075,"tmean_month"
6.67181315151515,1.25050632696818,0.229461224980075,"tmean_month"
6.79376972727273,1.25050632696818,0.229461224980075,"tmean_month"
6.9157263030303,1.25050632696818,0.229461224980075,"tmean_month"
7.03768287878788,1.25050632696818,0.229461224980075,"tmean_month"
7.15963945454545,1.25050632696818,0.229461224980075,"tmean_month"
7.28159603030303,1.25050632696818,0.229461224980075,"tmean_month"
7.40355260606061,1.25050632696818,0.229461224980075,"tmean_month"
7.52550918181818,1.25050632696818,0.229461224980075,"tmean_month"
7.64746575757576,1.25050632696818,0.229461224980075,"tmean_month"
7.76942233333333,1.25050632696818,0.229461224980075,"tmean_month"
7.89137890909091,1.25050632696818,0.229461224980075,"tmean_month"
8.01333548484848,1.25050632696818,0.229461224980075,"tmean_month"
8.13529206060606,1.25050632696818,0.229461224980075,"tmean_month"
8.25724863636364,1.25050632696818,0.229461224980075,"tmean_month"
8.37920521212121,1.25050632696818,0.229461224980075,"tmean_month"
8.50116178787879,1.25050632696818,0.229461224980075,"tmean_month"
8.62311836363636,1.25050632696818,0.229461224980075,"tmean_month"
8.74507493939394,1.25050632696818,0.229461224980075,"tmean_month"
8.86703151515152,1.25050632696818,0.229461224980075,"tmean_month"
8.98898809090909,1.25050632696818,0.229461224980075,"tmean_month"
9.11094466666666,1.52540124535766,0.279902972737863,"tmean_month"
9.23290124242424,1.5930174551455,0.292310185713783,"tmean_month"
9.35485781818182,1.5930174551455,0.292310185713783,"tmean_month"
9.47681439393939,1.62809869940748,0.298747406468751,"tmean_month"
9.59877096969697,1.65768525413357,0.304176381072061,"tmean_month"
9.72072754545454,1.65768525413357,0.304176381072061,"tmean_month"
9.84268412121212,1.62096650916253,0.297438687692122,"tmean_month"
9.9646406969697,1.18359663075604,0.217183653467817,"tmean_month"
10.0865972727273,1.18359663075604,0.217183653467817,"tmean_month"
10.2085538484848,1.15646509747193,0.212205162172973,"tmean_month"
10.3305104242424,1.15646509747193,0.212205162172973,"tmean_month"
10.452467,1.03084722708846,0.189154954592285,"tmean_month"
10.5744235757576,1.26997974421581,0.233034492927485,"tmean_month"
10.6963801515152,1.18819654360109,0.218027712880764,"tmean_month"
10.8183367272727,1.03825370790121,0.19051400422157,"tmean_month"
10.9402933030303,1.26013297204232,0.231227662880885,"tmean_month"
11.0622498787879,1.28175861240558,0.235195852262833,"tmean_month"
11.1842064545455,1.24413725325108,0.22829253400619,"tmean_month"
11.306163030303,1.32534658602706,0.243194012372772,"tmean_month"
11.4281196060606,1.3853455281561,0.254203497460158,"tmean_month"
11.5500761818182,1.38280895437358,0.253738049733236,"tmean_month"
11.6720327575758,1.43062932757016,0.26251283253605,"tmean_month"
11.7939893333333,1.23386570789551,0.226407760351792,"tmean_month"
11.9159459090909,1.23386570789551,0.226407760351792,"tmean_month"
12.0379024848485,1.33904473430274,0.245707549342167,"tmean_month"
12.1598590606061,1.3877072660945,0.25463686374447,"tmean_month"
12.2818156363636,1.3480155780982,0.247353651214679,"tmean_month"
12.4037722121212,1.32322811249863,0.24280528380704,"tmean_month"
12.5257287878788,1.3783331937909,0.252916771596635,"tmean_month"
12.6476853636364,1.41463302384679,0.259577596329437,"tmean_month"
12.7696419393939,1.41463302384679,0.259577596329437,"tmean_month"
12.8915985151515,1.41463302384679,0.259577596329437,"tmean_month"
13.0135550909091,1.37575600795062,0.252443871774252,"tmean_month"
13.1355116666667,1.4335341976256,0.263045860659903,"tmean_month"
13.2574682424242,1.4335341976256,0.263045860659903,"tmean_month"
13.3794248181818,1.4335341976256,0.263045860659903,"tmean_month"
13.5013813939394,1.4335341976256,0.263045860659903,"tmean_month"
13.623337969697,1.4335341976256,0.263045860659903,"tmean_month"
13.7452945454545,1.4335341976256,0.263045860659903,"tmean_month"
13.8672511212121,1.4335341976256,0.263045860659903,"tmean_month"
13.9892076969697,1.4335341976256,0.263045860659903,"tmean_month"
14.1111642727273,1.4335341976256,0.263045860659903,"tmean_month"
14.2331208484848,1.4335341976256,0.263045860659903,"tmean_month"
14.3550774242424,1.4335341976256,0.263045860659903,"tmean_month"
14.477034,1.4335341976256,0.263045860659903,"tmean_month"
5.619,1.44927495564514,0.265934205596178,"tmean_day"
5.72810101010101,1.44927495564514,0.265934205596178,"tmean_day"
5.83720202020202,1.44927495564514,0.265934205596178,"tmean_day"
5.94630303030303,1.44927495564514,0.265934205596178,"tmean_day"
6.05540404040404,1.44927495564514,0.265934205596178,"tmean_day"
6.16450505050505,1.44927495564514,0.265934205596178,"tmean_day"
6.27360606060606,1.44927495564514,0.265934205596178,"tmean_day"
6.38270707070707,1.44927495564514,0.265934205596178,"tmean_day"
6.49180808080808,1.44927495564514,0.265934205596178,"tmean_day"
6.60090909090909,1.44927495564514,0.265934205596178,"tmean_day"
6.7100101010101,1.44927495564514,0.265934205596178,"tmean_day"
6.81911111111111,1.44927495564514,0.265934205596178,"tmean_day"
6.92821212121212,1.44927495564514,0.265934205596178,"tmean_day"
7.03731313131313,1.44927495564514,0.265934205596178,"tmean_day"
7.14641414141414,1.44927495564514,0.265934205596178,"tmean_day"
7.25551515151515,1.44927495564514,0.265934205596178,"tmean_day"
7.36461616161616,1.44927495564514,0.265934205596178,"tmean_day"
7.47371717171717,1.44927495564514,0.265934205596178,"tmean_day"
7.58281818181818,1.44927495564514,0.265934205596178,"tmean_day"
7.69191919191919,1.44927495564514,0.265934205596178,"tmean_day"
7.8010202020202,1.44927495564514,0.265934205596178,"tmean_day"
7.91012121212121,1.44927495564514,0.265934205596178,"tmean_day"
8.01922222222222,1.44927495564514,0.265934205596178,"tmean_day"
8.12832323232323,1.44927495564514,0.265934205596178,"tmean_day"
8.23742424242424,1.44927495564514,0.265934205596178,"tmean_day"
8.34652525252525,1.44927495564514,0.265934205596178,"tmean_day"
8.45562626262626,1.49121062344094,0.273629176421405,"tmean_day"
8.56472727272727,1.38542488272357,0.254218058599009,"tmean_day"
8.67382828282828,1.38542488272357,0.254218058599009,"tmean_day"
8.78292929292929,1.33432656148571,0.244841789856657,"tmean_day"
8.8920303030303,1.35591733226777,0.248803580856888,"tmean_day"
9.00113131313131,1.27771941069477,0.234454680345094,"tmean_day"
9.11023232323232,1.40783341868041,0.258329905136509,"tmean_day"
9.21933333333333,1.40783341868041,0.258329905136509,"tmean_day"
9.32843434343434,1.4562276639661,0.267209990399383,"tmean_day"
9.43753535353535,1.4562276639661,0.267209990399383,"tmean_day"
9.54663636363636,1.4562276639661,0.267209990399383,"tmean_day"
9.65573737373737,1.4562276639661,0.267209990399383,"tmean_day"
9.76483838383838,1.4562276639661,0.267209990399383,"tmean_day"
9.87393939393939,1.4562276639661,0.267209990399383,"tmean_day"
9.98304040404041,1.4562276639661,0.267209990399383,"tmean_day"
10.0921414141414,1.4562276639661,0.267209990399383,"tmean_day"
10.2012424242424,1.4562276639661,0.267209990399383,"tmean_day"
10.3103434343434,1.43721410162373,0.263721103368404,"tmean_day"
10.4194444444444,1.3628882966835,0.250082715555873,"tmean_day"
10.5285454545455,1.31046187587833,0.240462747643804,"tmean_day"
10.6376464646465,1.20330158377587,0.220799406991487,"tmean_day"
10.7467474747475,1.20330158377587,0.220799406991487,"tmean_day"
10.8558484848485,1.20330158377587,0.220799406991487,"tmean_day"
10.9649494949495,1.18662284969627,0.217738948463219,"tmean_day"
11.0740505050505,1.18662284969627,0.217738948463219,"tmean_day"
11.1831515151515,1.23742303979809,0.22706051173611,"tmean_day"
11.2922525252525,1.32899330577071,0.243863165948001,"tmean_day"
11.4013535353535,1.32899330577071,0.243863165948001,"tmean_day"
11.5104545454545,1.32899330577071,0.243863165948001,"tmean_day"
11.6195555555556,1.32899330577071,0.243863165948001,"tmean_day"
11.7286565656566,1.52907536788781,0.280577154577903,"tmean_day"
11.8377575757576,1.57003800778454,0.288093579986088,"tmean_day"
11.9468585858586,1.51514645644045,0.278021273800314,"tmean_day"
12.0559595959596,1.31716459428003,0.241692660633431,"tmean_day"
12.1650606060606,1.29426216702031,0.237490187682516,"tmean_day"
12.2741616161616,1.41003693299096,0.258734238231076,"tmean_day"
12.3832626262626,1.45703370455616,0.267357894538043,"tmean_day"
12.4923636363636,1.52761649603796,0.280309459393531,"tmean_day"
12.6014646464646,1.5370493342547,0.282040334772226,"tmean_day"
12.7105656565657,1.60327703418449,0.294192763613067,"tmean_day"
12.8196666666667,1.60327703418449,0.294192763613067,"tmean_day"
12.9287676767677,1.57160175462779,0.288380519171019,"tmean_day"
13.0378686868687,1.57665755665383,0.289308231811197,"tmean_day"
13.1469696969697,1.57665755665383,0.289308231811197,"tmean_day"
13.2560707070707,1.54572779160045,0.283632785294505,"tmean_day"
13.3651717171717,1.17061598486008,0.214801774348869,"tmean_day"
13.4742727272727,1.0892046394555,0.199863227745027,"tmean_day"
13.5833737373737,1.04394431127444,0.191558199514899,"tmean_day"
13.6924747474747,1.04394431127444,0.191558199514899,"tmean_day"
13.8015757575758,1.04394431127444,0.191558199514899,"tmean_day"
13.9106767676768,1.04394431127444,0.191558199514899,"tmean_day"
14.0197777777778,1.10107445228683,0.202041274935853,"tmean_day"
14.1288787878788,1.10107445228683,0.202041274935853,"tmean_day"
14.2379797979798,1.06273842785342,0.195006819421594,"tmean_day"
14.3470808080808,1.06273842785342,0.195006819421594,"tmean_day"
14.4561818181818,1.06273842785342,0.195006819421594,"tmean_day"
14.5652828282828,1.06273842785342,0.195006819421594,"tmean_day"
14.6743838383838,1.06273842785342,0.195006819421594,"tmean_day"
14.7834848484849,1.06273842785342,0.195006819421594,"tmean_day"
14.8925858585859,1.06273842785342,0.195006819421594,"tmean_day"
15.0016868686869,1.06273842785342,0.195006819421594,"tmean_day"
15.1107878787879,1.06273842785342,0.195006819421594,"tmean_day"
15.2198888888889,1.06273842785342,0.195006819421594,"tmean_day"
15.3289898989899,1.06273842785342,0.195006819421594,"tmean_day"
15.4380909090909,1.06273842785342,0.195006819421594,"tmean_day"
15.5471919191919,1.06273842785342,0.195006819421594,"tmean_day"
15.6562929292929,1.06273842785342,0.195006819421594,"tmean_day"
15.7653939393939,1.06273842785342,0.195006819421594,"tmean_day"
15.874494949495,1.06273842785342,0.195006819421594,"tmean_day"
15.983595959596,1.06273842785342,0.195006819421594,"tmean_day"
16.092696969697,1.06273842785342,0.195006819421594,"tmean_day"
16.201797979798,1.06273842785342,0.195006819421594,"tmean_day"
16.310898989899,1.06273842785342,0.195006819421594,"tmean_day"
16.42,1.06273842785342,0.195006819421594,"tmean_day"
152,1.46384215530843,0.268607208848686,"Ordinal_date"
153.151515151515,1.46384215530843,0.268607208848686,"Ordinal_date"
154.30303030303,1.46384215530843,0.268607208848686,"Ordinal_date"
155.454545454545,1.46384215530843,0.268607208848686,"Ordinal_date"
156.606060606061,1.46384215530843,0.268607208848686,"Ordinal_date"
157.757575757576,1.46384215530843,0.268607208848686,"Ordinal_date"
158.909090909091,1.46384215530843,0.268607208848686,"Ordinal_date"
160.060606060606,1.46384215530843,0.268607208848686,"Ordinal_date"
161.212121212121,1.46384215530843,0.268607208848686,"Ordinal_date"
162.363636363636,1.46384215530843,0.268607208848686,"Ordinal_date"
163.515151515152,1.46384215530843,0.268607208848686,"Ordinal_date"
164.666666666667,1.46384215530843,0.268607208848686,"Ordinal_date"
165.818181818182,1.46384215530843,0.268607208848686,"Ordinal_date"
166.969696969697,1.46384215530843,0.268607208848686,"Ordinal_date"
168.121212121212,1.46384215530843,0.268607208848686,"Ordinal_date"
169.272727272727,1.46384215530843,0.268607208848686,"Ordinal_date"
170.424242424242,1.46384215530843,0.268607208848686,"Ordinal_date"
171.575757575758,1.46384215530843,0.268607208848686,"Ordinal_date"
172.727272727273,1.46384215530843,0.268607208848686,"Ordinal_date"
173.878787878788,1.46384215530843,0.268607208848686,"Ordinal_date"
175.030303030303,1.46384215530843,0.268607208848686,"Ordinal_date"
176.181818181818,1.46384215530843,0.268607208848686,"Ordinal_date"
177.333333333333,1.46384215530843,0.268607208848686,"Ordinal_date"
178.484848484848,1.46384215530843,0.268607208848686,"Ordinal_date"
179.636363636364,1.46384215530843,0.268607208848686,"Ordinal_date"
180.787878787879,1.40524914089297,0.25785570397974,"Ordinal_date"
181.939393939394,1.29074675508197,0.236845128387506,"Ordinal_date"
183.090909090909,1.29074675508197,0.236845128387506,"Ordinal_date"
184.242424242424,1.29074675508197,0.236845128387506,"Ordinal_date"
185.393939393939,1.29666129049959,0.237930414013692,"Ordinal_date"
186.545454545455,1.24735137978671,0.22888230904067,"Ordinal_date"
187.69696969697,1.27048860815928,0.233127866740395,"Ordinal_date"
188.848484848485,1.23507865446272,0.226630329561676,"Ordinal_date"
190,1.09562921634199,0.201042103253741,"Ordinal_date"
191.151515151515,1.09562921634199,0.201042103253741,"Ordinal_date"
192.30303030303,1.1616589371595,0.213158203986003,"Ordinal_date"
193.454545454545,1.1616589371595,0.213158203986003,"Ordinal_date"
194.606060606061,1.32204886617755,0.242588898412138,"Ordinal_date"
195.757575757576,1.32204886617755,0.242588898412138,"Ordinal_date"
196.909090909091,1.32204886617755,0.242588898412138,"Ordinal_date"
198.060606060606,1.32204886617755,0.242588898412138,"Ordinal_date"
199.212121212121,1.20368155223955,0.220869129173013,"Ordinal_date"
200.363636363636,1.20368155223955,0.220869129173013,"Ordinal_date"
201.515151515152,1.24003685674299,0.227540133170336,"Ordinal_date"
202.666666666667,1.1919238600559,0.218711655521568,"Ordinal_date"
203.818181818182,1.20064742668393,0.220312383355961,"Ordinal_date"
204.969696969697,1.20064742668393,0.220312383355961,"Ordinal_date"
206.121212121212,1.24327221815811,0.228133804691668,"Ordinal_date"
207.272727272727,1.24327221815811,0.228133804691668,"Ordinal_date"
208.424242424242,1.42233209825165,0.260990335318478,"Ordinal_date"
209.575757575758,1.45295612003174,0.266609679579224,"Ordinal_date"
210.727272727273,1.45295612003174,0.266609679579224,"Ordinal_date"
211.878787878788,1.45295612003174,0.266609679579224,"Ordinal_date"
213.030303030303,1.38614470864186,0.254350142806357,"Ordinal_date"
214.181818181818,1.38614470864186,0.254350142806357,"Ordinal_date"
215.333333333333,1.36079055242939,0.249697790701148,"Ordinal_date"
216.484848484848,1.36079055242939,0.249697790701148,"Ordinal_date"
217.636363636364,1.25116175621916,0.22958149274328,"Ordinal_date"
218.787878787879,1.25116175621916,0.22958149274328,"Ordinal_date"
219.939393939394,1.25116175621916,0.22958149274328,"Ordinal_date"
221.090909090909,1.25116175621916,0.22958149274328,"Ordinal_date"
222.242424242424,1.27318373189408,0.23362240753585,"Ordinal_date"
223.393939393939,1.27318373189408,0.23362240753585,"Ordinal_date"
224.545454545455,1.49055623799662,0.273509100191141,"Ordinal_date"
225.69696969697,1.49055623799662,0.273509100191141,"Ordinal_date"
226.848484848485,1.31864051119905,0.241963483496862,"Ordinal_date"
228,1.31864051119905,0.241963483496862,"Ordinal_date"
229.151515151515,1.28851041294065,0.236434771561509,"Ordinal_date"
230.30303030303,1.28851041294065,0.236434771561509,"Ordinal_date"
231.454545454545,1.28851041294065,0.236434771561509,"Ordinal_date"
232.606060606061,1.28851041294065,0.236434771561509,"Ordinal_date"
233.757575757576,1.28851041294065,0.236434771561509,"Ordinal_date"
234.909090909091,1.28851041294065,0.236434771561509,"Ordinal_date"
236.060606060606,1.28851041294065,0.236434771561509,"Ordinal_date"
237.212121212121,1.28851041294065,0.236434771561509,"Ordinal_date"
238.363636363636,1.28851041294065,0.236434771561509,"Ordinal_date"
239.515151515152,1.28851041294065,0.236434771561509,"Ordinal_date"
240.666666666667,1.28851041294065,0.236434771561509,"Ordinal_date"
241.818181818182,1.28851041294065,0.236434771561509,"Ordinal_date"
242.969696969697,1.28851041294065,0.236434771561509,"Ordinal_date"
244.121212121212,1.28851041294065,0.236434771561509,"Ordinal_date"
245.272727272727,1.28851041294065,0.236434771561509,"Ordinal_date"
246.424242424242,1.28851041294065,0.236434771561509,"Ordinal_date"
247.575757575758,1.28851041294065,0.236434771561509,"Ordinal_date"
248.727272727273,1.28851041294065,0.236434771561509,"Ordinal_date"
249.878787878788,1.28851041294065,0.236434771561509,"Ordinal_date"
251.030303030303,1.28851041294065,0.236434771561509,"Ordinal_date"
252.181818181818,1.28851041294065,0.236434771561509,"Ordinal_date"
253.333333333333,1.28851041294065,0.236434771561509,"Ordinal_date"
254.484848484848,1.28851041294065,0.236434771561509,"Ordinal_date"
255.636363636364,1.28851041294065,0.236434771561509,"Ordinal_date"
256.787878787879,1.28851041294065,0.236434771561509,"Ordinal_date"
257.939393939394,1.28851041294065,0.236434771561509,"Ordinal_date"
259.090909090909,1.28851041294065,0.236434771561509,"Ordinal_date"
260.242424242424,1.28851041294065,0.236434771561509,"Ordinal_date"
261.393939393939,1.28851041294065,0.236434771561509,"Ordinal_date"
262.545454545455,1.28851041294065,0.236434771561509,"Ordinal_date"
263.69696969697,1.28851041294065,0.236434771561509,"Ordinal_date"
264.848484848485,1.28851041294065,0.236434771561509,"Ordinal_date"
266,1.28851041294065,0.236434771561509,"Ordinal_date"
0.855079,1.37422337610647,0.252162642025295,"tmean_percent_normal"
0.863733877777778,1.37422337610647,0.252162642025295,"tmean_percent_normal"
0.872388755555556,1.37422337610647,0.252162642025295,"tmean_percent_normal"
0.881043633333333,1.37422337610647,0.252162642025295,"tmean_percent_normal"
0.889698511111111,1.37422337610647,0.252162642025295,"tmean_percent_normal"
0.898353388888889,1.37422337610647,0.252162642025295,"tmean_percent_normal"
0.907008266666667,1.37422337610647,0.252162642025295,"tmean_percent_normal"
0.915663144444445,1.37422337610647,0.252162642025295,"tmean_percent_normal"
0.924318022222222,1.37422337610647,0.252162642025295,"tmean_percent_normal"
0.9329729,1.37422337610647,0.252162642025295,"tmean_percent_normal"
0.941627777777778,1.37422337610647,0.252162642025295,"tmean_percent_normal"
0.950282655555556,1.37422337610647,0.252162642025295,"tmean_percent_normal"
0.958937533333333,1.37422337610647,0.252162642025295,"tmean_percent_normal"
0.967592411111111,1.37422337610647,0.252162642025295,"tmean_percent_normal"
0.976247288888889,1.37422337610647,0.252162642025295,"tmean_percent_normal"
0.984902166666667,1.37422337610647,0.252162642025295,"tmean_percent_normal"
0.993557044444444,1.41759762061721,0.26012158398615,"tmean_percent_normal"
1.00221192222222,1.41759762061721,0.26012158398615,"tmean_percent_normal"
1.0108668,1.37368194646177,0.252063292580329,"tmean_percent_normal"
1.01952167777778,1.37368194646177,0.252063292580329,"tmean_percent_normal"
1.02817655555556,1.37368194646177,0.252063292580329,"tmean_percent_normal"
1.03683143333333,1.37368194646177,0.252063292580329,"tmean_percent_normal"
1.04548631111111,1.37368194646177,0.252063292580329,"tmean_percent_normal"
1.05414118888889,1.37368194646177,0.252063292580329,"tmean_percent_normal"
1.06279606666667,1.37368194646177,0.252063292580329,"tmean_percent_normal"
1.07145094444444,1.37368194646177,0.252063292580329,"tmean_percent_normal"
1.08010582222222,1.37368194646177,0.252063292580329,"tmean_percent_normal"
1.0887607,1.37368194646177,0.252063292580329,"tmean_percent_normal"
1.09741557777778,1.37368194646177,0.252063292580329,"tmean_percent_normal"
1.10607045555556,1.37368194646177,0.252063292580329,"tmean_percent_normal"
1.11472533333333,1.37368194646177,0.252063292580329,"tmean_percent_normal"
1.12338021111111,1.37368194646177,0.252063292580329,"tmean_percent_normal"
1.13203508888889,1.34395422607822,0.246608414833637,"tmean_percent_normal"
1.14068996666667,1.48662488797734,0.272787718482152,"tmean_percent_normal"
1.14934484444444,1.50230674137126,0.275665254734569,"tmean_percent_normal"
1.15799972222222,1.41679765222853,0.259974794063977,"tmean_percent_normal"
1.1666546,1.39926094556148,0.256756902153192,"tmean_percent_normal"
1.17530947777778,1.26876882528269,0.232812295777617,"tmean_percent_normal"
1.18396435555556,1.26876882528269,0.232812295777617,"tmean_percent_normal"
1.19261923333333,1.15075754977319,0.211157857686508,"tmean_percent_normal"
1.20127411111111,1.23397993815037,0.226428720992809,"tmean_percent_normal"
1.20992898888889,1.23397993815037,0.226428720992809,"tmean_percent_normal"
1.21858386666667,1.23397993815037,0.226428720992809,"tmean_percent_normal"
1.22723874444444,1.23397993815037,0.226428720992809,"tmean_percent_normal"
1.23589362222222,1.23397993815037,0.226428720992809,"tmean_percent_normal"
1.2445485,1.23397993815037,0.226428720992809,"tmean_percent_normal"
1.25320337777778,1.23397993815037,0.226428720992809,"tmean_percent_normal"
1.26185825555556,1.23397993815037,0.226428720992809,"tmean_percent_normal"
1.27051313333333,1.24119679659645,0.227752975931656,"tmean_percent_normal"
1.27916801111111,1.26007872799003,0.231217709387315,"tmean_percent_normal"
1.28782288888889,1.26007872799003,0.231217709387315,"tmean_percent_normal"
1.29647776666667,1.26007872799003,0.231217709387315,"tmean_percent_normal"
1.30513264444444,1.26007872799003,0.231217709387315,"tmean_percent_normal"
1.31378752222222,1.26007872799003,0.231217709387315,"tmean_percent_normal"
1.3224424,1.26007872799003,0.231217709387315,"tmean_percent_normal"
1.33109727777778,1.26007872799003,0.231217709387315,"tmean_percent_normal"
1.33975215555556,1.26007872799003,0.231217709387315,"tmean_percent_normal"
1.34840703333333,1.27851831573711,0.234601275148899,"tmean_percent_normal"
1.35706191111111,1.27851831573711,0.234601275148899,"tmean_percent_normal"
1.36571678888889,1.26588684634324,0.232283468051158,"tmean_percent_normal"
1.37437166666667,1.23390094692942,0.226414226526104,"tmean_percent_normal"
1.38302654444444,1.23390094692942,0.226414226526104,"tmean_percent_normal"
1.39168142222222,1.23390094692942,0.226414226526104,"tmean_percent_normal"
1.4003363,1.41571430021493,0.259776004761784,"tmean_percent_normal"
1.40899117777778,1.41571430021493,0.259776004761784,"tmean_percent_normal"
1.41764605555556,1.41571430021493,0.259776004761784,"tmean_percent_normal"
1.42630093333333,1.41571430021493,0.259776004761784,"tmean_percent_normal"
1.43495581111111,1.38644081776142,0.254404477246606,"tmean_percent_normal"
1.44361068888889,1.38644081776142,0.254404477246606,"tmean_percent_normal"
1.45226556666667,1.33440895103955,0.244856907899278,"tmean_percent_normal"
1.46092044444444,1.24572777411958,0.228584386081603,"tmean_percent_normal"
1.46957532222222,1.24572777411958,0.228584386081603,"tmean_percent_normal"
1.4782302,1.1109794880626,0.203858796041955,"tmean_percent_normal"
1.48688507777778,1.1109794880626,0.203858796041955,"tmean_percent_normal"
1.49553995555556,1.1109794880626,0.203858796041955,"tmean_percent_normal"
1.50419483333333,1.1109794880626,0.203858796041955,"tmean_percent_normal"
1.51284971111111,1.04455802870217,0.191670813381556,"tmean_percent_normal"
1.52150458888889,1.04455802870217,0.191670813381556,"tmean_percent_normal"
1.53015946666667,1.00833721335377,0.185024487425115,"tmean_percent_normal"
1.53881434444444,1.00833721335377,0.185024487425115,"tmean_percent_normal"
1.54746922222222,1.00833721335377,0.185024487425115,"tmean_percent_normal"
1.5561241,1.00833721335377,0.185024487425115,"tmean_percent_normal"
1.56477897777778,1.00833721335377,0.185024487425115,"tmean_percent_normal"
1.57343385555556,1.00833721335377,0.185024487425115,"tmean_percent_normal"
1.58208873333333,1.00833721335377,0.185024487425115,"tmean_percent_normal"
1.59074361111111,1.00833721335377,0.185024487425115,"tmean_percent_normal"
1.59939848888889,1.00833721335377,0.185024487425115,"tmean_percent_normal"
1.60805336666667,1.00833721335377,0.185024487425115,"tmean_percent_normal"
1.61670824444444,1.00833721335377,0.185024487425115,"tmean_percent_normal"
1.62536312222222,1.00833721335377,0.185024487425115,"tmean_percent_normal"
1.634018,1.00833721335377,0.185024487425115,"tmean_percent_normal"
1.64267287777778,1.00833721335377,0.185024487425115,"tmean_percent_normal"
1.65132775555556,1.00833721335377,0.185024487425115,"tmean_percent_normal"
1.65998263333333,1.00833721335377,0.185024487425115,"tmean_percent_normal"
1.66863751111111,1.00833721335377,0.185024487425115,"tmean_percent_normal"
1.67729238888889,1.00833721335377,0.185024487425115,"tmean_percent_normal"
1.68594726666667,1.00833721335377,0.185024487425115,"tmean_percent_normal"
1.69460214444444,1.00833721335377,0.185024487425115,"tmean_percent_normal"
1.70325702222222,1.00833721335377,0.185024487425115,"tmean_percent_normal"
1.7119119,1.00833721335377,0.185024487425115,"tmean_percent_normal"
0.23120234,1.25487409412154,0.230262686899798,"ppt_percent_normal"
0.241233064848485,1.25487409412154,0.230262686899798,"ppt_percent_normal"
0.25126378969697,1.25487409412154,0.230262686899798,"ppt_percent_normal"
0.261294514545455,1.25487409412154,0.230262686899798,"ppt_percent_normal"
0.271325239393939,1.25487409412154,0.230262686899798,"ppt_percent_normal"
0.281355964242424,1.25723076814971,0.230695123983659,"ppt_percent_normal"
0.291386689090909,1.23225934069803,0.226113000559736,"ppt_percent_normal"
0.301417413939394,1.24705783663034,0.22882844544095,"ppt_percent_normal"
0.311448138787879,1.24705783663034,0.22882844544095,"ppt_percent_normal"
0.321478863636364,1.15760188277762,0.212413756198575,"ppt_percent_normal"
0.331509588484848,1.17871413787563,0.216287742129239,"ppt_percent_normal"
0.341540313333333,1.17871413787563,0.216287742129239,"ppt_percent_normal"
0.351571038181818,1.26748987548618,0.232577615328052,"ppt_percent_normal"
0.361601763030303,1.26748987548618,0.232577615328052,"ppt_percent_normal"
0.371632487878788,1.23181880706288,0.226032164993064,"ppt_percent_normal"
0.381663212727273,1.24374207612625,0.228220021116657,"ppt_percent_normal"
0.391693937575758,1.240831511516,0.227685948072443,"ppt_percent_normal"
0.401724662424242,1.25845810956642,0.230920334571461,"ppt_percent_normal"
0.411755387272727,1.25845810956642,0.230920334571461,"ppt_percent_normal"
0.421786112121212,1.25845810956642,0.230920334571461,"ppt_percent_normal"
0.431816836969697,1.2452047831816,0.228488420040732,"ppt_percent_normal"
0.441847561818182,1.37607516029781,0.252502434523567,"ppt_percent_normal"
0.451878286666667,1.48993841896538,0.273395733702171,"ppt_percent_normal"
0.461909011515152,1.6479848953923,0.302396417107453,"ppt_percent_normal"
0.471939736363636,1.70812481482097,0.313431770775564,"ppt_percent_normal"
0.481970461212121,1.70812481482097,0.313431770775564,"ppt_percent_normal"
0.492001186060606,1.66021673628607,0.304640894512097,"ppt_percent_normal"
0.502031910909091,1.66021673628607,0.304640894512097,"ppt_percent_normal"
0.512062635757576,1.66021673628607,0.304640894512097,"ppt_percent_normal"
0.522093360606061,1.66021673628607,0.304640894512097,"ppt_percent_normal"
0.532124085454545,1.66021673628607,0.304640894512097,"ppt_percent_normal"
0.54215481030303,1.66021673628607,0.304640894512097,"ppt_percent_normal"
0.552185535151515,1.66021673628607,0.304640894512097,"ppt_percent_normal"
0.56221626,1.66021673628607,0.304640894512097,"ppt_percent_normal"
0.572246984848485,1.66021673628607,0.304640894512097,"ppt_percent_normal"
0.58227770969697,1.66021673628607,0.304640894512097,"ppt_percent_normal"
0.592308434545455,1.69977456207607,0.311899544042747,"ppt_percent_normal"
0.602339159393939,1.69977456207607,0.311899544042747,"ppt_percent_normal"
0.612369884242424,1.69977456207607,0.311899544042747,"ppt_percent_normal"
0.622400609090909,1.69977456207607,0.311899544042747,"ppt_percent_normal"
0.632431333939394,1.69977456207607,0.311899544042747,"ppt_percent_normal"
0.642462058787879,1.69977456207607,0.311899544042747,"ppt_percent_normal"
0.652492783636364,1.69977456207607,0.311899544042747,"ppt_percent_normal"
0.662523508484848,1.69977456207607,0.311899544042747,"ppt_percent_normal"
0.672554233333333,1.69977456207607,0.311899544042747,"ppt_percent_normal"
0.682584958181818,1.69977456207607,0.311899544042747,"ppt_percent_normal"
0.692615683030303,1.69977456207607,0.311899544042747,"ppt_percent_normal"
0.702646407878788,1.69977456207607,0.311899544042747,"ppt_percent_normal"
0.712677132727273,1.69977456207607,0.311899544042747,"ppt_percent_normal"
0.722707857575758,1.69977456207607,0.311899544042747,"ppt_percent_normal"
0.732738582424243,1.69977456207607,0.311899544042747,"ppt_percent_normal"
0.742769307272727,1.69977456207607,0.311899544042747,"ppt_percent_normal"
0.752800032121212,1.69977456207607,0.311899544042747,"ppt_percent_normal"
0.762830756969697,1.69977456207607,0.311899544042747,"ppt_percent_normal"
0.772861481818182,1.69977456207607,0.311899544042747,"ppt_percent_normal"
0.782892206666667,1.69977456207607,0.311899544042747,"ppt_percent_normal"
0.792922931515152,1.69977456207607,0.311899544042747,"ppt_percent_normal"
0.802953656363636,1.69977456207607,0.311899544042747,"ppt_percent_normal"
0.812984381212121,1.69977456207607,0.311899544042747,"ppt_percent_normal"
0.823015106060606,1.69977456207607,0.311899544042747,"ppt_percent_normal"
0.833045830909091,1.69977456207607,0.311899544042747,"ppt_percent_normal"
0.843076555757576,1.69977456207607,0.311899544042747,"ppt_percent_normal"
0.853107280606061,1.69977456207607,0.311899544042747,"ppt_percent_normal"
0.863138005454545,1.69977456207607,0.311899544042747,"ppt_percent_normal"
0.87316873030303,1.69977456207607,0.311899544042747,"ppt_percent_normal"
0.883199455151515,1.69977456207607,0.311899544042747,"ppt_percent_normal"
0.89323018,1.69977456207607,0.311899544042747,"ppt_percent_normal"
0.903260904848485,1.69977456207607,0.311899544042747,"ppt_percent_normal"
0.91329162969697,1.67079336494229,0.306581649320991,"ppt_percent_normal"
0.923322354545455,1.67079336494229,0.306581649320991,"ppt_percent_normal"
0.933353079393939,1.67079336494229,0.306581649320991,"ppt_percent_normal"
0.943383804242424,1.67079336494229,0.306581649320991,"ppt_percent_normal"
0.953414529090909,1.54813071223228,0.284073708382872,"ppt_percent_normal"
0.963445253939394,1.54813071223228,0.284073708382872,"ppt_percent_normal"
0.973475978787879,1.54813071223228,0.284073708382872,"ppt_percent_normal"
0.983506703636364,1.54813071223228,0.284073708382872,"ppt_percent_normal"
0.993537428484848,1.51106144971809,0.277271696907858,"ppt_percent_normal"
1.00356815333333,1.51106144971809,0.277271696907858,"ppt_percent_normal"
1.01359887818182,1.51106144971809,0.277271696907858,"ppt_percent_normal"
1.0236296030303,1.16023597141789,0.212897097380517,"ppt_percent_normal"
1.03366032787879,1.10618421855812,0.202978889726507,"ppt_percent_normal"
1.04369105272727,1.10618421855812,0.202978889726507,"ppt_percent_normal"
1.05372177757576,1.0185381116209,0.18689629771651,"ppt_percent_normal"
1.06375250242424,1.0614470493123,0.194769858363847,"ppt_percent_normal"
1.07378322727273,1.0614470493123,0.194769858363847,"ppt_percent_normal"
1.08381395212121,1.0614470493123,0.194769858363847,"ppt_percent_normal"
1.0938446769697,1.08998852865917,0.200007067222721,"ppt_percent_normal"
1.10387540181818,1.08998852865917,0.200007067222721,"ppt_percent_normal"
1.11390612666667,1.08998852865917,0.200007067222721,"ppt_percent_normal"
1.12393685151515,1.11235100575907,0.204110462206234,"ppt_percent_normal"
1.13396757636364,1.11235100575907,0.204110462206234,"ppt_percent_normal"
1.14399830121212,1.11235100575907,0.204110462206234,"ppt_percent_normal"
1.15402902606061,1.11235100575907,0.204110462206234,"ppt_percent_normal"
1.16405975090909,1.11235100575907,0.204110462206234,"ppt_percent_normal"
1.17409047575758,1.11235100575907,0.204110462206234,"ppt_percent_normal"
1.18412120060606,1.11235100575907,0.204110462206234,"ppt_percent_normal"
1.19415192545455,1.11235100575907,0.204110462206234,"ppt_percent_normal"
1.20418265030303,1.11235100575907,0.204110462206234,"ppt_percent_normal"
1.21421337515152,1.11235100575907,0.204110462206234,"ppt_percent_normal"
1.2242441,1.11235100575907,0.204110462206234,"ppt_percent_normal"
0,1.30701622200243,0.239830488580277,"ppt_day"
0.069959595959596,1.18640903158628,0.217699713983245,"ppt_day"
0.139919191919192,1.18640903158628,0.217699713983245,"ppt_day"
0.209878787878788,1.04074647511617,0.190971413677564,"ppt_day"
0.279838383838384,1.01356318946431,0.185983426099939,"ppt_day"
0.34979797979798,0.910824475893364,0.167131421467526,"ppt_day"
0.419757575757576,0.885465750976794,0.16247823102954,"ppt_day"
0.489717171717172,0.741805859779307,0.136117409093836,"ppt_day"
0.559676767676768,0.744654850416196,0.136640183643151,"ppt_day"
0.629636363636364,0.744654850416196,0.136640183643151,"ppt_day"
0.69959595959596,0.851726404628888,0.156287241367146,"ppt_day"
0.769555555555556,0.851726404628888,0.156287241367146,"ppt_day"
0.839515151515152,0.851726404628888,0.156287241367146,"ppt_day"
0.909474747474747,0.851726404628888,0.156287241367146,"ppt_day"
0.979434343434343,0.868528360490072,0.159370310433511,"ppt_day"
1.04939393939394,0.950683357920884,0.174445313208118,"ppt_day"
1.11935353535354,0.950683357920884,0.174445313208118,"ppt_day"
1.18931313131313,0.950683357920884,0.174445313208118,"ppt_day"
1.25927272727273,0.971247511284971,0.178218725401115,"ppt_day"
1.32923232323232,1.29856571182844,0.238279865145264,"ppt_day"
1.39919191919192,1.40222820776133,0.257301378901953,"ppt_day"
1.46915151515152,1.3563594698703,0.248884710742998,"ppt_day"
1.53911111111111,1.3563594698703,0.248884710742998,"ppt_day"
1.60907070707071,1.39632906813901,0.256218918321888,"ppt_day"
1.6790303030303,1.39632906813901,0.256218918321888,"ppt_day"
1.7489898989899,1.39632906813901,0.256218918321888,"ppt_day"
1.81894949494949,1.39632906813901,0.256218918321888,"ppt_day"
1.88890909090909,1.39632906813901,0.256218918321888,"ppt_day"
1.95886868686869,1.47787264539408,0.271181728763296,"ppt_day"
2.02882828282828,1.35291174524644,0.248252071708293,"ppt_day"
2.09878787878788,1.35291174524644,0.248252071708293,"ppt_day"
2.16874747474747,1.35291174524644,0.248252071708293,"ppt_day"
2.23870707070707,1.35291174524644,0.248252071708293,"ppt_day"
2.30866666666667,1.35291174524644,0.248252071708293,"ppt_day"
2.37862626262626,1.48115434899382,0.27178390382773,"ppt_day"
2.44858585858586,1.48115434899382,0.27178390382773,"ppt_day"
2.51854545454545,1.48115434899382,0.27178390382773,"ppt_day"
2.58850505050505,1.48115434899382,0.27178390382773,"ppt_day"
2.65846464646465,1.48115434899382,0.27178390382773,"ppt_day"
2.72842424242424,1.48115434899382,0.27178390382773,"ppt_day"
2.79838383838384,1.48115434899382,0.27178390382773,"ppt_day"
2.86834343434343,1.48115434899382,0.27178390382773,"ppt_day"
2.93830303030303,1.48115434899382,0.27178390382773,"ppt_day"
3.00826262626263,1.48115434899382,0.27178390382773,"ppt_day"
3.07822222222222,1.48115434899382,0.27178390382773,"ppt_day"
3.14818181818182,1.48115434899382,0.27178390382773,"ppt_day"
3.21814141414141,1.48115434899382,0.27178390382773,"ppt_day"
3.28810101010101,1.48115434899382,0.27178390382773,"ppt_day"
3.35806060606061,1.48115434899382,0.27178390382773,"ppt_day"
3.4280202020202,1.48115434899382,0.27178390382773,"ppt_day"
3.4979797979798,1.48115434899382,0.27178390382773,"ppt_day"
3.56793939393939,1.48115434899382,0.27178390382773,"ppt_day"
3.63789898989899,1.48115434899382,0.27178390382773,"ppt_day"
3.70785858585859,1.48115434899382,0.27178390382773,"ppt_day"
3.77781818181818,1.48115434899382,0.27178390382773,"ppt_day"
3.84777777777778,1.48115434899382,0.27178390382773,"ppt_day"
3.91773737373737,1.48115434899382,0.27178390382773,"ppt_day"
3.98769696969697,1.48115434899382,0.27178390382773,"ppt_day"
4.05765656565657,1.48115434899382,0.27178390382773,"ppt_day"
4.12761616161616,1.48115434899382,0.27178390382773,"ppt_day"
4.19757575757576,1.48115434899382,0.27178390382773,"ppt_day"
4.26753535353535,1.48115434899382,0.27178390382773,"ppt_day"
4.33749494949495,1.48115434899382,0.27178390382773,"ppt_day"
4.40745454545455,1.48115434899382,0.27178390382773,"ppt_day"
4.47741414141414,1.48115434899382,0.27178390382773,"ppt_day"
4.54737373737374,1.48115434899382,0.27178390382773,"ppt_day"
4.61733333333333,1.48115434899382,0.27178390382773,"ppt_day"
4.68729292929293,1.48115434899382,0.27178390382773,"ppt_day"
4.75725252525253,1.48115434899382,0.27178390382773,"ppt_day"
4.82721212121212,1.48115434899382,0.27178390382773,"ppt_day"
4.89717171717172,1.48115434899382,0.27178390382773,"ppt_day"
4.96713131313131,1.48115434899382,0.27178390382773,"ppt_day"
5.03709090909091,1.48115434899382,0.27178390382773,"ppt_day"
5.1070505050505,1.48115434899382,0.27178390382773,"ppt_day"
5.1770101010101,1.48115434899382,0.27178390382773,"ppt_day"
5.2469696969697,1.48115434899382,0.27178390382773,"ppt_day"
5.31692929292929,1.48115434899382,0.27178390382773,"ppt_day"
5.38688888888889,1.48115434899382,0.27178390382773,"ppt_day"
5.45684848484848,1.48115434899382,0.27178390382773,"ppt_day"
5.52680808080808,1.48115434899382,0.27178390382773,"ppt_day"
5.59676767676768,1.48115434899382,0.27178390382773,"ppt_day"
5.66672727272727,1.48115434899382,0.27178390382773,"ppt_day"
5.73668686868687,1.48115434899382,0.27178390382773,"ppt_day"
5.80664646464646,1.48115434899382,0.27178390382773,"ppt_day"
5.87660606060606,1.48115434899382,0.27178390382773,"ppt_day"
5.94656565656566,1.48115434899382,0.27178390382773,"ppt_day"
6.01652525252525,1.48115434899382,0.27178390382773,"ppt_day"
6.08648484848485,1.48115434899382,0.27178390382773,"ppt_day"
6.15644444444444,1.48115434899382,0.27178390382773,"ppt_day"
6.22640404040404,1.48115434899382,0.27178390382773,"ppt_day"
6.29636363636364,1.48115434899382,0.27178390382773,"ppt_day"
6.36632323232323,1.48115434899382,0.27178390382773,"ppt_day"
6.43628282828283,1.48115434899382,0.27178390382773,"ppt_day"
6.50624242424242,1.48115434899382,0.27178390382773,"ppt_day"
6.57620202020202,1.48115434899382,0.27178390382773,"ppt_day"
6.64616161616162,1.48115434899382,0.27178390382773,"ppt_day"
6.71612121212121,1.48115434899382,0.27178390382773,"ppt_day"
6.78608080808081,1.48115434899382,0.27178390382773,"ppt_day"
6.8560404040404,1.48115434899382,0.27178390382773,"ppt_day"
6.926,1.48115434899382,0.27178390382773,"ppt_day"
4.5,1.17912043886799,0.216362296188988,"Max_SWE"
4.67474747474748,1.17912043886799,0.216362296188988,"Max_SWE"
4.84949494949495,1.17912043886799,0.216362296188988,"Max_SWE"
5.02424242424242,1.17912043886799,0.216362296188988,"Max_SWE"
5.1989898989899,1.17912043886799,0.216362296188988,"Max_SWE"
5.37373737373737,1.17912043886799,0.216362296188988,"Max_SWE"
5.54848484848485,1.17912043886799,0.216362296188988,"Max_SWE"
5.72323232323232,1.17912043886799,0.216362296188988,"Max_SWE"
5.8979797979798,1.17912043886799,0.216362296188988,"Max_SWE"
6.07272727272727,1.17912043886799,0.216362296188988,"Max_SWE"
6.24747474747475,1.17912043886799,0.216362296188988,"Max_SWE"
6.42222222222222,1.17912043886799,0.216362296188988,"Max_SWE"
6.5969696969697,1.17912043886799,0.216362296188988,"Max_SWE"
6.77171717171717,1.17912043886799,0.216362296188988,"Max_SWE"
6.94646464646465,1.17912043886799,0.216362296188988,"Max_SWE"
7.12121212121212,1.17912043886799,0.216362296188988,"Max_SWE"
7.2959595959596,1.17912043886799,0.216362296188988,"Max_SWE"
7.47070707070707,1.17912043886799,0.216362296188988,"Max_SWE"
7.64545454545455,1.17912043886799,0.216362296188988,"Max_SWE"
7.82020202020202,1.17912043886799,0.216362296188988,"Max_SWE"
7.99494949494949,1.17912043886799,0.216362296188988,"Max_SWE"
8.16969696969697,1.17912043886799,0.216362296188988,"Max_SWE"
8.34444444444444,1.17912043886799,0.216362296188988,"Max_SWE"
8.51919191919192,1.17912043886799,0.216362296188988,"Max_SWE"
8.6939393939394,1.17912043886799,0.216362296188988,"Max_SWE"
8.86868686868687,1.17912043886799,0.216362296188988,"Max_SWE"
9.04343434343434,1.17912043886799,0.216362296188988,"Max_SWE"
9.21818181818182,1.17912043886799,0.216362296188988,"Max_SWE"
9.39292929292929,1.17912043886799,0.216362296188988,"Max_SWE"
9.56767676767677,1.35071547443142,0.247849067756428,"Max_SWE"
9.74242424242424,1.35071547443142,0.247849067756428,"Max_SWE"
9.91717171717172,1.35071547443142,0.247849067756428,"Max_SWE"
10.0919191919192,1.35071547443142,0.247849067756428,"Max_SWE"
10.2666666666667,1.35071547443142,0.247849067756428,"Max_SWE"
10.4414141414141,1.35071547443142,0.247849067756428,"Max_SWE"
10.6161616161616,1.35071547443142,0.247849067756428,"Max_SWE"
10.7909090909091,1.35071547443142,0.247849067756428,"Max_SWE"
10.9656565656566,1.35071547443142,0.247849067756428,"Max_SWE"
11.140404040404,1.35071547443142,0.247849067756428,"Max_SWE"
11.3151515151515,1.35071547443142,0.247849067756428,"Max_SWE"
11.489898989899,1.35071547443142,0.247849067756428,"Max_SWE"
11.6646464646465,1.35071547443142,0.247849067756428,"Max_SWE"
11.8393939393939,1.35071547443142,0.247849067756428,"Max_SWE"
12.0141414141414,1.35071547443142,0.247849067756428,"Max_SWE"
12.1888888888889,1.35071547443142,0.247849067756428,"Max_SWE"
12.3636363636364,1.35071547443142,0.247849067756428,"Max_SWE"
12.5383838383838,1.35071547443142,0.247849067756428,"Max_SWE"
12.7131313131313,1.35071547443142,0.247849067756428,"Max_SWE"
12.8878787878788,1.35071547443142,0.247849067756428,"Max_SWE"
13.0626262626263,1.35071547443142,0.247849067756428,"Max_SWE"
13.2373737373737,1.35071547443142,0.247849067756428,"Max_SWE"
13.4121212121212,1.35071547443142,0.247849067756428,"Max_SWE"
13.5868686868687,1.35071547443142,0.247849067756428,"Max_SWE"
13.7616161616162,1.35071547443142,0.247849067756428,"Max_SWE"
13.9363636363636,1.35071547443142,0.247849067756428,"Max_SWE"
14.1111111111111,1.35071547443142,0.247849067756428,"Max_SWE"
14.2858585858586,1.35071547443142,0.247849067756428,"Max_SWE"
14.4606060606061,1.35071547443142,0.247849067756428,"Max_SWE"
14.6353535353535,1.35071547443142,0.247849067756428,"Max_SWE"
14.810101010101,1.35071547443142,0.247849067756428,"Max_SWE"
14.9848484848485,1.35071547443142,0.247849067756428,"Max_SWE"
15.159595959596,1.35071547443142,0.247849067756428,"Max_SWE"
15.3343434343434,1.35071547443142,0.247849067756428,"Max_SWE"
15.5090909090909,1.35071547443142,0.247849067756428,"Max_SWE"
15.6838383838384,1.35071547443142,0.247849067756428,"Max_SWE"
15.8585858585859,1.35071547443142,0.247849067756428,"Max_SWE"
16.0333333333333,1.35071547443142,0.247849067756428,"Max_SWE"
16.2080808080808,1.35642538026116,0.248896804947322,"Max_SWE"
16.3828282828283,1.34770516543748,0.247296692151104,"Max_SWE"
16.5575757575758,1.34770516543748,0.247296692151104,"Max_SWE"
16.7323232323232,1.34770516543748,0.247296692151104,"Max_SWE"
16.9070707070707,1.34770516543748,0.247296692151104,"Max_SWE"
17.0818181818182,1.34770516543748,0.247296692151104,"Max_SWE"
17.2565656565657,1.34770516543748,0.247296692151104,"Max_SWE"
17.4313131313131,1.34770516543748,0.247296692151104,"Max_SWE"
17.6060606060606,1.34770516543748,0.247296692151104,"Max_SWE"
17.7808080808081,1.34770516543748,0.247296692151104,"Max_SWE"
17.9555555555556,1.249653404982,0.229304718355885,"Max_SWE"
18.130303030303,1.249653404982,0.229304718355885,"Max_SWE"
18.3050505050505,1.249653404982,0.229304718355885,"Max_SWE"
18.479797979798,1.249653404982,0.229304718355885,"Max_SWE"
18.6545454545455,1.249653404982,0.229304718355885,"Max_SWE"
18.8292929292929,1.249653404982,0.229304718355885,"Max_SWE"
19.0040404040404,1.249653404982,0.229304718355885,"Max_SWE"
19.1787878787879,1.249653404982,0.229304718355885,"Max_SWE"
19.3535353535354,1.249653404982,0.229304718355885,"Max_SWE"
19.5282828282828,1.249653404982,0.229304718355885,"Max_SWE"
19.7030303030303,1.249653404982,0.229304718355885,"Max_SWE"
19.8777777777778,1.42448858993822,0.26138604001296,"Max_SWE"
20.0525252525253,1.42448858993822,0.26138604001296,"Max_SWE"
20.2272727272727,1.42448858993822,0.26138604001296,"Max_SWE"
20.4020202020202,1.42448858993822,0.26138604001296,"Max_SWE"
20.5767676767677,1.42448858993822,0.26138604001296,"Max_SWE"
20.7515151515152,1.42448858993822,0.26138604001296,"Max_SWE"
20.9262626262626,1.42448858993822,0.26138604001296,"Max_SWE"
21.1010101010101,1.42448858993822,0.26138604001296,"Max_SWE"
21.2757575757576,1.42448858993822,0.26138604001296,"Max_SWE"
21.4505050505051,1.42448858993822,0.26138604001296,"Max_SWE"
21.6252525252525,1.42448858993822,0.26138604001296,"Max_SWE"
21.8,1.42448858993822,0.26138604001296,"Max_SWE"
