2.57429434269588
2.90826507604251
1.6188290204723
2.57429434269588
1.21798107592569
2.90826507604251
1.21798107592569
1.6188290204723
0.77573116711497
1.72178241594666
0.183598065681749
0.183598065681749
1.12114071752494
1.27056370324677
1.27056370324677
1.12114071752494
0.77573116711497
1.76896171504356
1.1918142898855
0.436504746692046
0.621121565604236
0.540200641595999
0.621121565604236
1.25737870336632
0.540200641595999
1.25737870336632
1.04020298882835
0.550279772168048
2.266448783809
1.93411496068821
2.266448783809
1.93411496068821
1.72178241594666
0.77573116711497
2.70816878653137
1.8972227987216
1.48681044959206
1.8972227987216
1.48681044959206
2.70816878653137
0.777075264203908
0.777075264203908
2.13411327839668
1.20840668645866
1.20840668645866
2.027465006015
2.027465006015
0.980633479973126
2.13411327839668
0.980633479973126
2.39866893209427
1.79199747454622
1.79199747454622
1.72056384770517
1.72056384770517
1.46781881759258
1.46781881759258
0.921991891732596
0.921991891732596
2.09258512093809
2.09258512093809
0.231880925131525
-0.195271044583259
0.231880925131525
-0.195271044583259
1.87526980778392
1.87526980778392
2.01839645115731
1.21210563522853
1.21210563522853
2.01839645115731
1.49665979344599
1.49665979344599
1.80065740055302
0.977822215747751
1.80065740055302
0.977822215747751
1.63600458903336
1.5304146653916
1.5304146653916
1.63600458903336
0.778701645892724
0.778701645892724
0.428681685591809
0.70386545773061
1.37126580705592
1.24593639395968
2.92640930224718
0.428225899234607
1.37126580705592
2.92640930224718
1.24593639395968
0.683461315552156
0.111233729584001
1.29457760726374
1.66873323665053
1.29457760726374
0.111233729584001
1.66873323665053
1.75260632801348
1.75260632801348
1.56334140295362
1.56334140295362
1.8839332385338
2.08234223171494
1.53958875862263
1.8839332385338
2.08234223171494
1.53958875862263
1.01047141873992
1.01047141873992
1.87526980778392
0.231880925131525
1.87526980778392
2.01839645115731
-0.195271044583259
1.21210563522853
1.21210563522853
2.01839645115731
-0.525978534314743
-0.525978534314743
0.837965663206501
0.585059812520906
0.542280002364191
1.24356644708114
1.24356644708114
0.837965663206501
0.585059812520906
1.39380472193685
0.781885210096645
0.542280002364191
0.781885210096645
1.39380472193685
0.914762122824457
2.01283570231538
-0.0609858873725442
0.594681292110565
-0.0609858873725442
0.594681292110565
1.44246167186767
1.44246167186767
0.436504746692046
1.1918142898855
1.52093249002886
1.52093249002886
2.05493893804144
2.05493893804144
