2.59181487328803
3.18734583744889
1.93220403498099
2.38940943530524
1.29677600110615
2.71989770669035
1.84814597370724
1.71064815297327
0.63469884394668
1.4613793693642
0.235216559939551
0.0842268781962615
0.802124096614234
1.25839354780253
0.921353062734898
1.27766368743328
1.26383354135464
1.97023161720034
0.986819953239446
0.526588147450232
0.604096450290091
0.606039074835578
0.75518294881398
0.97715412480227
0.420309907569192
0.691458903524452
1.06349585181508
0.633549842089386
2.18489573037461
1.63210701698708
2.07083615453154
1.95710666622254
1.73633010991703
1.13212909201949
2.15260872975348
1.87602426433893
1.77405447341443
2.26678094571846
1.16963805848457
2.44594622148593
1.05098121997928
0.824945225759591
2.05990781838424
0.796121961029898
1.26479453964678
2.16977780320089
2.29340355009039
1.42442545563265
1.76126978185263
0.68033339550875
1.85967613927897
1.45402640921897
1.7379536973512
2.15109012281954
1.47053894314138
1.7608143598226
1.38147568180813
0.970910195375055
0.814937493361945
2.22942179808465
1.71812150340371
-0.418089723014046
-0.362650290188261
0.407451260389473
-0.0615808546111264
2.08166093741685
1.65390618017842
2.14815489376986
1.2155609641698
1.15168444380986
1.81377800730463
1.20811310700484
1.21235888319487
1.82797767268192
0.981274857658461
1.45029726249139
0.884375981898513
2.01098007807895
1.96150086833675
1.65043080275167
1.52351069917769
0.847132393551084
0.944328079149393
0.24394014644779
0.752237427747931
1.74743970606454
1.71879428076978
2.72063016913395
0.891679071825505
1.34202253728165
2.56046782581222
1.29207982483101
0.333472065367081
0.574390955365886
0.834491287737385
1.43686057528763
1.25368035950271
0.271553218570454
1.31785595263228
1.87497301837419
1.77038680103498
1.62765856851794
1.54410874753752
1.93671162278506
2.12699547294556
1.72955090420456
2.17435411068808
1.97256453575216
1.55006478373811
0.994088846730945
1.10829203497598
1.50304211743929
0.582135959126265
1.50947763784955
1.6416410224824
-0.138565112913907
1.44800525807508
1.19106306795959
1.34035070326085
-0.54592324429259
-0.261303157481102
0.90888440495938
0.578526397560803
0.815520356659578
1.02690958309557
1.05562229884934
0.464734800035328
0.485941242137249
1.40493993552039
0.72699974809279
0.491339149945998
0.639293706127546
1.02058141788599
0.947599779183611
1.90655165233301
-0.295034997252646
0.599948528570515
-0.23881547518929
0.427986748217252
1.77285954710205
1.41679404761224
-0.0212519114949847
1.13424687516746
2.00529836741002
1.41302476299742
2.01800869587647
1.77747317645521
