2.58508037936528
2.99720176635437
1.76116804746441
2.61992141068446
1.62235247812665
2.90137228800064
1.52652299977292
1.68421059531826
0.576824583431505
1.68267594214017
0.126642832274361
-0.153335066740377
1.17868501615528
1.41168793614519
1.05871749421398
0.825714574224078
1.13469205590811
2.00042073844117
1.02119519830682
0.39843694152984
0.641345380702891
0.421740658638841
0.449461854304363
1.06001010161846
0.177606324754819
0.815875767734438
1.17888348797005
0.625375026216604
2.42344912322378
1.94053257865189
2.17026458096369
1.66847601018423
1.94197427819133
0.999103001386899
2.56306148506132
2.08995999361616
1.61071787078026
1.96688577005209
1.28350199324613
2.43998726149725
1.02999850979298
0.723524367689822
2.31874604924061
0.988193571951873
0.898892075486933
2.00029155278087
1.87019599951843
1.1618600527522
2.0253028988056
0.880352254385883
2.25714349891958
1.7034577113479
1.71703983293311
1.91758481916032
1.73896063884416
1.80085455332257
1.6241000822298
0.931038056834403
0.825879706865161
2.16994363881546
1.87257898694483
-0.577055292678068
-0.601369207802341
0.469206906463977
-0.0671043511559399
2.00607560645153
1.68630416451094
2.31576622185554
1.42528488341988
0.954101196375412
1.91757507772753
1.2329986684855
1.17593221247212
1.7993701117115
0.918484856641873
1.57083908922771
0.671081807950506
1.66314891380042
1.93863915940136
1.95914727726457
1.51912913933211
0.997069428185531
1.00564219398004
0.11843861780841
0.659378214073669
1.73767914619743
1.46465081454959
3.04806146315443
0.657824551131762
1.4067739104301
2.73789796281808
1.15448731421324
0.484015107307579
0.263142107609908
1.32053694389694
1.51564706059598
1.1477031101983
0.0898401022553996
1.32347302903389
1.92232131320267
1.88910917399667
1.49548185833155
1.46226971912555
2.10134680470222
2.11738348336367
1.81880161983248
1.87592836359484
1.91270677768726
1.61412491415607
1.04872596317889
1.27414440428626
1.67799258647361
0.560030032481457
1.33602590675525
1.88403352720883
-0.124706626802188
1.40211008576584
0.908731160943601
1.46364714530305
-0.698621859651344
-0.591791368665101
0.866910048755057
0.70951433148785
0.807680493835531
1.10146717114023
0.982701328085294
0.628930446715212
0.398542186531537
1.59077734400893
0.918991400972199
0.496708348879218
0.608019256015886
1.30054693448359
0.900342305709614
2.02902189183181
-0.0860414376881584
0.86440453251732
-0.49377146410517
0.404423698614814
1.6442048272214
1.18422399331889
-0.188721612480074
0.773448134257842
1.71648560055836
1.37998434028754
2.0406920676209
1.72493254278105
