"R2","CVR2"
0.74745200684293,0.776069290768942
0.721839914400492,0.759302591448182
0.696438298174294,0.738484461418457
0.676522743060049,0.735977018092237
0.652343448419009,0.730528663544355
0.643147873126078,0.727216132810922
0.627043787678431,0.725490876515102
0.612393702790336,0.731069809781733
0.598865062902273,0.729111960128313
0.588082691709703,0.727752009000529
0.576322180851473,0.728655744681103
0.568738084310739,0.723682310153373
0.559749927513786,0.714844635039582
0.549265862242337,0.716146980442305
0.538917238001632,0.712325038600878
0.528467172579902,0.703522306977222
0.517427816671584,0.706856299817266
0.507747175691516,0.709004236315983
0.497481094968229,0.700528234153392
0.491440048791651,0.694774460528912
0.484736383276138,0.69370629525153
0.478589856964127,0.686425343438842
0.470778171302934,0.68527346570525
0.458964800927976,0.686589473455302
0.45032844386649,0.683265693112832
0.4442059989385,0.677976932791524
0.439503490748044,0.673792891760891
0.431910457044759,0.660584727695312
0.425990216562169,0.656070938073852
0.420917652295203,0.64909936819713
0.414843216407903,0.645328918656647
0.40854218151773,0.638196756307715
0.404824891619772,0.634038461022296
0.397813944910466,0.632797577129494
0.392889908127322,0.631652240247879
0.38831173724011,0.63829831079844
0.383322679195775,0.63412775886696
0.377143978032729,0.635051700137367
0.372220624892329,0.635442678444343
0.368812357558417,0.634802337066386
0.363450417779172,0.629424111935122
0.358096090030089,0.627419427353297
0.352739685796099,0.629529034874513
0.349221098850492,0.630791976789536
0.345034947528135,0.630587984330217
0.342048146697871,0.626966574517534
0.341140897314742,0.618802344035117
0.338702858178877,0.619889548732197
0.334554701521615,0.619026627974629
0.329060841145162,0.622818480012613
0.323331167061433,0.62495790920732
0.319246449869791,0.623513924904619
0.317162148425681,0.622883640935388
0.312335498154212,0.619369205713081
0.309504145042086,0.620538873712108
0.307154280873602,0.61698150109264
0.305026247014179,0.614578388796831
0.302288956929564,0.612877380247207
0.298448047112655,0.610355806586756
0.296120045532731,0.611679826750732
0.293043991540328,0.610813071256768
0.290534397403782,0.60939946250319
0.286945295442528,0.607360625329483
0.285606688664856,0.606048343070838
0.283423374160486,0.606387597881203
0.278037177024801,0.602563366239377
0.275947711254756,0.60325672450635
0.274836642704613,0.598845900841574
0.272465713181237,0.600674087471489
0.271789857430122,0.604644850257017
0.271591137767544,0.603999428431622
0.26965158174493,0.598679145832954
0.267060058227092,0.597986486660848
0.264442358327826,0.598915537207377
0.260555942447303,0.59649019263362
0.259086383757894,0.595273415735435
0.256601237590155,0.590243945133065
0.256021999934715,0.588966398556992
0.254702359285696,0.586118864796239
0.2533500321894,0.589967534629751
0.252216314435039,0.585985961588311
0.249310759991258,0.585213473952194
0.248346568763057,0.582304456225726
0.247632985626046,0.580031239243056
0.245036129841519,0.583560141573408
0.242333091190743,0.582199771451386
0.239459002054747,0.584358183783977
0.237186590959287,0.584019284158496
0.235164940716865,0.579307735249064
0.23442166555388,0.575566250403745
0.232790539021038,0.578639373682876
0.232122396856777,0.578720063623879
0.230943556844105,0.575770547066765
0.228278957266324,0.577156068542927
0.227184616077606,0.578131533103017
0.225863274175494,0.575068415284058
0.2245416645927,0.573455967544603
0.223434534865341,0.572589990449665
0.22183255718354,0.571377915763532
0.220929668527867,0.571326810015432
0.218643048645959,0.571704322807164
0.217624515885552,0.571257582952245
0.216689850378892,0.56893708765956
0.215331211140434,0.572877644532925
0.214136790844676,0.57248351142578
0.212860873269281,0.569826327854098
0.211904668340311,0.569356645011744
0.210033919672358,0.57228335953366
0.208916594011187,0.569484514120431
0.208504570441371,0.569855617673326
0.206599704516624,0.567707463740714
0.205457249878539,0.567162321013033
0.204326293099797,0.567278970789533
0.203491052977787,0.567900882724564
0.203197886304097,0.566441812023389
0.20214909666987,0.569417700810576
0.20096248340201,0.568606957287985
0.199050211847445,0.564252667327362
0.19802908575993,0.560422441153632
0.197391645891095,0.562343482042629
0.196628721130349,0.564441448199455
0.195572961480092,0.566735037103944
0.19476807793761,0.565310004574746
0.194703549276425,0.567347461495597
0.193935529050381,0.567160409793776
0.193042757185365,0.566740299402164
0.191925349802784,0.568564708672702
0.191186431963654,0.565952475456316
0.190904801508265,0.56847212323011
0.190514893337661,0.567956448849527
0.190271224363631,0.566069756226203
0.189141514919971,0.566256358985489
0.188081023169398,0.56694781676853
0.187184348113678,0.567219301287075
0.18679697907716,0.564920536671113
0.186190662757855,0.56324095346877
0.185693077695635,0.561278532229113
0.184498306014536,0.558561964171057
0.184145965429762,0.557043461291649
0.183652480051742,0.55480751768249
0.1831322904675,0.555193005228925
0.182566203980389,0.554453721144421
0.182258506095934,0.553165579628287
0.181207110516373,0.554394472704326
0.180941541561132,0.552315658452855
0.181010669609389,0.552832027714068
0.180559098751435,0.554072682145184
0.179443107794461,0.551432968298116
0.178924098693132,0.551130200545848
0.178733818449735,0.551700009224304
0.177719944539203,0.550695785403741
0.176759193788425,0.549358725863329
0.176017212522679,0.54911811040878
0.175276699352387,0.544523163265096
0.175075844730625,0.546597749634254
0.174374329341519,0.545646215108777
0.174103162832175,0.543643134890951
0.173743069434822,0.541931736410375
0.173188048653285,0.541624688089988
0.172504340678788,0.542122103516039
0.171948272886581,0.542046261632249
0.170908330202584,0.542620854573909
0.170329631157204,0.542109366496692
0.168916361308801,0.540552908643287
0.168084334835295,0.540117632585134
0.167405739198368,0.53905491588369
0.166769570062645,0.53905401046437
0.166664143691412,0.537533920607726
0.165989022835789,0.536408251581573
0.165667282100099,0.534692584278286
0.165613288077587,0.534821717052274
0.164949650853954,0.535100615078446
0.164487574658411,0.537545426087588
0.163319103955537,0.536497123578125
0.162865802871933,0.534299794025102
0.162066216835931,0.533570462796605
0.161737379030101,0.533579589312715
0.161550836384085,0.532989050569227
0.161217519910752,0.534479325928905
0.160624221568295,0.535070480231771
0.160524245535473,0.534031350160288
0.160339722962149,0.535542172014397
0.159791592539753,0.53355096876765
0.159014952917857,0.533591589162812
0.158425659605566,0.533600991323331
0.158311450066715,0.535148687593058
0.157694521474065,0.536448623851769
0.157434547546967,0.535231342842381
0.15677682169659,0.53591462111688
0.155752466394074,0.536541681187333
0.154718882290378,0.533205330987499
0.15444284880626,0.535339326116062
0.153914415543693,0.532397609234028
0.153562997099094,0.532022027255347
0.153645090204862,0.528005497853255
0.15323419906392,0.530705906912145
0.153089074053049,0.530752532603381
0.1524637023282,0.530051132070087
0.152164561426528,0.530662919435571
0.15192142337971,0.533461927409015
0.151781724916737,0.532072555790145
0.151411653137505,0.533862572540387
0.15105203482075,0.533002277672267
0.150405138491994,0.533249387333819
0.150554020669646,0.532250001911581
0.150353380408267,0.529975413096432
0.150144452839907,0.529986564470737
0.149919278736355,0.530516464917357
0.149656834752919,0.53184423154579
0.149458961193352,0.531037318336361
0.149352382481055,0.531783713326338
0.148973346323493,0.529714890481218
0.148969832145085,0.529095465962799
0.149082350405682,0.525515639307421
0.148909046764405,0.524652827260214
0.148283764301859,0.522576419940961
0.1480799988244,0.520444128576894
0.147753443636294,0.519668530117931
0.147356091585927,0.51977487334591
0.146622496657444,0.520765129348677
0.146585279041575,0.520992020755543
0.146284111280252,0.520387562820991
0.145638223534785,0.518754550777096
0.145384708280877,0.518848000849599
0.145111256572087,0.518413450599145
0.14434779460796,0.519929524394107
0.144372270160999,0.522236473471837
0.144221524020336,0.521092002165142
0.143856559153465,0.519941596541346
0.143813698327049,0.520433365618154
0.143724811000497,0.522230452779583
0.143154724954759,0.521820383369059
0.142870892919082,0.522511981130552
0.142594910678895,0.521356423879833
0.142351362746529,0.523866123703407
0.142210439298818,0.523341069865799
0.141894555155917,0.524385950241264
0.141913984023447,0.527420875897461
0.141257650401001,0.525548975869655
0.141305250317577,0.526476775594048
0.141442433089067,0.526012956795321
0.141155036904826,0.524640442655977
0.141353810871581,0.524427843237793
0.141359469018805,0.526243813803425
0.141536792626682,0.528604201886598
0.14157960650327,0.526690036815016
0.141170877943326,0.526369692705682
0.140930832122796,0.526044935067479
0.140880371000342,0.526045810561301
0.140593341118959,0.525893659390001
0.140524389069964,0.526425834764606
0.140442585109569,0.526428310532272
0.140221284646959,0.524046661304852
0.140358787305178,0.522081683435643
0.140158076205646,0.5218494269353
0.140101187847463,0.520892679637825
0.13942111470211,0.520168575032422
0.138938312063564,0.520507110574627
0.139070691617456,0.52071471619472
0.138928293075901,0.521690796032513
0.138593273454475,0.522740226785234
0.138573494860842,0.522350872878835
0.138520095688819,0.52213925645694
0.138095483089931,0.520376468179974
0.137973161264661,0.518344764528977
0.137623814814262,0.517513895937985
0.13731421202748,0.517306896733773
0.137465711867647,0.516833462156281
0.13692759343136,0.516730761634801
0.136698929534262,0.518110436618833
0.136430389376731,0.520425103921507
0.136252869061335,0.519839965667895
0.135957368213166,0.519894852885338
0.135643114409734,0.519778197253226
0.135425386540354,0.520039341925818
0.135441996534229,0.517706295149491
0.134937433299963,0.517081039345989
0.134523814443892,0.518353885692289
0.134394739828959,0.515458417139169
0.13390458621606,0.514510368865164
0.133656700307775,0.516153342294472
0.133335034293876,0.516193960342634
0.132819031694528,0.518004778045887
0.132685640955205,0.518276502222191
0.13273590202542,0.519547342319585
0.132512389958826,0.521524021655895
0.132457646319656,0.519346115484971
0.132234505132446,0.52147227954379
0.131764515217975,0.522435058154241
0.131743827310399,0.521838921843613
0.131688589162523,0.52031506996998
0.13126390664662,0.52216005409686
0.131107087892858,0.520522322921489
0.130563454232423,0.521401335771873
0.130323951322262,0.521215958541301
0.130367609698438,0.522378637056831
0.130133240635945,0.520437353498113
0.130212147290145,0.521559300328929
0.1299760555468,0.521386767830315
0.129512595716275,0.522482844811401
0.129296875926343,0.522588215206793
0.128999022215148,0.523377893594473
0.128967623249559,0.524659867820531
0.128525988855766,0.523575155884884
0.128528709446625,0.523541466696522
0.128451124348766,0.52356761055731
0.128110433452987,0.525395558631094
0.127948513941543,0.523430022440817
0.127755369673822,0.523526006294856
0.127643912537881,0.525942771806174
0.127744004169103,0.526183340005426
0.127660551935489,0.524768708245381
0.126982579715807,0.523986076086648
0.126683253380573,0.523639709330308
0.126658847757012,0.522064533769387
0.126580206472365,0.521111081775514
0.126481184724363,0.524203023590242
0.126392272586234,0.524372903595126
0.126140322698666,0.523783844694368
0.125522643570363,0.525468378397856
0.125588844384064,0.525884604593163
0.125346933203725,0.524704415306398
0.124993555313771,0.523780843098734
0.124890070659072,0.522913943732327
0.12479399672784,0.521157081286699
0.124757772642758,0.521895480230382
0.124581086194003,0.522979486834045
0.124199867426456,0.520997259664878
0.124112197254221,0.522264629938759
0.124228808640842,0.521408464201894
0.124037595366037,0.520783431249684
0.124020593689664,0.519707894769151
0.124185720259516,0.518061156798802
0.124171606556376,0.517631557956557
0.123961313467571,0.518034382578305
0.123978126975374,0.517356786375096
0.124147621831209,0.516757936992494
0.123651224052046,0.518775337695463
0.123525365117625,0.518496419298865
0.123423913232914,0.521504038987956
0.123532379957205,0.520068220954672
0.123184186805711,0.52131449462927
0.123033549544254,0.521287799412674
0.122834515987413,0.523062352055377
0.122024448292456,0.521427355063943
0.122080569738598,0.519614208263477
0.121749350011707,0.521197648917807
0.121632841264832,0.518705980177459
0.121573051467608,0.520163771331207
0.121395248517186,0.520081682169616
0.121369343161331,0.519201629327627
0.121057706258328,0.519654037347246
0.121286654145864,0.520474585843284
0.121280484936107,0.522108518064385
0.120796175103669,0.52286893929907
0.120431330322506,0.525061883076239
0.120426590213395,0.528354624764163
0.120013337915401,0.527905823546439
0.119842198102713,0.528208309525171
0.119895552811672,0.526696594699577
0.119793364791986,0.525522825353728
0.119585145793426,0.52420164841171
0.119492721653166,0.525471367508285
0.119753282101587,0.524837622409544
0.119610391675278,0.523404328431527
