2.5214694425347
3.25985170551129
1.93343471727391
2.37055726845612
1.40336383532484
2.58478407280851
1.76286382646146
1.66074149228114
0.713508109437036
1.42600037936163
0.20536653265693
0.211843806053049
0.831256527289249
1.1807870717976
1.08493121617572
1.38295561985398
1.36812405836748
1.88246397556023
0.924477092677437
0.593605741155237
0.583653156755001
0.665712859063074
0.705004670097272
0.883936774756325
0.304287669355556
0.537170235807022
1.05286154324068
0.620964014057559
2.11221977108492
1.67935817524825
1.96709035649542
1.94811767550068
1.54314563095448
1.16983313936808
2.18632415862314
1.96282503729844
1.76781416249597
2.33426008608139
1.33950086553281
2.2444307023709
1.21538954772233
0.88938910417292
1.85023820522448
0.72820825964292
1.18946132643753
2.21750812021138
2.23704450599496
1.46072768497436
1.51594066831083
0.692026349103786
1.55052361003866
1.44699445540501
1.62880640204629
2.12505804673465
1.55798198725732
1.66544268632077
1.41714812857572
0.910102887741588
0.851449461323485
2.07246393818268
1.80685955002072
-0.506937404266771
-0.308778479282927
0.477799969490689
-0.0122772331084711
2.04018374096711
1.66615604251524
2.32045024025799
1.19848847960926
1.19194076355681
1.66868688311321
1.14376784986504
1.18267083507812
1.89490817031771
0.897141031776756
1.35781227410461
0.931937488467092
1.990398153186
1.94061755952964
1.51006772549335
1.4546722241942
0.930273597480002
1.01428383165802
0.194358555051699
0.724767988103478
1.9538756892573
1.69650078463131
2.752476819135
0.894920766800554
1.3773611550346
2.53824430573068
1.24956492137973
0.367324165901787
0.691740125744681
0.857321349333447
1.36911425156685
1.29918641692647
0.411639796909592
1.25826142422902
1.83534393114698
1.80176009537222
1.63094980437386
1.56995065515935
1.97434782321415
2.02019519559836
1.73722113218065
2.22251671456291
1.92624377015907
1.52875594518245
1.08193967300466
1.14934946513958
1.50197210915469
0.654152116032932
1.47583958505979
1.65536804700364
-0.0307627956400442
1.4054313410228
1.28852737293763
1.24014998311424
-0.397465505468104
-0.137643909418067
0.928113688855577
0.672219962923952
0.827016449969429
1.057797005836
1.04243374332932
0.441749952210402
0.567836715002867
1.3435531277493
0.708134927468102
0.452581643071622
0.610244823236998
0.878299118706581
0.993144044303806
1.83516904938803
-0.2607505504668
0.596287432572805
-0.132116532198602
0.4555386159451
1.8168282003789
1.56182062124385
0.00259846601755756
1.08633647928135
2.03726663473059
1.63362964462822
1.98626494128826
1.69871698740297
