2.3151373434648
2.58986850148301
2.03438049460603
2.22217905047001
1.62824108152739
2.36850506104395
1.99673529996113
1.78052272514951
0.766441636282008
1.17478490083716
0.435810887924346
0.418386973791859
0.753809152910992
0.84779935818714
1.09827762660489
1.10282732435142
1.16858091278587
1.86331576282773
1.06797189122378
0.941286986645271
0.798083226227703
0.960674589743323
0.736470653596548
0.827660426487381
0.851811238695664
0.804321770072357
0.922082230975984
0.869517441007318
1.9188078251931
1.83382502815691
2.06857494852792
2.02914979295194
1.65950052207085
1.35115136978449
1.9851807205002
1.88972632942437
1.62014288218973
2.11016074866581
1.32460805289059
2.11504136713571
1.16871662224936
1.07490738037398
1.62454082474532
1.07275128798909
1.40068999290878
2.24257937413583
2.19922742322943
1.15866145238477
1.88956629631629
1.06973126746543
1.3644364124628
1.29477610867424
1.29361703258888
1.88984884110133
1.62689856762364
1.63409236350542
1.58615204724848
0.863783564682799
0.896069113287332
1.91511953732041
1.81453242341676
-0.0623849637169023
-0.233904559747524
0.684349316144594
0.215962181237473
1.98407711196813
1.61612998402932
1.77125391261288
1.2822711102462
1.26618366121911
1.43616870915045
0.942356370786781
1.28656485910853
1.72182825378222
1.09464430277602
1.46901319184192
1.10038691286296
2.2047384548202
1.74826538695929
1.39235108184997
1.78326348587359
0.768348893525259
0.91982508848673
0.491768315421476
0.581289244926573
1.62222139029626
2.02394926672753
2.32410813501817
1.07949390838294
1.21733975747389
2.13544035514309
1.53546070429331
0.663607779681536
0.789314905462863
0.795741391086668
1.22740555183056
1.25730970970804
0.725323488981883
1.06986782569843
2.01883165392396
1.86213806474479
1.72223409468275
1.68644660802646
1.9881999316602
1.72110880381939
1.87400379015155
1.91756061644868
1.84155440442561
1.56267465090757
1.15094236576769
1.18931137452513
1.55445901268753
0.860928721310539
1.55445901268753
1.56241173396897
0.209729583520927
1.48824623737773
1.42845683814214
1.13556006779002
0.032046671989486
0.222556917941255
0.873796522080993
0.783961027494011
0.988219317151251
0.925799411373176
0.956545419536532
0.497913554229049
0.662196981305181
1.26418538843359
0.566909473979728
0.609601835699064
0.571373481629929
0.603420480775055
1.08486883862543
1.40560219167223
-0.0752700154456716
0.352069645281016
0.144115932845646
0.398113109954787
1.40485668099641
1.33450610443853
0.486924539145993
1.26267071394238
1.82708221433461
1.56269878214737
1.6737161895342
1.33866498680857
