2.49995203664395
2.99938294731029
1.7949431564023
2.52608397087671
1.5357660369427
2.77971041369728
1.32971442557559
1.60786917966044
0.542170788656567
1.74309677110492
-0.0711963066837468
-0.182978585644986
1.09484141993757
1.37897691518443
1.08345206871958
0.829686204945475
1.22472153593673
2.15381415157155
0.88494403327311
0.470723028341415
0.655506851028004
0.460132597595689
0.677378497858254
1.11213939128748
0.24759177342768
0.932197123990614
1.14723790567714
0.74564466244926
2.39381157176898
1.93794035414127
2.19382551012627
1.75315181262934
1.90992188261898
0.9799523327125
2.61445710744253
2.20187894879018
1.66682617374221
2.04859922065399
1.28293949789104
2.46117737930633
1.01462810538144
0.663339986401409
2.06893489322924
1.03196231024295
1.00792213882146
2.00273129936104
1.97869112793956
1.11071194758517
1.83326540871802
0.938010651417849
2.25895696374754
1.76286817939106
1.69527131879466
1.87552719422477
1.63181121340095
1.64877164357114
1.40973050032037
0.946862211601775
0.837447047219174
2.19432552747579
1.9058796068746
-0.659620434841973
-0.550877129407051
0.509939983695161
-0.02890407860544
2.0192144185154
1.69770104164157
2.34113246573289
1.54658804601196
1.09003446663819
1.94943974343927
1.29435285346513
1.22675599286874
1.76308864261614
0.977723375932013
1.48005694564673
0.738682232681251
1.66607838158035
1.87533917930327
1.87640018958774
1.4403125586443
0.995342871787015
0.96603425059873
0.098524304531613
0.746758520063822
1.836753900305
1.58080673953234
3.18037406840602
0.622690134507108
1.43778922046834
2.74723423381333
1.13404598269376
0.431319182477705
0.338582077385398
1.29433979051834
1.4285343896856
1.23866855869092
0.139884280003145
1.24345751454925
1.86586074208703
1.78212407659772
1.49207949643075
1.41214835422472
2.05831170913944
2.19437091524896
1.84426495275758
1.79554428743154
1.91262585891582
1.58149753104969
0.99927918794813
1.28325316967967
1.68286640218644
0.489349259280513
1.33303296506332
1.89946646831558
-0.160550304438521
1.33318718142573
0.84831354180266
1.47945368577267
-0.677268690492559
-0.608729545134033
0.783826667565084
0.728074259020844
0.887254740352937
1.1260380928922
1.01193179593015
0.612509619915629
0.46530683731295
1.60399125763474
0.904760647739937
0.654856950117795
0.65719074616282
1.3715934673996
0.908026307793669
2.00445039846834
-0.0990938027487975
0.607582528142932
-0.116243584889642
0.356020275003828
1.51963318373978
1.30066948747182
-0.373530979911225
1.06533942716683
1.74187875296963
1.42511277211914
2.10171605329056
1.7697525523093
