"R2","CVR2"
0.745079637885111,0.778618255404124
0.721936141728724,0.760781129577222
0.700817186715756,0.746957457619524
0.683064093824634,0.743210515290534
0.658898740476996,0.734664180910778
0.646373431965623,0.728623695807057
0.630213518467403,0.721244393517537
0.620365347288305,0.715431667371452
0.605031822468201,0.710433818403049
0.596197482767748,0.704505348069145
0.579020960267268,0.701563534547453
0.570577157526145,0.70380327575243
0.564067104820209,0.698425149221754
0.554846965201148,0.689040934034888
0.54195060352745,0.685574160226814
0.533967280821811,0.67547009378131
0.529046979505654,0.676028753985385
0.522784903953185,0.678677614527632
0.506496571712872,0.684987781360255
0.496353786245993,0.680406030781186
0.487122823762559,0.676804500525269
0.483951519879794,0.669736129951951
0.476901865998342,0.677656309489862
0.47160430719044,0.664080710642504
0.463178541680858,0.654321991192488
0.45578934925752,0.656266744098504
0.450581623745648,0.651116850033528
0.443209291727496,0.653782230338029
0.440409953883391,0.660643447994742
0.433326961320395,0.657801581462241
0.429091268176082,0.662239130737644
0.429017139101467,0.656981800242571
0.420191594092194,0.647368005945652
0.412912613785801,0.646469047307179
0.407369877518885,0.644349836840346
0.402186816727365,0.641071109682261
0.397350849981583,0.640566978905041
0.393480128398195,0.637741349993876
0.385306845731504,0.634531293952792
0.379586461195423,0.631470407645277
0.374281547640712,0.628288808316301
0.369903284319593,0.62571638454993
0.366807458456195,0.623740312076462
0.364845813463346,0.6229817209833
0.360679839688236,0.614566376294916
0.355350773832447,0.60914823869105
0.352963560201518,0.603047644269718
0.346785144178063,0.595039084197597
0.344118697794754,0.601320034363673
0.341758339628486,0.598741425072926
0.337877700148336,0.60280735547253
0.334802582624857,0.600500584784507
0.332775282025393,0.600126672182956
0.328833802261143,0.599466601028214
0.323960413908264,0.604036933703922
0.32280781558104,0.600666963790157
0.317715369746593,0.595483565783472
0.314593737340065,0.595790652645453
0.312832235411303,0.592172510297877
0.311141335487023,0.587501755270685
0.309586606526103,0.58574161492052
0.30830773983331,0.583862491741885
0.307473771027792,0.57536640476583
0.304604380248535,0.575816049262401
0.300206141949795,0.573261640483589
0.298125264450934,0.574158553922311
0.295900259344419,0.572937766981412
0.29352486312889,0.574581351427283
0.290334406569472,0.568483455687783
0.289945135511231,0.571251402975046
0.287924147553897,0.570409747137403
0.286848990047784,0.572870750483151
0.284922548505544,0.574535199012366
0.28342099421856,0.571303230624635
0.282656429476102,0.576446204168837
0.28069799616643,0.574784188871594
0.277932304289596,0.575094059058125
0.27354013351908,0.576437266513508
0.269391155216176,0.578016604647042
0.267098067821091,0.582055440768349
0.267418750816869,0.583370772919973
0.264867779891155,0.584778968987579
0.263078221199068,0.582216879908023
0.261296407712988,0.580970986565772
0.259245310509261,0.580357257423533
0.25833471835348,0.580432324328787
0.256440665558968,0.577057624338382
0.255103025947853,0.575437449699139
0.253882835436025,0.574587284205556
0.252914974998525,0.57832048277984
0.252723701724694,0.58152314054041
0.251541136838137,0.580036315269276
0.250324858821583,0.580518204404536
0.249127828391711,0.578242508108943
0.248654530889473,0.57501002326493
0.246920652279933,0.574714335199379
0.245560033238903,0.574590094977848
0.245206001646082,0.57302388978419
0.243065157685654,0.572824733916785
0.242616605658383,0.572673819988694
0.243159888079047,0.57215648797076
0.242342944040715,0.570423979266191
0.242329374784831,0.569445507567937
0.241587915224848,0.568502517738959
0.23857342725801,0.572841398740947
0.237418302110436,0.565937030119832
0.236486437029339,0.564422065525269
0.236106338420551,0.564357540800564
0.235036291766377,0.564707082191858
0.235262303736457,0.567053663888954
0.23460929174282,0.564625998326435
0.2342366102918,0.561496961476982
0.232693415057724,0.560333715588455
0.231399907198478,0.556813393392085
0.228518763298073,0.558658435502152
0.227401721065477,0.558398663000992
0.226100693640972,0.559681113016524
0.224106857797472,0.561573039452294
0.223160741744491,0.564925549148531
0.223082848267076,0.564753867170334
0.222883775994277,0.562833391972137
0.221446599901724,0.559456468452534
0.220406034012914,0.559402019685644
0.219778358182832,0.559695541373148
0.219334367434488,0.55710289548008
0.217720221362519,0.559191919327753
0.217133553969809,0.556825764708406
0.215884576220916,0.556424838273774
0.212320971742827,0.555970730864794
0.211207821654434,0.555454706177298
0.210068380515369,0.553225777225339
0.209751721578302,0.550380006556457
0.209585340245383,0.550147524064782
0.208994041247677,0.550448349462025
0.20823025688006,0.550664608308714
0.208469875147505,0.549989574373437
0.208298038379852,0.554690527955328
0.20717319065956,0.554393431782226
0.206926056877765,0.552596272360247
0.205119468266668,0.549476073491887
0.204513205360966,0.550551827045925
0.205005984129237,0.551146348501228
0.20385124505904,0.551812600433523
0.203124542168392,0.553547904872717
0.202468152980491,0.551176704715492
0.202555212553048,0.553609909611443
0.20193690357843,0.550866006073045
0.200328998579187,0.552988021125924
0.199617164436414,0.550972924450471
0.198928373727714,0.547183560325421
0.198430226535637,0.546978359014253
0.198442207519566,0.546749972404507
0.197459608817225,0.548425166495352
0.197404934919924,0.548971501752951
0.196335590435941,0.54996034906117
0.195805025748956,0.550179698653238
0.196096227823301,0.54819162714996
0.195474460074542,0.549858994403709
0.19530145390377,0.547226004756943
0.194982979270107,0.548491210041687
0.194786088681183,0.548877755806168
0.193636869874458,0.553432978170032
0.193276626346673,0.556041330453933
0.192451873839492,0.557033924151835
0.192447054463124,0.557767609451602
0.192300579801112,0.556847318084858
0.190812705579382,0.55862331683535
0.188895583400265,0.557994304107509
0.188108661483895,0.555208607319069
0.187637389017944,0.555657779998549
0.187247881864939,0.556578692393428
0.187423938618502,0.555403877213239
0.185162955431827,0.555201343315319
0.185135994322404,0.55781814115006
0.184896163782693,0.557620874219579
0.184880910943065,0.556518045044416
0.184956470665594,0.554584146623939
0.184358651058379,0.557469763540733
0.183390920028292,0.556353989255902
0.181832222840326,0.557722332731538
0.180978428291782,0.556112311301102
0.180822719626017,0.555980300372371
0.180629529124326,0.554785160894858
0.179936191914372,0.553060096415288
0.178828847896879,0.554124875385362
0.177584035965735,0.556499004739357
0.176188911464124,0.552919544444952
0.175126372424173,0.550164259288753
0.175354047414183,0.551667097394244
0.174582270015539,0.556437245917558
0.174380907136796,0.554401421480089
0.173309094918886,0.556166790115208
0.172948744313461,0.554854104303061
0.172723316769407,0.55496612292921
0.172842347983462,0.557375594755728
0.172346724902105,0.55672265415879
0.170977464614188,0.557097708348768
0.170905967855161,0.556337318278325
0.170197664919295,0.557594410409683
0.170082890884506,0.557423811869309
0.169578539114258,0.559376275015089
0.169004306527148,0.558202450887617
0.168743173559008,0.557230153088322
0.168527708211436,0.55775720216891
0.168153341194115,0.557718749488642
0.167376176581774,0.559550459538696
0.166994248091835,0.561049173119288
0.167290944609219,0.563873098692989
0.166567259379509,0.563119396620312
0.166054977917994,0.562082685906674
0.16575526944751,0.560578413324673
0.16579040200397,0.564100646257824
0.166235065698483,0.564575655013649
0.165525368427015,0.562783527119978
0.16506731129952,0.559728947048886
0.16501420695743,0.557495776115667
0.164288322328794,0.554805895772963
0.163985545176439,0.553515302002678
0.163858835979859,0.554478128714327
0.163757045781126,0.558596116290472
0.162759221738376,0.557205952230366
0.162176769290168,0.554503911703161
0.161650165711141,0.55503196869062
0.161358385262655,0.556065790780354
0.160906004337508,0.553427775751953
0.160674953277553,0.55279162999519
0.160099119860662,0.553613316263961
0.159339472787745,0.552285206625944
0.158622532666649,0.550129866689088
0.157705202009761,0.552373867739231
0.158121665381736,0.55232383732219
0.157517034892558,0.551268721005465
0.157223714629178,0.550433622210984
0.156475345048507,0.54791452664293
0.156570494519467,0.546081193041312
0.155910344360376,0.544144784879479
0.155535834921538,0.542703004092749
0.15517597916709,0.543971810273169
0.155066665291055,0.54347819163662
0.154649275619468,0.5433231707527
0.15474678327859,0.544589547619751
0.153906834476898,0.54240029579305
0.153412794377082,0.543415439786679
0.153455383066437,0.543347170993984
0.152959874456738,0.546889786330114
0.152490817448401,0.547650638027172
0.151444991490241,0.545986471430785
0.151856396802038,0.547862564376955
0.15238376741902,0.549977083647584
0.151730123789376,0.553383320464712
0.151536381652673,0.55224241735386
0.151613552744812,0.554994692413128
0.150640021161506,0.556747415447483
0.150608071215028,0.55385235528457
0.150283804564441,0.554094992524485
0.149949892529904,0.555726004562061
0.149581639079464,0.555150510044781
0.14929250972665,0.553362324697178
0.149327245019246,0.551145288033974
0.148685645799378,0.550462759387346
0.148469842112165,0.552796154126342
0.146560807227252,0.554171316154349
0.145912487356846,0.55550295958305
0.145812441749404,0.557613521766772
0.145653662612881,0.560074624752806
0.145479369127625,0.557324530219253
0.145497713008492,0.555425884491755
0.145257789338673,0.556827880446608
0.145187241659391,0.558109646863421
0.145058665460206,0.556302631643561
0.144412208949577,0.55397806166091
0.144642502980371,0.553953397534815
0.144709655142014,0.549760815781482
0.144347083331407,0.548303163245711
0.143973552292192,0.54966203515673
0.143601187121843,0.550064005829236
0.143494522763184,0.549660397846227
0.143376290219027,0.549789889323792
0.142703989575841,0.548971486701225
0.143197396046803,0.547500224686239
0.142965914634547,0.550188547348426
0.14294342119385,0.547623721125844
0.143071717435133,0.542941086653284
0.142722947402421,0.540293263274093
0.142369786868828,0.540064836382992
0.141253371283677,0.542430501257971
0.140844538872264,0.543479520339349
0.140617703483442,0.543623387430878
0.140467447440971,0.543367761014966
0.139872954149371,0.541950961625308
0.139398273135154,0.539955490482111
0.139684979824225,0.540556086064406
0.13984966428793,0.542903201810533
0.139938442472011,0.541432022532315
0.139747613185669,0.54088221824541
0.139681601450524,0.539439542717803
0.139281986011931,0.53954448833947
0.139279595955972,0.541745347785094
0.138598978747548,0.54260100936044
0.138099787211319,0.53988267160475
0.137067420775927,0.538596678904156
0.136882676860913,0.540115441712289
0.13678721510796,0.542349714189017
0.136504970862064,0.539708371986726
0.136625705912826,0.542446569187102
0.136633306568949,0.547055754011418
0.136263040454341,0.546760705261831
0.135670125199389,0.548852199099345
0.135650328862845,0.552099458970114
0.135441284383873,0.553250694783252
0.135302896995612,0.551482094539063
0.135412375083724,0.552729275690568
0.13538525391075,0.551349309520568
0.135002702247808,0.549168460762183
0.134684105122686,0.550554912449368
0.134387444825839,0.55110710841949
0.133859462498818,0.554083967413278
0.13376891554354,0.555174057233794
0.133564884769511,0.555260622256176
0.133498301386751,0.549796408107743
0.133325597109131,0.551438865079036
0.133205752161761,0.552073767522842
0.132842715572958,0.549392515970322
0.132756102749464,0.548900903297013
0.132897386086847,0.548426508385312
0.132763898358001,0.548133824746855
0.132662328394325,0.546795887412675
0.133027822936635,0.548274028020357
0.132907392072817,0.546365802229853
0.132734576709413,0.547185837667322
0.132456384725637,0.546711928758693
0.131899304580653,0.546362829909963
0.131621172513591,0.544065340179715
0.131527028146329,0.541828530437535
0.131411288595813,0.540056550992396
0.131271736478533,0.537101070873925
0.130811274601655,0.537079764485868
0.130797205411508,0.537850829141374
0.131158611985777,0.537522137291845
0.131052396503951,0.538167035335418
0.131049768242907,0.53680988727831
0.131049011654539,0.537278308150453
0.1309222909696,0.533239071490386
0.130998301098777,0.533274971400233
0.131021015331662,0.531212640950977
0.130948118731118,0.530470743748981
0.130761716397638,0.533421312084059
0.130436807343948,0.535039672796983
0.130329410159614,0.53581316554841
0.129759984808974,0.53766479885646
0.129588678052388,0.539475095920292
0.129313877309234,0.542202727325245
0.1292473093058,0.542658564854065
0.128566691502267,0.542520648306738
0.128434160201537,0.540042306120741
0.128648678926802,0.537153318373492
0.128610156916253,0.535808730678322
0.128835460989545,0.536724145553656
0.12886198031018,0.534173766690085
0.128885101850916,0.535037241298638
0.128501500808671,0.533876585946343
0.128049857770838,0.534688416955433
0.128243150717658,0.532356035602382
0.127559873416938,0.532804332842412
0.127491860231117,0.533317413595524
0.127529510139756,0.534689635052181
0.127334694495218,0.533359865835699
0.126880545294059,0.533854910345244
0.12693539020737,0.535702857224846
0.126838628862662,0.532592242444796
0.126729719834583,0.53033493789809
0.127138276711866,0.531756759628097
0.126990823009864,0.5323046909296
0.126874505997194,0.533550297013663
0.126850368395529,0.53664569635521
0.126674905220405,0.538365168497618
0.126238170186031,0.538484869697702
0.12599812144362,0.536697940955928
0.125769248814654,0.537109982551473
0.125514683366969,0.53576609603754
0.125364100692817,0.540754201586969
0.125126641470047,0.539059583252717
0.125019837992656,0.540680860356141
0.124956660979227,0.542496379483828
