"Value","Chl_a","Chl_a_modified","Var"
22.3,1.37220950040709,0.287125767389135,"NtoTP"
23.3444444444444,1.37220950040709,0.287125767389135,"NtoTP"
24.3888888888889,1.37220950040709,0.287125767389135,"NtoTP"
25.4333333333333,1.37220950040709,0.287125767389135,"NtoTP"
26.4777777777778,1.37220950040709,0.287125767389135,"NtoTP"
27.5222222222222,1.37220950040709,0.287125767389135,"NtoTP"
28.5666666666667,1.37220950040709,0.287125767389135,"NtoTP"
29.6111111111111,1.37220950040709,0.287125767389135,"NtoTP"
30.6555555555556,1.37220950040709,0.287125767389135,"NtoTP"
31.7,1.37220950040709,0.287125767389135,"NtoTP"
32.7444444444444,1.37220950040709,0.287125767389135,"NtoTP"
33.7888888888889,1.37220950040709,0.287125767389135,"NtoTP"
34.8333333333333,1.37220950040709,0.287125767389135,"NtoTP"
35.8777777777778,1.37220950040709,0.287125767389135,"NtoTP"
36.9222222222222,1.37220950040709,0.287125767389135,"NtoTP"
37.9666666666667,1.37220950040709,0.287125767389135,"NtoTP"
39.0111111111111,1.37163872162118,0.287006335701141,"NtoTP"
40.0555555555556,1.32482302788198,0.277210461247034,"NtoTP"
41.1,1.30586153685207,0.273242894588159,"NtoTP"
42.1444444444444,1.24270081383863,0.260026930802232,"NtoTP"
43.1888888888889,1.15963929610281,0.24264685726876,"NtoTP"
44.2333333333333,1.15216842508062,0.241083626891273,"NtoTP"
45.2777777777778,1.16529516283274,0.243830309995622,"NtoTP"
46.3222222222222,1.1738993746738,0.245630684447854,"NtoTP"
47.3666666666667,1.17412753102678,0.245678424656557,"NtoTP"
48.4111111111111,1.17413469173556,0.245679922987535,"NtoTP"
49.4555555555556,1.17933129551541,0.24676727797791,"NtoTP"
50.5,1.17824818929335,0.246540645160486,"NtoTP"
51.5444444444445,1.17000592179172,0.244816005168757,"NtoTP"
52.5888888888889,1.17228310051819,0.245292489764677,"NtoTP"
53.6333333333333,1.17324903797479,0.245494605792437,"NtoTP"
54.6777777777778,1.18493772003906,0.247940385249929,"NtoTP"
55.7222222222222,1.18418738176726,0.247783381926437,"NtoTP"
56.7666666666667,1.18377487347105,0.247697067292216,"NtoTP"
57.8111111111111,1.18431564732606,0.247810220646754,"NtoTP"
58.8555555555556,1.18469209975404,0.247888990828887,"NtoTP"
59.9,1.18596609970405,0.24815556689704,"NtoTP"
60.9444444444444,1.18976976481047,0.248951458677594,"NtoTP"
61.9888888888889,1.19455626253838,0.24995300168748,"NtoTP"
63.0333333333333,1.20025315316463,0.25114503839347,"NtoTP"
64.0777777777778,1.20051145767819,0.251199086905489,"NtoTP"
65.1222222222222,1.15376537179173,0.241417777434445,"NtoTP"
66.1666666666667,0.944318982708489,0.197592505000048,"NtoTP"
67.2111111111111,0.878515126510595,0.183823483066897,"NtoTP"
68.2555555555556,0.871038919487553,0.182259136166504,"NtoTP"
69.3,0.836796125592208,0.175094057895415,"NtoTP"
70.3444444444444,0.836335378022402,0.174997649512064,"NtoTP"
71.3888888888889,0.752336489113795,0.157421437256892,"NtoTP"
72.4333333333333,0.751993655651332,0.157349701621067,"NtoTP"
73.4777777777778,0.751106085636945,0.157163983462567,"NtoTP"
74.5222222222222,0.63288904458268,0.132427849059541,"NtoTP"
75.5666666666667,0.622851810133467,0.13032762409911,"NtoTP"
76.6111111111111,0.621566619652109,0.130058706486245,"NtoTP"
77.6555555555556,0.619830363566129,0.129695406377243,"NtoTP"
78.7,0.607323210619232,0.127078367297813,"NtoTP"
79.7444444444445,0.607323210619232,0.127078367297813,"NtoTP"
80.7888888888889,0.607323210619232,0.127078367297813,"NtoTP"
81.8333333333333,0.607323210619232,0.127078367297813,"NtoTP"
82.8777777777778,0.607323210619232,0.127078367297813,"NtoTP"
83.9222222222222,0.607323210619232,0.127078367297813,"NtoTP"
84.9666666666667,0.607323210619232,0.127078367297813,"NtoTP"
86.0111111111111,0.607323210619232,0.127078367297813,"NtoTP"
87.0555555555556,0.607323210619232,0.127078367297813,"NtoTP"
88.1,0.607323210619232,0.127078367297813,"NtoTP"
89.1444444444444,0.607323210619232,0.127078367297813,"NtoTP"
90.1888888888889,0.607323210619232,0.127078367297813,"NtoTP"
91.2333333333333,0.607323210619232,0.127078367297813,"NtoTP"
92.2777777777778,0.607323210619232,0.127078367297813,"NtoTP"
93.3222222222222,0.607323210619232,0.127078367297813,"NtoTP"
94.3666666666667,0.607323210619232,0.127078367297813,"NtoTP"
95.4111111111111,0.607323210619232,0.127078367297813,"NtoTP"
96.4555555555556,0.607323210619232,0.127078367297813,"NtoTP"
97.5,0.607323210619232,0.127078367297813,"NtoTP"
98.5444444444445,0.607323210619232,0.127078367297813,"NtoTP"
99.5888888888889,0.607323210619232,0.127078367297813,"NtoTP"
100.633333333333,0.607323210619232,0.127078367297813,"NtoTP"
101.677777777778,0.607323210619232,0.127078367297813,"NtoTP"
102.722222222222,0.607323210619232,0.127078367297813,"NtoTP"
103.766666666667,0.607323210619232,0.127078367297813,"NtoTP"
104.811111111111,0.607323210619232,0.127078367297813,"NtoTP"
105.855555555556,0.607323210619232,0.127078367297813,"NtoTP"
106.9,0.607323210619232,0.127078367297813,"NtoTP"
107.944444444444,0.607323210619232,0.127078367297813,"NtoTP"
108.988888888889,0.607323210619232,0.127078367297813,"NtoTP"
110.033333333333,0.607323210619232,0.127078367297813,"NtoTP"
111.077777777778,0.607323210619232,0.127078367297813,"NtoTP"
112.122222222222,0.607323210619232,0.127078367297813,"NtoTP"
113.166666666667,0.607323210619232,0.127078367297813,"NtoTP"
114.211111111111,0.607323210619232,0.127078367297813,"NtoTP"
115.255555555556,0.607323210619232,0.127078367297813,"NtoTP"
116.3,0.607323210619232,0.127078367297813,"NtoTP"
117.344444444444,0.607323210619232,0.127078367297813,"NtoTP"
118.388888888889,0.607323210619232,0.127078367297813,"NtoTP"
119.433333333333,0.607323210619232,0.127078367297813,"NtoTP"
120.477777777778,0.607323210619232,0.127078367297813,"NtoTP"
121.522222222222,0.607323210619232,0.127078367297813,"NtoTP"
122.566666666667,0.607323210619232,0.127078367297813,"NtoTP"
123.611111111111,0.607323210619232,0.127078367297813,"NtoTP"
124.655555555556,0.607323210619232,0.127078367297813,"NtoTP"
125.7,0.607323210619232,0.127078367297813,"NtoTP"
3.2,1.33675139846599,0.279706393942894,"TEMP"
3.31313131313131,1.33675139846599,0.279706393942894,"TEMP"
3.42626262626263,1.33675139846599,0.279706393942894,"TEMP"
3.53939393939394,1.33675139846599,0.279706393942894,"TEMP"
3.65252525252525,1.33675139846599,0.279706393942894,"TEMP"
3.76565656565657,1.33675139846599,0.279706393942894,"TEMP"
3.87878787878788,1.33675139846599,0.279706393942894,"TEMP"
3.99191919191919,1.33675139846599,0.279706393942894,"TEMP"
4.1050505050505,1.33675139846599,0.279706393942894,"TEMP"
4.21818181818182,1.33675139846599,0.279706393942894,"TEMP"
4.33131313131313,1.33675139846599,0.279706393942894,"TEMP"
4.44444444444444,1.33675139846599,0.279706393942894,"TEMP"
4.55757575757576,1.33675139846599,0.279706393942894,"TEMP"
4.67070707070707,1.33675139846599,0.279706393942894,"TEMP"
4.78383838383838,1.33675139846599,0.279706393942894,"TEMP"
4.8969696969697,1.33675139846599,0.279706393942894,"TEMP"
5.01010101010101,1.33675139846599,0.279706393942894,"TEMP"
5.12323232323232,1.33675139846599,0.279706393942894,"TEMP"
5.23636363636364,1.33675139846599,0.279706393942894,"TEMP"
5.34949494949495,1.33675139846599,0.279706393942894,"TEMP"
5.46262626262626,1.33675139846599,0.279706393942894,"TEMP"
5.57575757575758,1.33675139846599,0.279706393942894,"TEMP"
5.68888888888889,1.33675139846599,0.279706393942894,"TEMP"
5.8020202020202,1.33681270034317,0.279719220955475,"TEMP"
5.91515151515152,1.33697152084025,0.279752453094655,"TEMP"
6.02828282828283,1.33890312941065,0.280156629419704,"TEMP"
6.14141414141414,1.33997452540784,0.280380811949981,"TEMP"
6.25454545454545,1.3410586908554,0.280607666403339,"TEMP"
6.36767676767677,1.34110597038189,0.28061755933173,"TEMP"
6.48080808080808,1.33660343063566,0.279675432652494,"TEMP"
6.59393939393939,1.33660343063566,0.279675432652494,"TEMP"
6.70707070707071,1.33427959529935,0.279189185469372,"TEMP"
6.82020202020202,1.33399416826752,0.279129461749691,"TEMP"
6.93333333333333,1.33397520383624,0.279125493567803,"TEMP"
7.04646464646465,1.3343145955349,0.279196509037304,"TEMP"
7.15959595959596,1.33510776441802,0.279362474383096,"TEMP"
7.27272727272727,1.32669307384997,0.277601756004468,"TEMP"
7.38585858585859,1.32603411062711,0.27746387230596,"TEMP"
7.4989898989899,1.32636797007509,0.277533730188573,"TEMP"
7.61212121212121,1.32628060332758,0.277515449274169,"TEMP"
7.72525252525253,1.32528894329605,0.277307950967636,"TEMP"
7.83838383838384,1.32409590805769,0.277058316230204,"TEMP"
7.95151515151515,1.32406261015765,0.277051348864727,"TEMP"
8.06464646464647,1.3231714134012,0.276864871834422,"TEMP"
8.17777777777778,1.32312688252557,0.276855554043055,"TEMP"
8.29090909090909,1.32009310433229,0.276220756009974,"TEMP"
8.4040404040404,1.31102643045279,0.274323614433162,"TEMP"
8.51717171717172,1.30941888868119,0.273987246943617,"TEMP"
8.63030303030303,1.31006867782699,0.274123211027144,"TEMP"
8.74343434343434,1.32026467372635,0.276256655771573,"TEMP"
8.85656565656566,1.07068857754115,0.224034507391241,"TEMP"
8.96969696969697,1.06734545011064,0.223334980075128,"TEMP"
9.08282828282828,1.06886607911021,0.223653161641635,"TEMP"
9.1959595959596,1.07291435979946,0.22450023761594,"TEMP"
9.30909090909091,0.998124435126584,0.208850940254054,"TEMP"
9.42222222222222,0.948304550892424,0.198426458797158,"TEMP"
9.53535353535354,0.948520869924312,0.19847172212467,"TEMP"
9.64848484848485,0.949147061221225,0.198602748514303,"TEMP"
9.76161616161616,0.989348763133608,0.207014688898419,"TEMP"
9.87474747474747,0.989404656599386,0.207026384236666,"TEMP"
9.98787878787879,0.985224247321747,0.206151661228637,"TEMP"
10.1010101010101,0.988191299682944,0.206772497322425,"TEMP"
10.2141414141414,0.987711991202117,0.206672205191134,"TEMP"
10.3272727272727,0.966505005474651,0.202234783609953,"TEMP"
10.440404040404,1.00044846845463,0.209337228865637,"TEMP"
10.5535353535354,0.997848940673204,0.208793294860756,"TEMP"
10.6666666666667,0.971489045312031,0.203277661000454,"TEMP"
10.779797979798,0.86803043687992,0.181629631067511,"TEMP"
10.8929292929293,0.854487026086848,0.178795761883634,"TEMP"
11.0060606060606,0.810207478604963,0.16953055926945,"TEMP"
11.1191919191919,0.697425114628815,0.14593159512075,"TEMP"
11.2323232323232,0.69760647776304,0.145969544157741,"TEMP"
11.3454545454545,0.697546062118424,0.145956902583464,"TEMP"
11.4585858585859,0.697055280635896,0.145854209802406,"TEMP"
11.5717171717172,0.697196704162149,0.145883801740437,"TEMP"
11.6848484848485,0.697196704162149,0.145883801740437,"TEMP"
11.7979797979798,0.697196704162149,0.145883801740437,"TEMP"
11.9111111111111,0.69777238587544,0.146004259333576,"TEMP"
12.0242424242424,0.69777238587544,0.146004259333576,"TEMP"
12.1373737373737,0.69777238587544,0.146004259333576,"TEMP"
12.2505050505051,0.69777238587544,0.146004259333576,"TEMP"
12.3636363636364,0.69777238587544,0.146004259333576,"TEMP"
12.4767676767677,0.69777238587544,0.146004259333576,"TEMP"
12.589898989899,0.69777238587544,0.146004259333576,"TEMP"
12.7030303030303,0.69777238587544,0.146004259333576,"TEMP"
12.8161616161616,0.69777238587544,0.146004259333576,"TEMP"
12.9292929292929,0.69777238587544,0.146004259333576,"TEMP"
13.0424242424242,0.69777238587544,0.146004259333576,"TEMP"
13.1555555555556,0.69777238587544,0.146004259333576,"TEMP"
13.2686868686869,0.69777238587544,0.146004259333576,"TEMP"
13.3818181818182,0.69777238587544,0.146004259333576,"TEMP"
13.4949494949495,0.69777238587544,0.146004259333576,"TEMP"
13.6080808080808,0.69777238587544,0.146004259333576,"TEMP"
13.7212121212121,0.69777238587544,0.146004259333576,"TEMP"
13.8343434343434,0.69777238587544,0.146004259333576,"TEMP"
13.9474747474747,0.69777238587544,0.146004259333576,"TEMP"
14.0606060606061,0.69777238587544,0.146004259333576,"TEMP"
14.1737373737374,0.69777238587544,0.146004259333576,"TEMP"
14.2868686868687,0.69777238587544,0.146004259333576,"TEMP"
14.4,0.69777238587544,0.146004259333576,"TEMP"
129,0.764172015326298,0.159897942881734,"Ordinal_date"
130.424242424242,0.764172015326298,0.159897942881734,"Ordinal_date"
131.848484848485,0.764172015326298,0.159897942881734,"Ordinal_date"
133.272727272727,0.764172015326298,0.159897942881734,"Ordinal_date"
134.69696969697,0.764172015326298,0.159897942881734,"Ordinal_date"
136.121212121212,0.764172015326298,0.159897942881734,"Ordinal_date"
137.545454545455,0.764172015326298,0.159897942881734,"Ordinal_date"
138.969696969697,0.764172015326298,0.159897942881734,"Ordinal_date"
140.393939393939,0.764172015326298,0.159897942881734,"Ordinal_date"
141.818181818182,0.764172015326298,0.159897942881734,"Ordinal_date"
143.242424242424,0.764172015326298,0.159897942881734,"Ordinal_date"
144.666666666667,0.764172015326298,0.159897942881734,"Ordinal_date"
146.090909090909,0.764172015326298,0.159897942881734,"Ordinal_date"
147.515151515152,0.764172015326298,0.159897942881734,"Ordinal_date"
148.939393939394,0.764172015326298,0.159897942881734,"Ordinal_date"
150.363636363636,0.764172015326298,0.159897942881734,"Ordinal_date"
151.787878787879,0.764172015326298,0.159897942881734,"Ordinal_date"
153.212121212121,0.764172015326298,0.159897942881734,"Ordinal_date"
154.636363636364,0.764172015326298,0.159897942881734,"Ordinal_date"
156.060606060606,0.764172015326298,0.159897942881734,"Ordinal_date"
157.484848484848,0.764172015326298,0.159897942881734,"Ordinal_date"
158.909090909091,0.764172015326298,0.159897942881734,"Ordinal_date"
160.333333333333,0.764172015326298,0.159897942881734,"Ordinal_date"
161.757575757576,0.764172015326298,0.159897942881734,"Ordinal_date"
163.181818181818,0.764172015326298,0.159897942881734,"Ordinal_date"
164.606060606061,0.764172015326298,0.159897942881734,"Ordinal_date"
166.030303030303,0.764172015326298,0.159897942881734,"Ordinal_date"
167.454545454545,0.764172015326298,0.159897942881734,"Ordinal_date"
168.878787878788,0.764172015326298,0.159897942881734,"Ordinal_date"
170.30303030303,0.764172015326298,0.159897942881734,"Ordinal_date"
171.727272727273,0.764172015326298,0.159897942881734,"Ordinal_date"
173.151515151515,0.764172015326298,0.159897942881734,"Ordinal_date"
174.575757575758,0.769161569723289,0.160941974157381,"Ordinal_date"
176,0.769161569723289,0.160941974157381,"Ordinal_date"
177.424242424242,0.770361793625298,0.161193113075164,"Ordinal_date"
178.848484848485,0.809065842682341,0.169291679499076,"Ordinal_date"
180.272727272727,0.830549903975462,0.173787077310848,"Ordinal_date"
181.69696969697,0.858538691917931,0.17964354617649,"Ordinal_date"
183.121212121212,0.858538691917931,0.17964354617649,"Ordinal_date"
184.545454545455,0.860280243457189,0.180007954324087,"Ordinal_date"
185.969696969697,0.860280243457189,0.180007954324087,"Ordinal_date"
187.393939393939,0.860280243457189,0.180007954324087,"Ordinal_date"
188.818181818182,0.860286768029332,0.180009319547679,"Ordinal_date"
190.242424242424,0.860286768029332,0.180009319547679,"Ordinal_date"
191.666666666667,0.860246991038266,0.180000996475232,"Ordinal_date"
193.090909090909,0.86112810258787,0.180185363242668,"Ordinal_date"
194.515151515152,0.861190544490525,0.180198428798046,"Ordinal_date"
195.939393939394,1.00228847743502,0.209722238581967,"Ordinal_date"
197.363636363636,1.01666900649673,0.212731269230043,"Ordinal_date"
198.787878787879,1.01881649884584,0.213180617808753,"Ordinal_date"
200.212121212121,1.02377237077128,0.214217601249877,"Ordinal_date"
201.636363636364,1.02377237077128,0.214217601249877,"Ordinal_date"
203.060606060606,1.02473593038777,0.21441921973031,"Ordinal_date"
204.484848484848,1.02481211716244,0.214435161309301,"Ordinal_date"
205.909090909091,1.02742332738159,0.214981539787051,"Ordinal_date"
207.333333333333,1.02717342177632,0.214929248691073,"Ordinal_date"
208.757575757576,1.03008734503681,0.215538967871733,"Ordinal_date"
210.181818181818,1.10019123458549,0.230207743359482,"Ordinal_date"
211.606060606061,1.11221998108189,0.232724679051505,"Ordinal_date"
213.030303030303,1.1108634513964,0.232440834181742,"Ordinal_date"
214.454545454545,1.11143239135664,0.232559881107617,"Ordinal_date"
215.878787878788,1.11143239135664,0.232559881107617,"Ordinal_date"
217.30303030303,1.14572562269304,0.239735513079846,"Ordinal_date"
218.727272727273,1.14659062218064,0.239916508504813,"Ordinal_date"
220.151515151515,1.14677239203532,0.23995454264537,"Ordinal_date"
221.575757575758,1.14701165051322,0.240004605900327,"Ordinal_date"
223,1.14483721298618,0.239549619221246,"Ordinal_date"
224.424242424242,1.36208304571733,0.285006873683134,"Ordinal_date"
225.848484848485,1.37857203581028,0.288457085864658,"Ordinal_date"
227.272727272727,1.37948406342392,0.288647921614133,"Ordinal_date"
228.69696969697,1.37954253879307,0.288660157198594,"Ordinal_date"
230.121212121212,1.384641560667,0.289727093820191,"Ordinal_date"
231.545454545455,1.52611550298635,0.319329581080306,"Ordinal_date"
232.969696969697,1.52611550298635,0.319329581080306,"Ordinal_date"
234.393939393939,1.52611550298635,0.319329581080306,"Ordinal_date"
235.818181818182,1.52611550298635,0.319329581080306,"Ordinal_date"
237.242424242424,1.52611550298635,0.319329581080306,"Ordinal_date"
238.666666666667,1.52611550298635,0.319329581080306,"Ordinal_date"
240.090909090909,1.52611550298635,0.319329581080306,"Ordinal_date"
241.515151515152,1.52611550298635,0.319329581080306,"Ordinal_date"
242.939393939394,1.52611550298635,0.319329581080306,"Ordinal_date"
244.363636363636,1.52611550298635,0.319329581080306,"Ordinal_date"
245.787878787879,1.52611550298635,0.319329581080306,"Ordinal_date"
247.212121212121,1.52611550298635,0.319329581080306,"Ordinal_date"
248.636363636364,1.52611550298635,0.319329581080306,"Ordinal_date"
250.060606060606,1.52611550298635,0.319329581080306,"Ordinal_date"
251.484848484848,1.52611550298635,0.319329581080306,"Ordinal_date"
252.909090909091,1.52611550298635,0.319329581080306,"Ordinal_date"
254.333333333333,1.52611550298635,0.319329581080306,"Ordinal_date"
255.757575757576,1.52611550298635,0.319329581080306,"Ordinal_date"
257.181818181818,1.52611550298635,0.319329581080306,"Ordinal_date"
258.606060606061,1.52611550298635,0.319329581080306,"Ordinal_date"
260.030303030303,1.52611550298635,0.319329581080306,"Ordinal_date"
261.454545454545,1.52611550298635,0.319329581080306,"Ordinal_date"
262.878787878788,1.52611550298635,0.319329581080306,"Ordinal_date"
264.30303030303,1.52611550298635,0.319329581080306,"Ordinal_date"
265.727272727273,1.52611550298635,0.319329581080306,"Ordinal_date"
267.151515151515,1.52611550298635,0.319329581080306,"Ordinal_date"
268.575757575758,1.52611550298635,0.319329581080306,"Ordinal_date"
270,1.52611550298635,0.319329581080306,"Ordinal_date"
8.84999991394579,1.08539452592494,0.227111629881376,"ppt_month"
10.6430100430217,1.08539452592494,0.227111629881376,"ppt_month"
12.4360201720976,1.08539452592494,0.227111629881376,"ppt_month"
14.2290303011735,1.08539452592494,0.227111629881376,"ppt_month"
16.0220404302494,1.08598854723918,0.227235924914785,"ppt_month"
17.8150505593253,1.08608758486796,0.22725664788395,"ppt_month"
19.6080606884013,1.12447818884416,0.235289627996628,"ppt_month"
21.4010708174772,1.13057614944974,0.236565585944642,"ppt_month"
23.1940809465531,1.1355526118946,0.237606877815849,"ppt_month"
24.987091075629,1.13707524118234,0.237925477929432,"ppt_month"
26.7801012047049,1.13870275733563,0.238266024926311,"ppt_month"
28.5731113337808,1.13740584476171,0.237994654543061,"ppt_month"
30.3661214628567,1.12157833757107,0.234682853286313,"ppt_month"
32.1591315919326,1.10360078148738,0.230921168510936,"ppt_month"
33.9521417210085,1.10367658936079,0.230937030807342,"ppt_month"
35.7451518500845,1.10492416901418,0.231198078603071,"ppt_month"
37.5381619791604,1.11503995835221,0.233314740654722,"ppt_month"
39.3311721082363,1.12181485982217,0.234732344003899,"ppt_month"
41.1241822373122,1.1250672901984,0.235412893560929,"ppt_month"
42.9171923663881,1.1253916774368,0.235480769446302,"ppt_month"
44.710202495464,1.13201544867165,0.236866749792782,"ppt_month"
46.5032126245399,1.13201544867165,0.236866749792782,"ppt_month"
48.2962227536158,1.13201544867165,0.236866749792782,"ppt_month"
50.0892328826917,1.13201544867165,0.236866749792782,"ppt_month"
51.8822430117677,1.13201544867165,0.236866749792782,"ppt_month"
53.6752531408436,1.13283119886937,0.237037440129388,"ppt_month"
55.4682632699195,1.17666488702244,0.246209349626233,"ppt_month"
57.2612733989954,1.17666488702244,0.246209349626233,"ppt_month"
59.0542835280713,1.17687697089366,0.24625372677437,"ppt_month"
60.8472936571472,1.17890745516489,0.246678592186229,"ppt_month"
62.6403037862231,1.17890745516489,0.246678592186229,"ppt_month"
64.433313915299,1.17890745516489,0.246678592186229,"ppt_month"
66.2263240443749,1.17890745516489,0.246678592186229,"ppt_month"
68.0193341734509,1.17890745516489,0.246678592186229,"ppt_month"
69.8123443025268,1.22505959558687,0.256335622494925,"ppt_month"
71.6053544316027,1.22505959558687,0.256335622494925,"ppt_month"
73.3983645606786,1.22505959558687,0.256335622494925,"ppt_month"
75.1913746897545,1.2240856611231,0.256131833146279,"ppt_month"
76.9843848188304,0.99080641750818,0.20731969344092,"ppt_month"
78.7773949479063,0.99080641750818,0.20731969344092,"ppt_month"
80.5704050769822,0.99017902468265,0.207188415639366,"ppt_month"
82.3634152060581,0.99017902468265,0.207188415639366,"ppt_month"
84.1564253351341,0.99017902468265,0.207188415639366,"ppt_month"
85.94943546421,0.99017902468265,0.207188415639366,"ppt_month"
87.7424455932859,0.99017902468265,0.207188415639366,"ppt_month"
89.5354557223618,0.99017902468265,0.207188415639366,"ppt_month"
91.3284658514377,0.99017902468265,0.207188415639366,"ppt_month"
93.1214759805136,0.99017902468265,0.207188415639366,"ppt_month"
94.9144861095895,0.99017902468265,0.207188415639366,"ppt_month"
96.7074962386654,0.99017902468265,0.207188415639366,"ppt_month"
98.5005063677414,0.99017902468265,0.207188415639366,"ppt_month"
100.293516496817,0.99017902468265,0.207188415639366,"ppt_month"
102.086526625893,0.99017902468265,0.207188415639366,"ppt_month"
103.879536754969,0.99017902468265,0.207188415639366,"ppt_month"
105.672546884045,0.99017902468265,0.207188415639366,"ppt_month"
107.465557013121,0.99017902468265,0.207188415639366,"ppt_month"
109.258567142197,0.99017902468265,0.207188415639366,"ppt_month"
111.051577271273,0.99017902468265,0.207188415639366,"ppt_month"
112.844587400349,0.99017902468265,0.207188415639366,"ppt_month"
114.637597529425,0.99017902468265,0.207188415639366,"ppt_month"
116.4306076585,0.99017902468265,0.207188415639366,"ppt_month"
118.223617787576,0.99017902468265,0.207188415639366,"ppt_month"
120.016627916652,0.99017902468265,0.207188415639366,"ppt_month"
121.809638045728,0.99017902468265,0.207188415639366,"ppt_month"
123.602648174804,0.99017902468265,0.207188415639366,"ppt_month"
125.39565830388,0.99017902468265,0.207188415639366,"ppt_month"
127.188668432956,0.99017902468265,0.207188415639366,"ppt_month"
128.981678562032,0.99017902468265,0.207188415639366,"ppt_month"
130.774688691108,0.99017902468265,0.207188415639366,"ppt_month"
132.567698820184,0.99017902468265,0.207188415639366,"ppt_month"
134.36070894926,0.99017902468265,0.207188415639366,"ppt_month"
136.153719078335,0.99017902468265,0.207188415639366,"ppt_month"
137.946729207411,0.99017902468265,0.207188415639366,"ppt_month"
139.739739336487,0.99017902468265,0.207188415639366,"ppt_month"
141.532749465563,0.99017902468265,0.207188415639366,"ppt_month"
143.325759594639,0.99017902468265,0.207188415639366,"ppt_month"
145.118769723715,0.99017902468265,0.207188415639366,"ppt_month"
146.911779852791,0.99017902468265,0.207188415639366,"ppt_month"
148.704789981867,0.99017902468265,0.207188415639366,"ppt_month"
150.497800110943,0.99017902468265,0.207188415639366,"ppt_month"
152.290810240019,0.99017902468265,0.207188415639366,"ppt_month"
154.083820369095,0.99017902468265,0.207188415639366,"ppt_month"
155.876830498171,0.99017902468265,0.207188415639366,"ppt_month"
157.669840627246,0.99017902468265,0.207188415639366,"ppt_month"
159.462850756322,0.99017902468265,0.207188415639366,"ppt_month"
161.255860885398,0.99017902468265,0.207188415639366,"ppt_month"
163.048871014474,0.99017902468265,0.207188415639366,"ppt_month"
164.84188114355,0.99017902468265,0.207188415639366,"ppt_month"
166.634891272626,0.99017902468265,0.207188415639366,"ppt_month"
168.427901401702,0.99017902468265,0.207188415639366,"ppt_month"
170.220911530778,0.99017902468265,0.207188415639366,"ppt_month"
172.013921659854,0.99017902468265,0.207188415639366,"ppt_month"
173.80693178893,0.99017902468265,0.207188415639366,"ppt_month"
175.599941918006,0.99017902468265,0.207188415639366,"ppt_month"
177.392952047081,0.99017902468265,0.207188415639366,"ppt_month"
179.185962176157,0.99017902468265,0.207188415639366,"ppt_month"
180.978972305233,0.99017902468265,0.207188415639366,"ppt_month"
182.771982434309,0.99017902468265,0.207188415639366,"ppt_month"
184.564992563385,0.99017902468265,0.207188415639366,"ppt_month"
186.358002692461,0.99017902468265,0.207188415639366,"ppt_month"
0.239499762270692,1.14399009543542,0.239372365473361,"ppt_percent_normal"
0.255716490347626,1.14399009543542,0.239372365473361,"ppt_percent_normal"
0.27193321842456,1.14399009543542,0.239372365473361,"ppt_percent_normal"
0.288149946501494,1.14399009543542,0.239372365473361,"ppt_percent_normal"
0.304366674578428,1.14399009543542,0.239372365473361,"ppt_percent_normal"
0.320583402655363,1.14399009543542,0.239372365473361,"ppt_percent_normal"
0.336800130732297,1.14399009543542,0.239372365473361,"ppt_percent_normal"
0.353016858809231,1.14399009543542,0.239372365473361,"ppt_percent_normal"
0.369233586886165,1.14399399208902,0.23937318082237,"ppt_percent_normal"
0.385450314963099,1.15054853131163,0.240744674827925,"ppt_percent_normal"
0.401667043040033,1.15054853131163,0.240744674827925,"ppt_percent_normal"
0.417883771116967,1.15054853131163,0.240744674827925,"ppt_percent_normal"
0.434100499193901,1.15054853131163,0.240744674827925,"ppt_percent_normal"
0.450317227270836,1.15054853131163,0.240744674827925,"ppt_percent_normal"
0.46653395534777,1.15054853131163,0.240744674827925,"ppt_percent_normal"
0.482750683424704,1.15054853131163,0.240744674827925,"ppt_percent_normal"
0.498967411501638,1.15054853131163,0.240744674827925,"ppt_percent_normal"
0.515184139578572,1.15054853131163,0.240744674827925,"ppt_percent_normal"
0.531400867655506,1.15054853131163,0.240744674827925,"ppt_percent_normal"
0.54761759573244,1.15054853131163,0.240744674827925,"ppt_percent_normal"
0.563834323809374,1.15054853131163,0.240744674827925,"ppt_percent_normal"
0.580051051886309,1.15054853131163,0.240744674827925,"ppt_percent_normal"
0.596267779963243,1.15054853131163,0.240744674827925,"ppt_percent_normal"
0.612484508040177,1.15054853131163,0.240744674827925,"ppt_percent_normal"
0.628701236117111,1.15054853131163,0.240744674827925,"ppt_percent_normal"
0.644917964194045,1.15054853131163,0.240744674827925,"ppt_percent_normal"
0.661134692270979,1.15211571676128,0.241072598023863,"ppt_percent_normal"
0.677351420347913,1.15211571676128,0.241072598023863,"ppt_percent_normal"
0.693568148424847,1.15211571676128,0.241072598023863,"ppt_percent_normal"
0.709784876501782,1.1520938835299,0.241068029564519,"ppt_percent_normal"
0.726001604578716,1.1520938835299,0.241068029564519,"ppt_percent_normal"
0.74221833265565,1.1520938835299,0.241068029564519,"ppt_percent_normal"
0.758435060732584,1.1520938835299,0.241068029564519,"ppt_percent_normal"
0.774651788809518,1.14904990049323,0.240431096235414,"ppt_percent_normal"
0.790868516886452,1.14904990049323,0.240431096235414,"ppt_percent_normal"
0.807085244963386,1.14904990049323,0.240431096235414,"ppt_percent_normal"
0.82330197304032,1.14904990049323,0.240431096235414,"ppt_percent_normal"
0.839518701117255,1.14904990049323,0.240431096235414,"ppt_percent_normal"
0.855735429194189,1.14904990049323,0.240431096235414,"ppt_percent_normal"
0.871952157271123,1.14904990049323,0.240431096235414,"ppt_percent_normal"
0.888168885348057,1.14904990049323,0.240431096235414,"ppt_percent_normal"
0.904385613424991,1.14904990049323,0.240431096235414,"ppt_percent_normal"
0.920602341501925,1.14904990049323,0.240431096235414,"ppt_percent_normal"
0.936819069578859,1.14904990049323,0.240431096235414,"ppt_percent_normal"
0.953035797655793,1.14904990049323,0.240431096235414,"ppt_percent_normal"
0.969252525732727,1.14986529486557,0.240601712117911,"ppt_percent_normal"
0.985469253809662,1.14986529486557,0.240601712117911,"ppt_percent_normal"
1.0016859818866,1.14986529486557,0.240601712117911,"ppt_percent_normal"
1.01790270996353,1.14986529486557,0.240601712117911,"ppt_percent_normal"
1.03411943804046,1.14989161833055,0.240607220128956,"ppt_percent_normal"
1.0503361661174,1.14989161833055,0.240607220128956,"ppt_percent_normal"
1.06655289419433,1.14989161833055,0.240607220128956,"ppt_percent_normal"
1.08276962227127,1.15532607980889,0.241744345270454,"ppt_percent_normal"
1.0989863503482,1.15532607980889,0.241744345270454,"ppt_percent_normal"
1.11520307842513,1.15532607980889,0.241744345270454,"ppt_percent_normal"
1.13141980650207,1.15532607980889,0.241744345270454,"ppt_percent_normal"
1.147636534579,1.15532607980889,0.241744345270454,"ppt_percent_normal"
1.16385326265594,1.15532607980889,0.241744345270454,"ppt_percent_normal"
1.18006999073287,1.03187637526724,0.215913310621613,"ppt_percent_normal"
1.19628671880981,1.03187637526724,0.215913310621613,"ppt_percent_normal"
1.21250344688674,0.866677709180177,0.181346581738132,"ppt_percent_normal"
1.22872017496367,0.866677709180177,0.181346581738132,"ppt_percent_normal"
1.24493690304061,0.866677709180177,0.181346581738132,"ppt_percent_normal"
1.26115363111754,0.866677709180177,0.181346581738132,"ppt_percent_normal"
1.27737035919448,0.866677709180177,0.181346581738132,"ppt_percent_normal"
1.29358708727141,0.866677709180177,0.181346581738132,"ppt_percent_normal"
1.30980381534834,0.866677709180177,0.181346581738132,"ppt_percent_normal"
1.32602054342528,0.866677709180177,0.181346581738132,"ppt_percent_normal"
1.34223727150221,0.866677709180177,0.181346581738132,"ppt_percent_normal"
1.35845399957915,0.866677709180177,0.181346581738132,"ppt_percent_normal"
1.37467072765608,0.866677709180177,0.181346581738132,"ppt_percent_normal"
1.39088745573301,0.866677709180177,0.181346581738132,"ppt_percent_normal"
1.40710418380995,0.866677709180177,0.181346581738132,"ppt_percent_normal"
1.42332091188688,0.866677709180177,0.181346581738132,"ppt_percent_normal"
1.43953763996382,0.866677709180177,0.181346581738132,"ppt_percent_normal"
1.45575436804075,0.866677709180177,0.181346581738132,"ppt_percent_normal"
1.47197109611769,0.866677709180177,0.181346581738132,"ppt_percent_normal"
1.48818782419462,0.866677709180177,0.181346581738132,"ppt_percent_normal"
1.50440455227155,0.866677709180177,0.181346581738132,"ppt_percent_normal"
1.52062128034849,0.866677709180177,0.181346581738132,"ppt_percent_normal"
1.53683800842542,0.866677709180177,0.181346581738132,"ppt_percent_normal"
1.55305473650236,0.866677709180177,0.181346581738132,"ppt_percent_normal"
1.56927146457929,0.866677709180177,0.181346581738132,"ppt_percent_normal"
1.58548819265622,0.866677709180177,0.181346581738132,"ppt_percent_normal"
1.60170492073316,0.866677709180177,0.181346581738132,"ppt_percent_normal"
1.61792164881009,0.866677709180177,0.181346581738132,"ppt_percent_normal"
1.63413837688703,0.866677709180177,0.181346581738132,"ppt_percent_normal"
1.65035510496396,0.866677709180177,0.181346581738132,"ppt_percent_normal"
1.66657183304089,0.866677709180177,0.181346581738132,"ppt_percent_normal"
1.68278856111783,0.866677709180177,0.181346581738132,"ppt_percent_normal"
1.69900528919476,0.866677709180177,0.181346581738132,"ppt_percent_normal"
1.7152220172717,0.866677709180177,0.181346581738132,"ppt_percent_normal"
1.73143874534863,0.866677709180177,0.181346581738132,"ppt_percent_normal"
1.74765547342557,0.866677709180177,0.181346581738132,"ppt_percent_normal"
1.7638722015025,0.866677709180177,0.181346581738132,"ppt_percent_normal"
1.78008892957943,0.866677709180177,0.181346581738132,"ppt_percent_normal"
1.79630565765637,0.866677709180177,0.181346581738132,"ppt_percent_normal"
1.8125223857333,0.866677709180177,0.181346581738132,"ppt_percent_normal"
1.82873911381024,0.866677709180177,0.181346581738132,"ppt_percent_normal"
1.84495584188717,0.866677709180177,0.181346581738132,"ppt_percent_normal"
3.37128589834486,0.812481684175863,0.17000642175222,"tmean_week"
3.4835889311924,0.812481684175863,0.17000642175222,"tmean_week"
3.59589196403994,0.812481684175863,0.17000642175222,"tmean_week"
3.70819499688747,0.812481684175863,0.17000642175222,"tmean_week"
3.82049802973501,0.812481684175863,0.17000642175222,"tmean_week"
3.93280106258255,0.812481684175863,0.17000642175222,"tmean_week"
4.04510409543009,0.812481684175863,0.17000642175222,"tmean_week"
4.15740712827762,0.812481684175863,0.17000642175222,"tmean_week"
4.26971016112516,0.812481684175863,0.17000642175222,"tmean_week"
4.3820131939727,0.812481684175863,0.17000642175222,"tmean_week"
4.49431622682024,0.812481684175863,0.17000642175222,"tmean_week"
4.60661925966778,0.812481684175863,0.17000642175222,"tmean_week"
4.71892229251531,0.812481684175863,0.17000642175222,"tmean_week"
4.83122532536285,0.812481684175863,0.17000642175222,"tmean_week"
4.94352835821039,0.812481684175863,0.17000642175222,"tmean_week"
5.05583139105793,0.812481684175863,0.17000642175222,"tmean_week"
5.16813442390546,0.812481684175863,0.17000642175222,"tmean_week"
5.280437456753,0.812481684175863,0.17000642175222,"tmean_week"
5.39274048960054,0.812481684175863,0.17000642175222,"tmean_week"
5.50504352244808,0.812481684175863,0.17000642175222,"tmean_week"
5.61734655529562,0.812481684175863,0.17000642175222,"tmean_week"
5.72964958814315,0.812481684175863,0.17000642175222,"tmean_week"
5.84195262099069,0.812481684175863,0.17000642175222,"tmean_week"
5.95425565383823,0.812481684175863,0.17000642175222,"tmean_week"
6.06655868668577,0.812481684175863,0.17000642175222,"tmean_week"
6.1788617195333,0.812481684175863,0.17000642175222,"tmean_week"
6.29116475238084,0.812481684175863,0.17000642175222,"tmean_week"
6.40346778522838,0.812481684175863,0.17000642175222,"tmean_week"
6.51577081807592,0.812481684175863,0.17000642175222,"tmean_week"
6.62807385092345,0.812481684175863,0.17000642175222,"tmean_week"
6.74037688377099,0.812481684175863,0.17000642175222,"tmean_week"
6.85267991661853,0.812481684175863,0.17000642175222,"tmean_week"
6.96498294946607,0.812481684175863,0.17000642175222,"tmean_week"
7.07728598231361,0.812481684175863,0.17000642175222,"tmean_week"
7.18958901516115,0.812481684175863,0.17000642175222,"tmean_week"
7.30189204800868,0.812481684175863,0.17000642175222,"tmean_week"
7.41419508085622,0.839961849984292,0.175756464798406,"tmean_week"
7.52649811370376,0.856534275112264,0.179224135209488,"tmean_week"
7.6388011465513,0.856534275112264,0.179224135209488,"tmean_week"
7.75110417939883,0.856534275112264,0.179224135209488,"tmean_week"
7.86340721224637,0.925485117237783,0.193651643145808,"tmean_week"
7.97571024509391,0.925485117237783,0.193651643145808,"tmean_week"
8.08801327794145,0.925485117237783,0.193651643145808,"tmean_week"
8.20031631078898,0.925485117237783,0.193651643145808,"tmean_week"
8.31261934363652,0.925485117237783,0.193651643145808,"tmean_week"
8.42492237648406,0.925485117237783,0.193651643145808,"tmean_week"
8.5372254093316,0.92695930022417,0.193960106191074,"tmean_week"
8.64952844217914,0.927313225491787,0.194034162713808,"tmean_week"
8.76183147502667,0.927313225491787,0.194034162713808,"tmean_week"
8.87413450787421,0.93406540438028,0.195447011513013,"tmean_week"
8.98643754072175,0.97684197970342,0.204397727137917,"tmean_week"
9.09874057356929,0.979107478226514,0.20487176772849,"tmean_week"
9.21104360641682,0.979205611768083,0.204892301523381,"tmean_week"
9.32334663926436,0.980007041851701,0.20505999547077,"tmean_week"
9.4356496721119,0.980007041851701,0.20505999547077,"tmean_week"
9.54795270495944,0.980007041851701,0.20505999547077,"tmean_week"
9.66025573780698,0.980007041851701,0.20505999547077,"tmean_week"
9.77255877065451,0.980007041851701,0.20505999547077,"tmean_week"
9.88486180350205,0.980007041851701,0.20505999547077,"tmean_week"
9.99716483634959,0.980007041851701,0.20505999547077,"tmean_week"
10.1094678691971,1.00006045422342,0.209256039452606,"tmean_week"
10.2217709020447,1.00006045422342,0.209256039452606,"tmean_week"
10.3340739348922,1.00718353544281,0.210746497112814,"tmean_week"
10.4463769677397,1.18752368249217,0.248481480799529,"tmean_week"
10.5586800005873,1.19067652194716,0.249141191614605,"tmean_week"
10.6709830334348,1.20550260170328,0.252243450800309,"tmean_week"
10.7832860662824,1.21774479587032,0.254805049006483,"tmean_week"
10.8955890991299,1.22106447726536,0.255499670394658,"tmean_week"
11.0078921319774,1.22359542389768,0.256029254247423,"tmean_week"
11.120195164825,1.22436036793808,0.256189313731447,"tmean_week"
11.2324981976725,1.21907278058078,0.25508292102891,"tmean_week"
11.34480123052,1.18758829810598,0.248495001189597,"tmean_week"
11.4571042633676,1.18574552258526,0.24810941259299,"tmean_week"
11.5694072962151,1.18558627020679,0.248076090085485,"tmean_week"
11.6817103290627,1.17134041341621,0.245095238719932,"tmean_week"
11.7940133619102,1.17128564903059,0.245083779634245,"tmean_week"
11.9063163947577,1.17442668867236,0.245741021416403,"tmean_week"
12.0186194276053,1.15327197538816,0.241314537498445,"tmean_week"
12.1309224604528,1.15466572789998,0.241606170998569,"tmean_week"
12.2432254933003,1.15508988575367,0.241694923225686,"tmean_week"
12.3555285261479,1.15697090422434,0.242088513906779,"tmean_week"
12.4678315589954,1.15555287763868,0.24179180121716,"tmean_week"
12.580134591843,1.15525930134319,0.241730372317924,"tmean_week"
12.6924376246905,1.15218561997086,0.241087224808395,"tmean_week"
12.804740657538,1.12325934286934,0.235034592533206,"tmean_week"
12.9170436903856,1.12236105018417,0.234846630726724,"tmean_week"
13.0293467232331,1.12236105018417,0.234846630726724,"tmean_week"
13.1416497560806,1.12169338285205,0.234706925750887,"tmean_week"
13.2539527889282,1.12133986486909,0.234632954449776,"tmean_week"
13.3662558217757,1.11689957491912,0.233703853128923,"tmean_week"
13.4785588546233,1.11627243723635,0.233572628714304,"tmean_week"
13.5908618874708,1.11627243723635,0.233572628714304,"tmean_week"
13.7031649203183,1.11627243723635,0.233572628714304,"tmean_week"
13.8154679531659,1.11627243723635,0.233572628714304,"tmean_week"
13.9277709860134,1.11627243723635,0.233572628714304,"tmean_week"
14.0400740188609,1.11627243723635,0.233572628714304,"tmean_week"
14.1523770517085,1.11627243723635,0.233572628714304,"tmean_week"
14.264680084556,1.11627243723635,0.233572628714304,"tmean_week"
14.3769831174036,1.11627243723635,0.233572628714304,"tmean_week"
14.4892861502511,1.11627243723635,0.233572628714304,"tmean_week"
35.2,1.02090865654898,0.213618387978566,"NtoP"
43.8838383838384,1.02090865654898,0.213618387978566,"NtoP"
52.5676767676768,1.02518767406389,0.214513744108425,"NtoP"
61.2515151515152,1.02793027843942,0.215087615944858,"NtoP"
69.9353535353535,1.03590733699753,0.216756762718237,"NtoP"
78.6191919191919,1.03745157479875,0.217079884270432,"NtoP"
87.3030303030303,1.04455576157185,0.218566388392649,"NtoP"
95.9868686868687,1.04533737090939,0.21872993497994,"NtoP"
104.670707070707,1.04533737090939,0.21872993497994,"NtoP"
113.354545454545,1.04261102655839,0.21815946544616,"NtoP"
122.038383838384,1.03333913661175,0.216219383763816,"NtoP"
130.722222222222,1.03260887192347,0.216066580704984,"NtoP"
139.406060606061,1.03762767356693,0.217116731773626,"NtoP"
148.089898989899,1.03642723795495,0.216865548556932,"NtoP"
156.773737373737,1.03578788077885,0.216731767294107,"NtoP"
165.457575757576,1.03465689188056,0.216495115343197,"NtoP"
174.141414141414,1.03534915008058,0.216639965795589,"NtoP"
182.825252525252,1.0438712050477,0.218423149465023,"NtoP"
191.509090909091,1.06051201059321,0.221905128026467,"NtoP"
200.192929292929,1.1389393339677,0.238315527022753,"NtoP"
208.876767676768,1.14004774514223,0.238547454734212,"NtoP"
217.560606060606,1.13777523638441,0.238071947298363,"NtoP"
226.244444444444,1.12719495826851,0.235858094040301,"NtoP"
234.928282828283,1.18295905314332,0.247526362281369,"NtoP"
243.612121212121,1.1829968141132,0.247534263514707,"NtoP"
252.29595959596,1.19587209006459,0.250228329899463,"NtoP"
260.979797979798,1.19965550228154,0.251019983896772,"NtoP"
269.663636363636,1.21718747331817,0.254688432946457,"NtoP"
278.347474747475,1.23507439373039,0.2584311528067,"NtoP"
287.031313131313,1.27791532371764,0.267395334219671,"NtoP"
295.715151515151,1.2792860212127,0.267682143609936,"NtoP"
304.39898989899,1.2798043173157,0.26779059364345,"NtoP"
313.082828282828,1.27936834288695,0.26769936887611,"NtoP"
321.766666666667,1.27861371227388,0.267541467408582,"NtoP"
330.450505050505,1.24635717546002,0.260792000302248,"NtoP"
339.134343434343,1.22452348246458,0.256223444367898,"NtoP"
347.818181818182,1.22182388944001,0.25565857237234,"NtoP"
356.50202020202,1.21112328916292,0.253419542497405,"NtoP"
365.185858585859,1.19073809049406,0.249154074426065,"NtoP"
373.869696969697,1.18582283803913,0.248125590340642,"NtoP"
382.553535353535,1.18512908632474,0.24798042738024,"NtoP"
391.237373737374,1.15935554709658,0.242587484664842,"NtoP"
399.921212121212,1.1457039788022,0.239730984238759,"NtoP"
408.60505050505,1.1457039788022,0.239730984238759,"NtoP"
417.288888888889,1.14511478657116,0.239607699659089,"NtoP"
425.972727272727,1.14511478657116,0.239607699659089,"NtoP"
434.656565656566,1.14511478657116,0.239607699659089,"NtoP"
443.340404040404,1.14511478657116,0.239607699659089,"NtoP"
452.024242424242,1.14511478657116,0.239607699659089,"NtoP"
460.708080808081,1.14511478657116,0.239607699659089,"NtoP"
469.391919191919,1.14511478657116,0.239607699659089,"NtoP"
478.075757575758,1.14511478657116,0.239607699659089,"NtoP"
486.759595959596,1.14511478657116,0.239607699659089,"NtoP"
495.443434343434,1.14511478657116,0.239607699659089,"NtoP"
504.127272727273,1.14511478657116,0.239607699659089,"NtoP"
512.811111111111,1.14511478657116,0.239607699659089,"NtoP"
521.494949494949,1.14511478657116,0.239607699659089,"NtoP"
530.178787878788,1.14511478657116,0.239607699659089,"NtoP"
538.862626262626,1.14511478657116,0.239607699659089,"NtoP"
547.546464646465,1.14511478657116,0.239607699659089,"NtoP"
556.230303030303,1.14511478657116,0.239607699659089,"NtoP"
564.914141414141,1.14511478657116,0.239607699659089,"NtoP"
573.59797979798,1.14511478657116,0.239607699659089,"NtoP"
582.281818181818,1.14511478657116,0.239607699659089,"NtoP"
590.965656565657,1.14511478657116,0.239607699659089,"NtoP"
599.649494949495,1.14511478657116,0.239607699659089,"NtoP"
608.333333333333,1.14511478657116,0.239607699659089,"NtoP"
617.017171717172,1.14511478657116,0.239607699659089,"NtoP"
625.70101010101,1.14511478657116,0.239607699659089,"NtoP"
634.384848484848,1.14511478657116,0.239607699659089,"NtoP"
643.068686868687,1.14511478657116,0.239607699659089,"NtoP"
651.752525252525,1.14511478657116,0.239607699659089,"NtoP"
660.436363636364,1.14511478657116,0.239607699659089,"NtoP"
669.120202020202,1.14511478657116,0.239607699659089,"NtoP"
677.80404040404,1.14511478657116,0.239607699659089,"NtoP"
686.487878787879,1.14511478657116,0.239607699659089,"NtoP"
695.171717171717,1.14511478657116,0.239607699659089,"NtoP"
703.855555555555,1.14511478657116,0.239607699659089,"NtoP"
712.539393939394,1.14511478657116,0.239607699659089,"NtoP"
721.223232323232,1.14511478657116,0.239607699659089,"NtoP"
729.907070707071,1.14511478657116,0.239607699659089,"NtoP"
738.590909090909,1.14511478657116,0.239607699659089,"NtoP"
747.274747474747,1.14511478657116,0.239607699659089,"NtoP"
755.958585858586,1.14511478657116,0.239607699659089,"NtoP"
764.642424242424,1.14511478657116,0.239607699659089,"NtoP"
773.326262626263,1.14511478657116,0.239607699659089,"NtoP"
782.010101010101,1.14511478657116,0.239607699659089,"NtoP"
790.693939393939,1.14511478657116,0.239607699659089,"NtoP"
799.377777777778,1.14511478657116,0.239607699659089,"NtoP"
808.061616161616,1.14511478657116,0.239607699659089,"NtoP"
816.745454545455,1.14511478657116,0.239607699659089,"NtoP"
825.429292929293,1.14511478657116,0.239607699659089,"NtoP"
834.113131313131,1.14511478657116,0.239607699659089,"NtoP"
842.79696969697,1.14511478657116,0.239607699659089,"NtoP"
851.480808080808,1.14511478657116,0.239607699659089,"NtoP"
860.164646464646,1.14511478657116,0.239607699659089,"NtoP"
868.848484848485,1.14511478657116,0.239607699659089,"NtoP"
877.532323232323,1.14511478657116,0.239607699659089,"NtoP"
886.216161616162,1.14511478657116,0.239607699659089,"NtoP"
894.9,1.14511478657116,0.239607699659089,"NtoP"
0,1.01587090573443,0.212564271921132,"ppt_week"
0.305030307384453,1.01587090573443,0.212564271921132,"ppt_week"
0.610060614768905,1.01587090573443,0.212564271921132,"ppt_week"
0.915090922153358,1.01587090573443,0.212564271921132,"ppt_week"
1.22012122953781,0.971467314190092,0.203273113906835,"ppt_week"
1.52515153692226,0.970512302831895,0.203073284092943,"ppt_week"
1.83018184430672,0.971173985258704,0.203211736766903,"ppt_week"
2.13521215169117,1.0531161189327,0.220357586584783,"ppt_week"
2.44024245907562,1.11779745664529,0.233891728944951,"ppt_week"
2.74527276646007,1.11779745664529,0.233891728944951,"ppt_week"
3.05030307384453,1.12100092588805,0.234562033708446,"ppt_week"
3.35533338122898,1.12100092588805,0.234562033708446,"ppt_week"
3.66036368861343,1.12104720497949,0.234571717302416,"ppt_week"
3.96539399599788,1.12043722834173,0.234444083723027,"ppt_week"
4.27042430338234,1.12954174751323,0.236349144177026,"ppt_week"
4.57545461076679,1.1303489427373,0.236518044441945,"ppt_week"
4.88048491815124,1.13042882310439,0.236534758880734,"ppt_week"
5.18551522553569,1.13070938397692,0.236593464388749,"ppt_week"
5.49054553292015,1.13070938397692,0.236593464388749,"ppt_week"
5.7955758403046,1.13085167935854,0.236623238756754,"ppt_week"
6.10060614768905,1.13539782699902,0.237574490099606,"ppt_week"
6.4056364550735,1.13539782699902,0.237574490099606,"ppt_week"
6.71066676245796,1.13254672562544,0.236977915983517,"ppt_week"
7.01569706984241,1.12723805797277,0.23586711236852,"ppt_week"
7.32072737722686,1.12718406759037,0.235855815237889,"ppt_week"
7.62575768461131,1.12679424743005,0.235774247946129,"ppt_week"
7.93078799199577,1.10341652557518,0.230882614179276,"ppt_week"
8.23581829938022,1.10349269610396,0.230898552358921,"ppt_week"
8.54084860676467,1.10484848710853,0.231182242664585,"ppt_week"
8.84587891414912,1.10484848710853,0.231182242664585,"ppt_week"
9.15090922153358,1.10655565660681,0.231539456597379,"ppt_week"
9.45593952891803,1.10655565660681,0.231539456597379,"ppt_week"
9.76096983630248,1.0911541712406,0.228316797591307,"ppt_week"
10.0660001436869,1.09609431854655,0.229350490759743,"ppt_week"
10.3710304510714,1.09609431854655,0.229350490759743,"ppt_week"
10.6760607584558,1.09609431854655,0.229350490759743,"ppt_week"
10.9810910658403,1.09609431854655,0.229350490759743,"ppt_week"
11.2861213732247,1.09609431854655,0.229350490759743,"ppt_week"
11.5911516806092,1.09609431854655,0.229350490759743,"ppt_week"
11.8961819879936,1.09609431854655,0.229350490759743,"ppt_week"
12.2012122953781,1.09609431854655,0.229350490759743,"ppt_week"
12.5062426027626,1.09946989448068,0.230056807710749,"ppt_week"
12.811272910147,1.09980415088248,0.230126748653324,"ppt_week"
13.1163032175315,1.09988441812229,0.230143544042675,"ppt_week"
13.4213335249159,1.09988441812229,0.230143544042675,"ppt_week"
13.7263638323004,1.09988441812229,0.230143544042675,"ppt_week"
14.0313941396848,1.09988441812229,0.230143544042675,"ppt_week"
14.3364244470693,1.09988441812229,0.230143544042675,"ppt_week"
14.6414547544537,1.09988441812229,0.230143544042675,"ppt_week"
14.9464850618382,1.09988441812229,0.230143544042675,"ppt_week"
15.2515153692226,1.10805748235551,0.231853703707935,"ppt_week"
15.5565456766071,1.24348847882096,0.260191744493166,"ppt_week"
15.8615759839915,1.24810574527052,0.26115787697671,"ppt_week"
16.166606291376,1.24810574527052,0.26115787697671,"ppt_week"
16.4716365987604,1.24934482140441,0.261417145467192,"ppt_week"
16.7766669061449,1.24934482140441,0.261417145467192,"ppt_week"
17.0816972135293,1.24934482140441,0.261417145467192,"ppt_week"
17.3867275209138,1.24966897801138,0.261484973094462,"ppt_week"
17.6917578282982,1.24966897801138,0.261484973094462,"ppt_week"
17.9967881356827,1.24966897801138,0.261484973094462,"ppt_week"
18.3018184430672,1.24966897801138,0.261484973094462,"ppt_week"
18.6068487504516,1.24966897801138,0.261484973094462,"ppt_week"
18.9118790578361,1.24966897801138,0.261484973094462,"ppt_week"
19.2169093652205,1.24966897801138,0.261484973094462,"ppt_week"
19.521939672605,1.24966897801138,0.261484973094462,"ppt_week"
19.8269699799894,1.24966897801138,0.261484973094462,"ppt_week"
20.1320002873739,1.24966897801138,0.261484973094462,"ppt_week"
20.4370305947583,1.24966897801138,0.261484973094462,"ppt_week"
20.7420609021428,1.24966897801138,0.261484973094462,"ppt_week"
21.0470912095272,1.24966897801138,0.261484973094462,"ppt_week"
21.3521215169117,1.24966897801138,0.261484973094462,"ppt_week"
21.6571518242961,1.24966897801138,0.261484973094462,"ppt_week"
21.9621821316806,1.24966897801138,0.261484973094462,"ppt_week"
22.267212439065,1.24966897801138,0.261484973094462,"ppt_week"
22.5722427464495,1.24966897801138,0.261484973094462,"ppt_week"
22.8772730538339,1.24966897801138,0.261484973094462,"ppt_week"
23.1823033612184,1.24966897801138,0.261484973094462,"ppt_week"
23.4873336686028,1.24966897801138,0.261484973094462,"ppt_week"
23.7923639759873,1.24966897801138,0.261484973094462,"ppt_week"
24.0973942833717,1.24966897801138,0.261484973094462,"ppt_week"
24.4024245907562,1.24966897801138,0.261484973094462,"ppt_week"
24.7074548981407,1.24966897801138,0.261484973094462,"ppt_week"
25.0124852055251,1.24966897801138,0.261484973094462,"ppt_week"
25.3175155129096,1.24966897801138,0.261484973094462,"ppt_week"
25.622545820294,1.24966897801138,0.261484973094462,"ppt_week"
25.9275761276785,1.24966897801138,0.261484973094462,"ppt_week"
26.2326064350629,1.24966897801138,0.261484973094462,"ppt_week"
26.5376367424474,1.24966897801138,0.261484973094462,"ppt_week"
26.8426670498318,1.24966897801138,0.261484973094462,"ppt_week"
27.1476973572163,1.24966897801138,0.261484973094462,"ppt_week"
27.4527276646007,1.24966897801138,0.261484973094462,"ppt_week"
27.7577579719852,1.24966897801138,0.261484973094462,"ppt_week"
28.0627882793696,1.24966897801138,0.261484973094462,"ppt_week"
28.3678185867541,1.24966897801138,0.261484973094462,"ppt_week"
28.6728488941385,1.24966897801138,0.261484973094462,"ppt_week"
28.977879201523,1.24966897801138,0.261484973094462,"ppt_week"
29.2829095089074,1.24966897801138,0.261484973094462,"ppt_week"
29.5879398162919,1.24966897801138,0.261484973094462,"ppt_week"
29.8929701236763,1.24966897801138,0.261484973094462,"ppt_week"
30.1980004310608,1.24966897801138,0.261484973094462,"ppt_week"
0.081,0.973977847144695,0.203798426332476,"NO3_N"
0.0837676767676768,0.973977847144695,0.203798426332476,"NO3_N"
0.0865353535353535,0.973977847144695,0.203798426332476,"NO3_N"
0.0893030303030303,0.973977847144695,0.203798426332476,"NO3_N"
0.0920707070707071,0.973977847144695,0.203798426332476,"NO3_N"
0.0948383838383838,0.973977847144695,0.203798426332476,"NO3_N"
0.0976060606060606,0.973977847144695,0.203798426332476,"NO3_N"
0.100373737373737,0.973977847144695,0.203798426332476,"NO3_N"
0.103141414141414,0.973977847144695,0.203798426332476,"NO3_N"
0.105909090909091,0.973977847144695,0.203798426332476,"NO3_N"
0.108676767676768,0.973977847144695,0.203798426332476,"NO3_N"
0.111444444444444,0.973977847144695,0.203798426332476,"NO3_N"
0.114212121212121,0.973977847144695,0.203798426332476,"NO3_N"
0.116979797979798,0.973977847144695,0.203798426332476,"NO3_N"
0.119747474747475,0.973977847144695,0.203798426332476,"NO3_N"
0.122515151515152,0.973977847144695,0.203798426332476,"NO3_N"
0.125282828282828,0.973977847144695,0.203798426332476,"NO3_N"
0.128050505050505,0.973913555929104,0.203784973820591,"NO3_N"
0.130818181818182,0.973913555929104,0.203784973820591,"NO3_N"
0.133585858585859,0.998925523567181,0.209018562714899,"NO3_N"
0.136353535353535,1.00947539538392,0.211226053655852,"NO3_N"
0.139121212121212,1.0048117172639,0.210250209837056,"NO3_N"
0.141888888888889,0.999718180568188,0.209184420952743,"NO3_N"
0.144656565656566,0.999121121888984,0.209059490370794,"NO3_N"
0.147424242424242,0.999651847824726,0.209170541264646,"NO3_N"
0.150191919191919,0.999687244853992,0.209177947859039,"NO3_N"
0.152959595959596,0.999940238752871,0.209230885160041,"NO3_N"
0.155727272727273,1.00243301262099,0.209752481614227,"NO3_N"
0.158494949494949,1.03868193833664,0.217337329707793,"NO3_N"
0.161262626262626,1.04105311402875,0.217833482547435,"NO3_N"
0.164030303030303,1.04978533058979,0.219660641141187,"NO3_N"
0.16679797979798,1.053457614977,0.220429042374699,"NO3_N"
0.169565656565657,1.08563078457336,0.227161065441844,"NO3_N"
0.172333333333333,1.07635953219638,0.225221117166738,"NO3_N"
0.17510101010101,1.07067852369206,0.224032403689778,"NO3_N"
0.177868686868687,1.07794628538279,0.225553134782248,"NO3_N"
0.180636363636364,1.09590985930115,0.229311893881955,"NO3_N"
0.18340404040404,1.09147229961552,0.228383363850868,"NO3_N"
0.186171717171717,1.08644585493282,0.227331613526787,"NO3_N"
0.188939393939394,1.08379666919004,0.226777288921742,"NO3_N"
0.191707070707071,1.08367436496178,0.226751697570434,"NO3_N"
0.194474747474747,1.08371928903912,0.226761097636661,"NO3_N"
0.197242424242424,1.08689130308787,0.227424820608733,"NO3_N"
0.200010101010101,1.08720866168036,0.22749122579641,"NO3_N"
0.202777777777778,1.091898329827,0.228472507856477,"NO3_N"
0.205545454545455,1.09251696899987,0.228601954014075,"NO3_N"
0.208313131313131,1.09266094399255,0.228632079829592,"NO3_N"
0.211080808080808,1.09287732429654,0.228677355977886,"NO3_N"
0.213848484848485,1.09287732429654,0.228677355977886,"NO3_N"
0.216616161616162,1.09334605653438,0.228775435100242,"NO3_N"
0.219383838383838,1.09777183029338,0.229701499004089,"NO3_N"
0.222151515151515,1.10802890844369,0.231847724805766,"NO3_N"
0.224919191919192,1.1079440110106,0.23182996057908,"NO3_N"
0.227686868686869,1.10950328338329,0.232156228015973,"NO3_N"
0.230454545454545,1.10956347769623,0.232168823278059,"NO3_N"
0.233222222222222,1.12216817525286,0.234806272922287,"NO3_N"
0.235989898989899,1.12913543039069,0.23626412500497,"NO3_N"
0.238757575757576,1.14174214506301,0.238901996717323,"NO3_N"
0.241525252525253,1.14848863862343,0.240313655899209,"NO3_N"
0.244292929292929,1.23661279176754,0.258753052426863,"NO3_N"
0.247060606060606,1.24085703716624,0.259641132721254,"NO3_N"
0.249828282828283,1.24254880272201,0.259995123480903,"NO3_N"
0.25259595959596,1.26252178640694,0.264174338291676,"NO3_N"
0.255363636363636,1.26292151872994,0.264257979637956,"NO3_N"
0.258131313131313,1.26281595178043,0.264235890451589,"NO3_N"
0.26089898989899,1.26498306534562,0.264689344640063,"NO3_N"
0.263666666666667,1.26537726245741,0.264771827779985,"NO3_N"
0.266434343434343,1.26537726245741,0.264771827779985,"NO3_N"
0.26920202020202,1.26537726245741,0.264771827779985,"NO3_N"
0.271969696969697,1.26537726245741,0.264771827779985,"NO3_N"
0.274737373737374,1.26537726245741,0.264771827779985,"NO3_N"
0.27750505050505,1.26537726245741,0.264771827779985,"NO3_N"
0.280272727272727,1.26537726245741,0.264771827779985,"NO3_N"
0.283040404040404,1.26537726245741,0.264771827779985,"NO3_N"
0.285808080808081,1.26537726245741,0.264771827779985,"NO3_N"
0.288575757575758,1.26537726245741,0.264771827779985,"NO3_N"
0.291343434343434,1.26537726245741,0.264771827779985,"NO3_N"
0.294111111111111,1.26537726245741,0.264771827779985,"NO3_N"
0.296878787878788,1.26537726245741,0.264771827779985,"NO3_N"
0.299646464646465,1.26537726245741,0.264771827779985,"NO3_N"
0.302414141414141,1.26537726245741,0.264771827779985,"NO3_N"
0.305181818181818,1.26537726245741,0.264771827779985,"NO3_N"
0.307949494949495,1.26537726245741,0.264771827779985,"NO3_N"
0.310717171717172,1.26537726245741,0.264771827779985,"NO3_N"
0.313484848484848,1.26537726245741,0.264771827779985,"NO3_N"
0.316252525252525,1.26537726245741,0.264771827779985,"NO3_N"
0.319020202020202,1.26537726245741,0.264771827779985,"NO3_N"
0.321787878787879,1.26537726245741,0.264771827779985,"NO3_N"
0.324555555555556,1.26537726245741,0.264771827779985,"NO3_N"
0.327323232323232,1.26537726245741,0.264771827779985,"NO3_N"
0.330090909090909,1.26537726245741,0.264771827779985,"NO3_N"
0.332858585858586,1.26537726245741,0.264771827779985,"NO3_N"
0.335626262626263,1.26537726245741,0.264771827779985,"NO3_N"
0.338393939393939,1.26537726245741,0.264771827779985,"NO3_N"
0.341161616161616,1.26537726245741,0.264771827779985,"NO3_N"
0.343929292929293,1.26537726245741,0.264771827779985,"NO3_N"
0.34669696969697,1.26537726245741,0.264771827779985,"NO3_N"
0.349464646464646,1.26537726245741,0.264771827779985,"NO3_N"
0.352232323232323,1.26537726245741,0.264771827779985,"NO3_N"
0.355,1.26537726245741,0.264771827779985,"NO3_N"
-0.551692965543728,0.985993097748848,0.206312538098257,"tmean_percent_normal"
-0.530987235693693,0.985993097748848,0.206312538098257,"tmean_percent_normal"
-0.510281505843658,0.985993097748848,0.206312538098257,"tmean_percent_normal"
-0.489575775993623,0.985993097748848,0.206312538098257,"tmean_percent_normal"
-0.468870046143588,0.985993097748848,0.206312538098257,"tmean_percent_normal"
-0.448164316293553,0.985993097748848,0.206312538098257,"tmean_percent_normal"
-0.427458586443518,0.985993097748848,0.206312538098257,"tmean_percent_normal"
-0.406752856593484,0.985993097748848,0.206312538098257,"tmean_percent_normal"
-0.386047126743449,0.985993097748848,0.206312538098257,"tmean_percent_normal"
-0.365341396893414,0.985993097748848,0.206312538098257,"tmean_percent_normal"
-0.344635667043379,0.985993097748848,0.206312538098257,"tmean_percent_normal"
-0.323929937193344,0.985993097748848,0.206312538098257,"tmean_percent_normal"
-0.303224207343309,0.985993097748848,0.206312538098257,"tmean_percent_normal"
-0.282518477493274,0.985993097748848,0.206312538098257,"tmean_percent_normal"
-0.261812747643239,0.985993097748848,0.206312538098257,"tmean_percent_normal"
-0.241107017793204,0.985993097748848,0.206312538098257,"tmean_percent_normal"
-0.220401287943169,0.985993097748848,0.206312538098257,"tmean_percent_normal"
-0.199695558093134,0.985993097748848,0.206312538098257,"tmean_percent_normal"
-0.178989828243099,0.985993097748848,0.206312538098257,"tmean_percent_normal"
-0.158284098393064,0.985993097748848,0.206312538098257,"tmean_percent_normal"
-0.137578368543029,0.985993097748848,0.206312538098257,"tmean_percent_normal"
-0.116872638692995,0.985993097748848,0.206312538098257,"tmean_percent_normal"
-0.0961669088429596,0.985993097748848,0.206312538098257,"tmean_percent_normal"
-0.0754611789929246,0.985993097748848,0.206312538098257,"tmean_percent_normal"
-0.0547554491428897,0.985993097748848,0.206312538098257,"tmean_percent_normal"
-0.0340497192928548,0.985993097748848,0.206312538098257,"tmean_percent_normal"
-0.0133439894428199,0.985993097748848,0.206312538098257,"tmean_percent_normal"
0.00736174040721504,0.985993097748848,0.206312538098257,"tmean_percent_normal"
0.02806747025725,0.985993097748848,0.206312538098257,"tmean_percent_normal"
0.0487732001072849,0.985993097748848,0.206312538098257,"tmean_percent_normal"
0.0694789299573199,0.985993097748848,0.206312538098257,"tmean_percent_normal"
0.0901846598073548,0.985993097748848,0.206312538098257,"tmean_percent_normal"
0.11089038965739,0.985993097748848,0.206312538098257,"tmean_percent_normal"
0.131596119507425,0.985993097748848,0.206312538098257,"tmean_percent_normal"
0.15230184935746,0.985993097748848,0.206312538098257,"tmean_percent_normal"
0.173007579207495,0.985993097748848,0.206312538098257,"tmean_percent_normal"
0.193713309057529,0.985993097748848,0.206312538098257,"tmean_percent_normal"
0.214419038907564,0.985993097748848,0.206312538098257,"tmean_percent_normal"
0.235124768757599,0.985993097748848,0.206312538098257,"tmean_percent_normal"
0.255830498607634,0.985993097748848,0.206312538098257,"tmean_percent_normal"
0.276536228457669,0.985993097748848,0.206312538098257,"tmean_percent_normal"
0.297241958307704,0.985993097748848,0.206312538098257,"tmean_percent_normal"
0.317947688157739,0.985993097748848,0.206312538098257,"tmean_percent_normal"
0.338653418007774,0.985993097748848,0.206312538098257,"tmean_percent_normal"
0.359359147857809,0.985993097748848,0.206312538098257,"tmean_percent_normal"
0.380064877707844,0.985993097748848,0.206312538098257,"tmean_percent_normal"
0.400770607557879,0.985993097748848,0.206312538098257,"tmean_percent_normal"
0.421476337407914,0.985993097748848,0.206312538098257,"tmean_percent_normal"
0.442182067257949,0.985993097748848,0.206312538098257,"tmean_percent_normal"
0.462887797107984,0.985993097748848,0.206312538098257,"tmean_percent_normal"
0.483593526958018,0.985993097748848,0.206312538098257,"tmean_percent_normal"
0.504299256808053,0.985993097748848,0.206312538098257,"tmean_percent_normal"
0.525004986658088,0.985993097748848,0.206312538098257,"tmean_percent_normal"
0.545710716508123,0.985993097748848,0.206312538098257,"tmean_percent_normal"
0.566416446358158,0.985993097748848,0.206312538098257,"tmean_percent_normal"
0.587122176208193,0.985993097748848,0.206312538098257,"tmean_percent_normal"
0.607827906058228,0.985993097748848,0.206312538098257,"tmean_percent_normal"
0.628533635908263,0.985993097748848,0.206312538098257,"tmean_percent_normal"
0.649239365758298,0.985993097748848,0.206312538098257,"tmean_percent_normal"
0.669945095608333,0.985993097748848,0.206312538098257,"tmean_percent_normal"
0.690650825458368,0.985993097748848,0.206312538098257,"tmean_percent_normal"
0.711356555308403,0.985993097748848,0.206312538098257,"tmean_percent_normal"
0.732062285158438,0.985993097748848,0.206312538098257,"tmean_percent_normal"
0.752768015008473,0.985993097748848,0.206312538098257,"tmean_percent_normal"
0.773473744858508,0.985993097748848,0.206312538098257,"tmean_percent_normal"
0.794179474708542,0.985993097748848,0.206312538098257,"tmean_percent_normal"
0.814885204558577,0.985993097748848,0.206312538098257,"tmean_percent_normal"
0.835590934408612,0.985993097748848,0.206312538098257,"tmean_percent_normal"
0.856296664258647,0.985993097748848,0.206312538098257,"tmean_percent_normal"
0.877002394108682,0.985993097748848,0.206312538098257,"tmean_percent_normal"
0.897708123958717,0.985993097748848,0.206312538098257,"tmean_percent_normal"
0.918413853808752,0.985993097748848,0.206312538098257,"tmean_percent_normal"
0.939119583658787,0.985993097748848,0.206312538098257,"tmean_percent_normal"
0.959825313508822,0.985993097748848,0.206312538098257,"tmean_percent_normal"
0.980531043358857,0.985993097748848,0.206312538098257,"tmean_percent_normal"
1.00123677320889,0.985993097748848,0.206312538098257,"tmean_percent_normal"
1.02194250305893,1.08818969692119,0.22769650093572,"tmean_percent_normal"
1.04264823290896,1.08818969692119,0.22769650093572,"tmean_percent_normal"
1.063353962759,1.13576770234595,0.237651884071004,"tmean_percent_normal"
1.08405969260903,1.13576770234595,0.237651884071004,"tmean_percent_normal"
1.10476542245907,1.13898770233972,0.238325647784875,"tmean_percent_normal"
1.1254711523091,1.13898770233972,0.238325647784875,"tmean_percent_normal"
1.14617688215914,1.14080738690804,0.238706404752328,"tmean_percent_normal"
1.16688261200917,1.13386512095662,0.237253781491718,"tmean_percent_normal"
1.18758834185921,1.13386512095662,0.237253781491718,"tmean_percent_normal"
1.20829407170924,1.1291170748722,0.236260284234058,"tmean_percent_normal"
1.22899980155928,1.1283754266098,0.236105099237592,"tmean_percent_normal"
1.24970553140931,1.1283754266098,0.236105099237592,"tmean_percent_normal"
1.27041126125935,1.12661889593178,0.235737556804225,"tmean_percent_normal"
1.29111699110938,1.1265330135413,0.235719586481714,"tmean_percent_normal"
1.31182272095942,1.12304904028453,0.234990588107475,"tmean_percent_normal"
1.33252845080945,1.12304904028453,0.234990588107475,"tmean_percent_normal"
1.35323418065949,1.12304904028453,0.234990588107475,"tmean_percent_normal"
1.37393991050952,1.12304904028453,0.234990588107475,"tmean_percent_normal"
1.39464564035956,1.12279997102957,0.234938472012271,"tmean_percent_normal"
1.41535137020959,1.12254508415607,0.234885138618842,"tmean_percent_normal"
1.43605710005963,1.12254508415607,0.234885138618842,"tmean_percent_normal"
1.45676282990966,1.12254508415607,0.234885138618842,"tmean_percent_normal"
1.4774685597597,1.12254508415607,0.234885138618842,"tmean_percent_normal"
1.49817428960973,1.12254508415607,0.234885138618842,"tmean_percent_normal"
