-0.535228225450684
0.217936894665941
0.0730278755278256
1.12537339781288
1.03268855919164
0.514703223996625
0.535336089908577
1.25296089934926
0.650013939425465
0.686371570691325
1.53443486167425
0.242298665377236
1.52078739550767
2.12445231028775
1.93003170396916
0.974752517807997
1.60064124474728
1.32612790344849
1.17161771967702
2.01149148958046
-0.564109471170378
-0.751580349401247
-0.54273832742255
-0.673544630961137
-0.25156478909188
0.886018153118432
0.751158025750262
1.44131803039916
1.49753964109509
1.29790325185386
0.577368489862813
1.61752304410217
1.77005488277407
0.734145016992791
0.938915200334839
1.42636660386715
1.5006588062792
0.610913226512741
0.380946234657558
1.45790484282508
1.53804795605485
0.806719631827362
0.973951764406194
1.62329432864286
1.482960104909
1.10257018004074
0.756857196033893
1.61334344737102
1.4163937568625
1.0531947356683
0.375916062268212
1.64632699168269
1.45907604113731
1.14660421339994
1.26014509856616
1.87692093274346
2.08305537338394
1.79420438542304
1.1928951471907
2.30352490718933
2.26391092911313
1.09999868505143
1.13393799564104
2.01301253665061
1.53506771523358
1.27865536285539
1.13125203306556
1.03558258859561
1.27588911073088
0.409364705803482
0.505890158011688
1.54635101661332
0.684416425582306
0.921441030827412
0.44260128588984
1.78912212515689
2.13007445511676
1.2194634408586
0.765924218235597
2.25565541106457
2.21259485307619
