"bf","lr","best.iter","cv.r.squared"
0.5,0.1,278,0.644717616467156
0.5,0.1,628,0.632105997221934
0.5,0.1,355,0.622134681030586
0.5,0.1,435,0.660541513774878
0.5,0.1,606,0.649506176820192
0.5,0.1,231,0.577922842157869
0.5,0.1,573,0.629176760184056
0.5,0.1,429,0.699574281569557
0.5,0.1,433,0.652321328860092
0.5,0.1,538,0.689735733936225
0.6,0.1,219,0.668761916304169
0.6,0.1,376,0.691853527072297
0.6,0.1,524,0.688278383697754
0.6,0.1,410,0.696066803309709
0.6,0.1,873,0.684280516144129
0.6,0.1,258,0.642351262943538
0.6,0.1,480,0.666013092575658
0.6,0.1,326,0.676358223630506
0.6,0.1,868,0.661614341915128
0.6,0.1,419,0.722532064503547
0.7,0.1,288,0.706201312730613
0.7,0.1,303,0.698747861343016
0.7,0.1,190,0.628149415620806
0.7,0.1,130,0.653211681130862
0.7,0.1,290,0.699280921417584
0.7,0.1,208,0.672066396902301
0.7,0.1,295,0.694676049816434
0.7,0.1,161,0.630318495978235
0.7,0.1,295,0.715058017169136
0.7,0.1,149,0.640760021956364
0.5,0.05,1677,0.686303175831909
0.5,0.05,399,0.633298442151811
0.5,0.05,748,0.722693615374594
0.5,0.05,475,0.6460658513613
0.5,0.05,723,0.676267925157335
0.5,0.05,754,0.630383725667815
0.5,0.05,917,0.640835387928951
0.5,0.05,873,0.666701718244543
0.5,0.05,1021,0.64961947373366
0.5,0.05,635,0.674299337543992
0.6,0.05,969,0.662000792346148
0.6,0.05,1182,0.659492416774974
0.6,0.05,526,0.666782080401016
0.6,0.05,1383,0.678354524236027
0.6,0.05,630,0.68893901665368
0.6,0.05,713,0.714227647785082
0.6,0.05,796,0.690038645434784
0.6,0.05,543,0.669104440826969
0.6,0.05,978,0.703013619779849
0.6,0.05,448,0.609573910057245
0.7,0.05,1146,0.690563835773815
0.7,0.05,618,0.703257491615027
0.7,0.05,329,0.687654694897459
0.7,0.05,322,0.690757115510097
0.7,0.05,672,0.700173430236705
0.7,0.05,744,0.714537272391012
0.7,0.05,836,0.701757807992785
0.7,0.05,790,0.70801509821082
0.7,0.05,380,0.649744450723726
0.7,0.05,936,0.741838480518726
0.5,0.01,2154,0.622518587178876
0.5,0.01,4273,0.696941850311432
0.5,0.01,3976,0.648701096443714
0.5,0.01,4828,0.715172275856542
0.5,0.01,2698,0.671398377961242
0.5,0.01,3466,0.662061913301501
0.5,0.01,4467,0.65768249089341
0.5,0.01,7125,0.707561375839524
0.5,0.01,3882,0.707201305872693
0.5,0.01,7888,0.681081647632609
0.6,0.01,4034,0.721289174225633
0.6,0.01,3044,0.675154191458966
0.6,0.01,5767,0.675661213193701
0.6,0.01,7513,0.708328275336965
0.6,0.01,5442,0.698960977606535
0.6,0.01,4146,0.709849819379064
0.6,0.01,4537,0.669460829226654
0.6,0.01,3661,0.695400647857685
0.6,0.01,2940,0.673779816122198
0.6,0.01,4190,0.674579820248322
0.7,0.01,2144,0.703396033595929
0.7,0.01,3271,0.717735092665453
0.7,0.01,3197,0.727200252180284
0.7,0.01,5103,0.752486455013217
0.7,0.01,2742,0.714517658619352
0.7,0.01,1668,0.682892623558734
0.7,0.01,2766,0.716875387201327
0.7,0.01,5327,0.734060067029405
0.7,0.01,2197,0.681473671226528
0.7,0.01,1743,0.636857913939629
0.5,0.005,6938,0.615813005886521
0.5,0.005,9265,0.645241975323291
0.5,0.005,10552,0.716488473308656
0.5,0.005,15625,0.709236291837742
0.5,0.005,15473,0.699276119353602
0.5,0.005,7313,0.67518838923257
0.5,0.005,6931,0.678026615983725
0.5,0.005,12769,0.686954577054522
0.5,0.005,11993,0.71110118715674
0.5,0.005,14640,0.639025238621703
0.6,0.005,8305,0.680181550879051
0.6,0.005,5109,0.683075206335039
0.6,0.005,6098,0.6945462118836
0.6,0.005,11230,0.723450025021058
0.6,0.005,16096,0.695661519562029
0.6,0.005,15433,0.738352561811023
0.6,0.005,8247,0.716608357702719
0.6,0.005,5962,0.667330285342814
0.6,0.005,10745,0.680873049276674
0.6,0.005,5734,0.692084366168375
0.7,0.005,4539,0.73034711567157
0.7,0.005,7007,0.714117767016857
0.7,0.005,3874,0.690860784133663
0.7,0.005,5468,0.732001945219215
0.7,0.005,6819,0.730149679552248
0.7,0.005,13363,0.722358057174572
0.7,0.005,6486,0.710947809788784
0.7,0.005,3486,0.677367313676291
0.7,0.005,3775,0.677327520763421
0.7,0.005,4228,0.703888354525928
0.5,0.001,39945,0.690810937223632
0.5,0.001,39843,0.629047558085624
0.5,0.001,39958,0.686629802210339
0.5,0.001,39990,0.684354229216145
0.5,0.001,39685,0.668855061527165
0.5,0.001,39525,0.656971403119456
0.5,0.001,39952,0.695677670696216
0.5,0.001,39965,0.681395159398221
0.5,0.001,39942,0.693414775694232
0.5,0.001,39998,0.686400580779072
0.6,0.001,39963,0.716427242482876
0.6,0.001,36562,0.691547909972492
0.6,0.001,40000,0.693595640797635
0.6,0.001,39094,0.731139167738271
0.6,0.001,39798,0.6808972699273
0.6,0.001,39278,0.715325037290275
0.6,0.001,38196,0.704090596930912
0.6,0.001,39995,0.654754155811498
0.6,0.001,39735,0.682415250958445
0.6,0.001,31486,0.660727381713622
0.7,0.001,39986,0.735857726383042
0.7,0.001,30789,0.74725074035467
0.7,0.001,39677,0.729691278954145
0.7,0.001,39999,0.731937156670756
0.7,0.001,23655,0.702314757858056
0.7,0.001,39009,0.732490826392916
0.7,0.001,25309,0.712160772915846
0.7,0.001,36656,0.705562830320298
0.7,0.001,32961,0.723108377207424
0.7,0.001,18356,0.68808629707068
0.5,5e-04,39986,0.673739401256127
0.5,5e-04,39986,0.661877047550387
0.5,5e-04,40000,0.69765107091927
0.5,5e-04,39999,0.669727153945888
0.5,5e-04,39997,0.676965281794333
0.5,5e-04,34007,0.622755448471518
0.5,5e-04,39953,0.686377124351321
0.5,5e-04,39881,0.697015197971242
0.5,5e-04,39902,0.668126070569709
0.5,5e-04,39978,0.632669761372296
0.6,5e-04,40000,0.708122676140983
0.6,5e-04,39988,0.662315308021219
0.6,5e-04,39903,0.681436361745136
0.6,5e-04,39990,0.715630185877468
0.6,5e-04,39980,0.691858790087878
0.6,5e-04,39938,0.654928266375815
0.6,5e-04,39960,0.702677179202825
0.6,5e-04,39990,0.682852262147818
0.6,5e-04,34802,0.626591670109644
0.6,5e-04,39967,0.684670375230056
0.7,5e-04,39954,0.702121680944761
0.7,5e-04,39856,0.656281137788662
0.7,5e-04,40000,0.697955566029075
0.7,5e-04,39998,0.730457832111727
0.7,5e-04,39976,0.707237195555021
0.7,5e-04,39999,0.690138004861171
0.7,5e-04,39997,0.696002542115918
0.7,5e-04,39991,0.70057066995707
0.7,5e-04,39995,0.722363008248144
0.7,5e-04,39998,0.700746002289
