"Value","Chl_a","Chl_a_modified","Var"
17.6,0.921289530434101,0.174097698474476,"Max_SWE"
17.7191919191919,0.921289530434101,0.174097698474476,"Max_SWE"
17.8383838383838,0.921289530434101,0.174097698474476,"Max_SWE"
17.9575757575758,0.921289530434101,0.174097698474476,"Max_SWE"
18.0767676767677,0.921289530434101,0.174097698474476,"Max_SWE"
18.1959595959596,0.921289530434101,0.174097698474476,"Max_SWE"
18.3151515151515,0.921289530434101,0.174097698474476,"Max_SWE"
18.4343434343434,0.921289530434101,0.174097698474476,"Max_SWE"
18.5535353535354,0.921289530434101,0.174097698474476,"Max_SWE"
18.6727272727273,0.921289530434101,0.174097698474476,"Max_SWE"
18.7919191919192,0.912884069084048,0.172509303700283,"Max_SWE"
18.9111111111111,0.912884069084048,0.172509303700283,"Max_SWE"
19.030303030303,0.912884069084048,0.172509303700283,"Max_SWE"
19.149494949495,0.912884069084048,0.172509303700283,"Max_SWE"
19.2686868686869,0.912884069084048,0.172509303700283,"Max_SWE"
19.3878787878788,0.912884069084048,0.172509303700283,"Max_SWE"
19.5070707070707,0.914393245041985,0.172794495328094,"Max_SWE"
19.6262626262626,0.914393245041985,0.172794495328094,"Max_SWE"
19.7454545454545,0.914393245041985,0.172794495328094,"Max_SWE"
19.8646464646465,0.914393245041985,0.172794495328094,"Max_SWE"
19.9838383838384,0.914393245041985,0.172794495328094,"Max_SWE"
20.1030303030303,0.914393245041985,0.172794495328094,"Max_SWE"
20.2222222222222,0.914393245041985,0.172794495328094,"Max_SWE"
20.3414141414141,0.914393245041985,0.172794495328094,"Max_SWE"
20.4606060606061,0.914393245041985,0.172794495328094,"Max_SWE"
20.579797979798,0.914393245041985,0.172794495328094,"Max_SWE"
20.6989898989899,1.38721744080596,0.262144912918063,"Max_SWE"
20.8181818181818,1.38740052689968,0.262179511018319,"Max_SWE"
20.9373737373737,1.38740052689968,0.262179511018319,"Max_SWE"
21.0565656565657,1.38740052689968,0.262179511018319,"Max_SWE"
21.1757575757576,1.38740052689968,0.262179511018319,"Max_SWE"
21.2949494949495,1.38740052689968,0.262179511018319,"Max_SWE"
21.4141414141414,1.38740052689968,0.262179511018319,"Max_SWE"
21.5333333333333,1.38740052689968,0.262179511018319,"Max_SWE"
21.6525252525253,1.38740052689968,0.262179511018319,"Max_SWE"
21.7717171717172,1.39447484908733,0.263516358090223,"Max_SWE"
21.8909090909091,1.39447484908733,0.263516358090223,"Max_SWE"
22.010101010101,1.39447484908733,0.263516358090223,"Max_SWE"
22.1292929292929,1.39447484908733,0.263516358090223,"Max_SWE"
22.2484848484848,1.39447484908733,0.263516358090223,"Max_SWE"
22.3676767676768,1.39447484908733,0.263516358090223,"Max_SWE"
22.4868686868687,1.39447484908733,0.263516358090223,"Max_SWE"
22.6060606060606,1.39447484908733,0.263516358090223,"Max_SWE"
22.7252525252525,1.39447484908733,0.263516358090223,"Max_SWE"
22.8444444444444,1.39447484908733,0.263516358090223,"Max_SWE"
22.9636363636364,1.39447484908733,0.263516358090223,"Max_SWE"
23.0828282828283,1.39447484908733,0.263516358090223,"Max_SWE"
23.2020202020202,1.39447484908733,0.263516358090223,"Max_SWE"
23.3212121212121,1.39447484908733,0.263516358090223,"Max_SWE"
23.440404040404,1.39447484908733,0.263516358090223,"Max_SWE"
23.559595959596,1.39447484908733,0.263516358090223,"Max_SWE"
23.6787878787879,1.39447484908733,0.263516358090223,"Max_SWE"
23.7979797979798,1.39447484908733,0.263516358090223,"Max_SWE"
23.9171717171717,1.39447484908733,0.263516358090223,"Max_SWE"
24.0363636363636,1.39447484908733,0.263516358090223,"Max_SWE"
24.1555555555556,1.39447484908733,0.263516358090223,"Max_SWE"
24.2747474747475,1.39447484908733,0.263516358090223,"Max_SWE"
24.3939393939394,1.39447484908733,0.263516358090223,"Max_SWE"
24.5131313131313,1.39447484908733,0.263516358090223,"Max_SWE"
24.6323232323232,1.39447484908733,0.263516358090223,"Max_SWE"
24.7515151515152,1.39447484908733,0.263516358090223,"Max_SWE"
24.8707070707071,1.39447484908733,0.263516358090223,"Max_SWE"
24.989898989899,1.39447484908733,0.263516358090223,"Max_SWE"
25.1090909090909,-1.15760652735106,-0.218754935873295,"Max_SWE"
25.2282828282828,-1.15760652735106,-0.218754935873295,"Max_SWE"
25.3474747474747,-1.15760652735106,-0.218754935873295,"Max_SWE"
25.4666666666667,-1.15760652735106,-0.218754935873295,"Max_SWE"
25.5858585858586,-1.15760652735106,-0.218754935873295,"Max_SWE"
25.7050505050505,-1.15760652735106,-0.218754935873295,"Max_SWE"
25.8242424242424,-1.15760652735106,-0.218754935873295,"Max_SWE"
25.9434343434343,-1.15760652735106,-0.218754935873295,"Max_SWE"
26.0626262626263,-1.15760652735106,-0.218754935873295,"Max_SWE"
26.1818181818182,-1.15760652735106,-0.218754935873295,"Max_SWE"
26.3010101010101,-1.15760652735106,-0.218754935873295,"Max_SWE"
26.420202020202,-1.15760652735106,-0.218754935873295,"Max_SWE"
26.5393939393939,-1.15760652735106,-0.218754935873295,"Max_SWE"
26.6585858585859,-1.15760652735106,-0.218754935873295,"Max_SWE"
26.7777777777778,-1.15760652735106,-0.218754935873295,"Max_SWE"
26.8969696969697,-1.15760652735106,-0.218754935873295,"Max_SWE"
27.0161616161616,-1.15760652735106,-0.218754935873295,"Max_SWE"
27.1353535353535,-1.15760652735106,-0.218754935873295,"Max_SWE"
27.2545454545455,-1.15760652735106,-0.218754935873295,"Max_SWE"
27.3737373737374,-1.15760652735106,-0.218754935873295,"Max_SWE"
27.4929292929293,-1.15760652735106,-0.218754935873295,"Max_SWE"
27.6121212121212,-1.15760652735106,-0.218754935873295,"Max_SWE"
27.7313131313131,-1.15760652735106,-0.218754935873295,"Max_SWE"
27.850505050505,-1.15760652735106,-0.218754935873295,"Max_SWE"
27.969696969697,-1.15760652735106,-0.218754935873295,"Max_SWE"
28.0888888888889,-1.15760652735106,-0.218754935873295,"Max_SWE"
28.2080808080808,-1.15760652735106,-0.218754935873295,"Max_SWE"
28.3272727272727,-1.15760652735106,-0.218754935873295,"Max_SWE"
28.4464646464646,-1.15760652735106,-0.218754935873295,"Max_SWE"
28.5656565656566,-1.15760652735106,-0.218754935873295,"Max_SWE"
28.6848484848485,-1.15760652735106,-0.218754935873295,"Max_SWE"
28.8040404040404,-1.15760652735106,-0.218754935873295,"Max_SWE"
28.9232323232323,-1.15760652735106,-0.218754935873295,"Max_SWE"
29.0424242424242,-1.15760652735106,-0.218754935873295,"Max_SWE"
29.1616161616162,-1.15760652735106,-0.218754935873295,"Max_SWE"
29.2808080808081,-1.15760652735106,-0.218754935873295,"Max_SWE"
29.4,-1.15760652735106,-0.218754935873295,"Max_SWE"
0.001,-0.526976546706449,-0.0995836823288228,"NO3_N"
0.00323232323232323,-0.526976546706449,-0.0995836823288228,"NO3_N"
0.00546464646464646,-0.526976546706449,-0.0995836823288228,"NO3_N"
0.0076969696969697,-0.526976546706449,-0.0995836823288228,"NO3_N"
0.00992929292929293,-0.526976546706449,-0.0995836823288228,"NO3_N"
0.0121616161616162,-0.526976546706449,-0.0995836823288228,"NO3_N"
0.0143939393939394,-0.526976546706449,-0.0995836823288228,"NO3_N"
0.0166262626262626,-0.526976546706449,-0.0995836823288228,"NO3_N"
0.0188585858585859,-0.526976546706449,-0.0995836823288228,"NO3_N"
0.0210909090909091,-0.526976546706449,-0.0995836823288228,"NO3_N"
0.0233232323232323,-0.526976546706449,-0.0995836823288228,"NO3_N"
0.0255555555555556,-0.526976546706449,-0.0995836823288228,"NO3_N"
0.0277878787878788,-0.520940669684388,-0.0984430720612551,"NO3_N"
0.030020202020202,-0.516906982210942,-0.0976808190644567,"NO3_N"
0.0322525252525253,-0.516906982210942,-0.0976808190644567,"NO3_N"
0.0344848484848485,-0.489985277595741,-0.0925933773236312,"NO3_N"
0.0367171717171717,0.00644095615969777,0.00121715878270104,"NO3_N"
0.0389494949494949,0.138223913663711,0.026120415404751,"NO3_N"
0.0411818181818182,0.182240738758369,0.0344383520467995,"NO3_N"
0.0434141414141414,0.187444653072996,0.0354217448623112,"NO3_N"
0.0456464646464646,0.188710669649336,0.0356609862352893,"NO3_N"
0.0478787878787879,0.182721969936727,0.0345292911466359,"NO3_N"
0.0501111111111111,0.183053914160799,0.0345920192288769,"NO3_N"
0.0523434343434343,0.370426397631701,0.0700001260748975,"NO3_N"
0.0545757575757576,0.44211952887649,0.0835481028333712,"NO3_N"
0.0568080808080808,0.47239114002308,0.0892685822870477,"NO3_N"
0.059040404040404,0.477445399540168,0.0902236945729793,"NO3_N"
0.0612727272727273,0.493507938390753,0.0932590607126835,"NO3_N"
0.0635050505050505,0.495516365499553,0.0936385967061416,"NO3_N"
0.0657373737373737,0.511013669106625,0.0965671493504772,"NO3_N"
0.067969696969697,0.596052619339378,0.112637108931188,"NO3_N"
0.0702020202020202,0.607543931464319,0.114808642338781,"NO3_N"
0.0724343434343434,0.688684546253912,0.130141926633259,"NO3_N"
0.0746666666666667,0.733854271293997,0.13867772880014,"NO3_N"
0.0768989898989899,0.762313224227223,0.144055667051901,"NO3_N"
0.0791313131313131,0.775784674504838,0.146601390639295,"NO3_N"
0.0813636363636364,0.865190806047892,0.163496624132091,"NO3_N"
0.0835959595959596,1.05775808756591,0.199886401076561,"NO3_N"
0.0858282828282828,1.07609697744173,0.203351933262142,"NO3_N"
0.0880606060606061,1.09694196023036,0.20729104622105,"NO3_N"
0.0902929292929293,1.10088218075323,0.208035636604262,"NO3_N"
0.0925252525252525,1.10978816524139,0.209718616113763,"NO3_N"
0.0947575757575758,1.1108484356242,0.209918977267677,"NO3_N"
0.096989898989899,1.1111488599844,0.209975748985957,"NO3_N"
0.0992222222222222,1.10657119031253,0.209110698718998,"NO3_N"
0.101454545454545,1.10790615430643,0.209362969206404,"NO3_N"
0.103686868686869,1.10964540426378,0.209691638321426,"NO3_N"
0.105919191919192,1.10921420802883,0.209610154412604,"NO3_N"
0.108151515151515,1.10636285302772,0.209071328856872,"NO3_N"
0.110383838383838,1.10593893739022,0.20899122077532,"NO3_N"
0.112616161616162,1.10519936380194,0.208851462257159,"NO3_N"
0.114848484848485,1.10556854010284,0.208921226150262,"NO3_N"
0.117080808080808,1.1068377169704,0.209161064729014,"NO3_N"
0.119313131313131,1.10845828966846,0.209467307194192,"NO3_N"
0.121545454545455,1.11943321409052,0.211541257911847,"NO3_N"
0.123777777777778,1.11943321409052,0.211541257911847,"NO3_N"
0.126010101010101,1.11403540029032,0.210521223570455,"NO3_N"
0.128242424242424,1.11386446472909,0.210488921577633,"NO3_N"
0.130474747474747,1.1127620983221,0.210280605464195,"NO3_N"
0.132707070707071,1.09792707818542,0.20747720568888,"NO3_N"
0.134939393939394,1.09252704006034,0.206456751012914,"NO3_N"
0.137171717171717,1.09762203591478,0.207419561315965,"NO3_N"
0.13940404040404,1.09894536551304,0.207669633231219,"NO3_N"
0.141636363636364,1.09976352645067,0.207824242538627,"NO3_N"
0.143868686868687,1.09444472862729,0.206819139984966,"NO3_N"
0.14610101010101,1.06656375155185,0.201550422844799,"NO3_N"
0.148333333333333,1.03076488099279,0.194785447485336,"NO3_N"
0.150565656565657,0.608525967008908,0.114994219318097,"NO3_N"
0.15279797979798,0.600736500593417,0.113522230187121,"NO3_N"
0.155030303030303,0.598916006257129,0.113178208179312,"NO3_N"
0.157262626262626,0.598916006257129,0.113178208179312,"NO3_N"
0.159494949494949,0.597234933148888,0.112860532845506,"NO3_N"
0.161727272727273,0.597234933148888,0.112860532845506,"NO3_N"
0.163959595959596,0.597234933148888,0.112860532845506,"NO3_N"
0.166191919191919,0.597234933148888,0.112860532845506,"NO3_N"
0.168424242424242,0.597234933148888,0.112860532845506,"NO3_N"
0.170656565656566,0.597234933148888,0.112860532845506,"NO3_N"
0.172888888888889,0.597234933148888,0.112860532845506,"NO3_N"
0.175121212121212,0.597234933148888,0.112860532845506,"NO3_N"
0.177353535353535,0.597234933148888,0.112860532845506,"NO3_N"
0.179585858585859,0.597234933148888,0.112860532845506,"NO3_N"
0.181818181818182,0.597234933148888,0.112860532845506,"NO3_N"
0.184050505050505,0.597234933148888,0.112860532845506,"NO3_N"
0.186282828282828,0.597234933148888,0.112860532845506,"NO3_N"
0.188515151515152,0.597234933148888,0.112860532845506,"NO3_N"
0.190747474747475,0.597234933148888,0.112860532845506,"NO3_N"
0.192979797979798,0.597234933148888,0.112860532845506,"NO3_N"
0.195212121212121,0.597234933148888,0.112860532845506,"NO3_N"
0.197444444444444,0.597234933148888,0.112860532845506,"NO3_N"
0.199676767676768,0.597234933148888,0.112860532845506,"NO3_N"
0.201909090909091,0.597234933148888,0.112860532845506,"NO3_N"
0.204141414141414,0.597234933148888,0.112860532845506,"NO3_N"
0.206373737373737,0.597234933148888,0.112860532845506,"NO3_N"
0.208606060606061,0.597234933148888,0.112860532845506,"NO3_N"
0.210838383838384,0.597234933148888,0.112860532845506,"NO3_N"
0.213070707070707,0.597234933148888,0.112860532845506,"NO3_N"
0.21530303030303,0.597234933148888,0.112860532845506,"NO3_N"
0.217535353535354,0.597234933148888,0.112860532845506,"NO3_N"
0.219767676767677,0.597234933148888,0.112860532845506,"NO3_N"
0.222,0.597234933148888,0.112860532845506,"NO3_N"
33.2,-0.150857266462911,-0.0285077622416574,"NtoP"
49.8858585858586,-0.150857266462911,-0.0285077622416574,"NtoP"
66.5717171717172,-0.150857266462911,-0.0285077622416574,"NtoP"
83.2575757575758,0.238399543353332,0.0450507798516114,"NtoP"
99.9434343434343,0.745018952410273,0.140787538173127,"NtoP"
116.629292929293,0.804175193267574,0.151966396765827,"NtoP"
133.315151515152,0.88539600648064,0.167314836297054,"NtoP"
150.00101010101,0.71316602508685,0.134768234627944,"NtoP"
166.686868686869,0.734409719301148,0.138782692784287,"NtoP"
183.372727272727,0.570257283771932,0.107762519124927,"NtoP"
200.058585858586,0.567092846443989,0.107164529852757,"NtoP"
216.744444444444,0.390799738904308,0.0738501121092819,"NtoP"
233.430303030303,0.441458997264231,0.0834232810160541,"NtoP"
250.116161616162,0.745625319403335,0.140902124407352,"NtoP"
266.80202020202,0.741052778180403,0.140038043272383,"NtoP"
283.487878787879,0.656209523807366,0.124005064681527,"NtoP"
300.173737373737,0.652948856407865,0.123388890643951,"NtoP"
316.859595959596,0.650819266783318,0.122986458357378,"NtoP"
333.545454545455,0.65025122800736,0.122879115073565,"NtoP"
350.231313131313,0.652699115865566,0.123341696735637,"NtoP"
366.917171717172,0.655078522250074,0.12379133733351,"NtoP"
383.60303030303,0.776754508496149,0.146784661869687,"NtoP"
400.288888888889,0.830214223819877,0.156887038040809,"NtoP"
416.974747474747,0.848805634005071,0.160400289432163,"NtoP"
433.660606060606,0.846833130993687,0.160027542078403,"NtoP"
450.346464646465,0.839394499959964,0.158621850924872,"NtoP"
467.032323232323,0.853214695658308,0.161233477546109,"NtoP"
483.718181818182,0.844826083616033,0.15964826681516,"NtoP"
500.40404040404,0.734900151961065,0.138875370704232,"NtoP"
517.089898989899,0.734685082384214,0.138834728629071,"NtoP"
533.775757575758,0.702077116685676,0.132672744157832,"NtoP"
550.461616161616,0.673472529046593,0.127267285060267,"NtoP"
567.147474747475,0.673472529046593,0.127267285060267,"NtoP"
583.833333333333,0.669185388039899,0.126457136504743,"NtoP"
600.519191919192,0.669185388039899,0.126457136504743,"NtoP"
617.205050505051,0.669185388039899,0.126457136504743,"NtoP"
633.890909090909,0.669185388039899,0.126457136504743,"NtoP"
650.576767676768,0.669185388039899,0.126457136504743,"NtoP"
667.262626262626,0.669185388039899,0.126457136504743,"NtoP"
683.948484848485,0.669185388039899,0.126457136504743,"NtoP"
700.634343434343,0.669185388039899,0.126457136504743,"NtoP"
717.320202020202,0.669185388039899,0.126457136504743,"NtoP"
734.006060606061,0.669185388039899,0.126457136504743,"NtoP"
750.691919191919,0.669185388039899,0.126457136504743,"NtoP"
767.377777777778,0.669185388039899,0.126457136504743,"NtoP"
784.063636363636,0.669185388039899,0.126457136504743,"NtoP"
800.749494949495,0.669185388039899,0.126457136504743,"NtoP"
817.435353535354,0.669185388039899,0.126457136504743,"NtoP"
834.121212121212,0.669185388039899,0.126457136504743,"NtoP"
850.807070707071,0.669185388039899,0.126457136504743,"NtoP"
867.492929292929,0.669185388039899,0.126457136504743,"NtoP"
884.178787878788,0.669185388039899,0.126457136504743,"NtoP"
900.864646464647,0.669185388039899,0.126457136504743,"NtoP"
917.550505050505,0.669185388039899,0.126457136504743,"NtoP"
934.236363636364,0.669185388039899,0.126457136504743,"NtoP"
950.922222222222,0.669185388039899,0.126457136504743,"NtoP"
967.608080808081,0.669185388039899,0.126457136504743,"NtoP"
984.293939393939,0.669185388039899,0.126457136504743,"NtoP"
1000.9797979798,0.669185388039899,0.126457136504743,"NtoP"
1017.66565656566,0.669185388039899,0.126457136504743,"NtoP"
1034.35151515152,0.669185388039899,0.126457136504743,"NtoP"
1051.03737373737,0.669185388039899,0.126457136504743,"NtoP"
1067.72323232323,0.669185388039899,0.126457136504743,"NtoP"
1084.40909090909,0.669185388039899,0.126457136504743,"NtoP"
1101.09494949495,0.669185388039899,0.126457136504743,"NtoP"
1117.78080808081,0.669185388039899,0.126457136504743,"NtoP"
1134.46666666667,0.669185388039899,0.126457136504743,"NtoP"
1151.15252525253,0.669185388039899,0.126457136504743,"NtoP"
1167.83838383838,0.669185388039899,0.126457136504743,"NtoP"
1184.52424242424,0.669185388039899,0.126457136504743,"NtoP"
1201.2101010101,0.669185388039899,0.126457136504743,"NtoP"
1217.89595959596,0.669185388039899,0.126457136504743,"NtoP"
1234.58181818182,0.669185388039899,0.126457136504743,"NtoP"
1251.26767676768,0.669185388039899,0.126457136504743,"NtoP"
1267.95353535354,0.669185388039899,0.126457136504743,"NtoP"
1284.63939393939,0.669185388039899,0.126457136504743,"NtoP"
1301.32525252525,0.669185388039899,0.126457136504743,"NtoP"
1318.01111111111,0.669185388039899,0.126457136504743,"NtoP"
1334.69696969697,0.669185388039899,0.126457136504743,"NtoP"
1351.38282828283,0.669185388039899,0.126457136504743,"NtoP"
1368.06868686869,0.669185388039899,0.126457136504743,"NtoP"
1384.75454545455,0.669185388039899,0.126457136504743,"NtoP"
1401.4404040404,0.669185388039899,0.126457136504743,"NtoP"
1418.12626262626,0.669185388039899,0.126457136504743,"NtoP"
1434.81212121212,0.669185388039899,0.126457136504743,"NtoP"
1451.49797979798,0.669185388039899,0.126457136504743,"NtoP"
1468.18383838384,0.669185388039899,0.126457136504743,"NtoP"
1484.8696969697,0.669185388039899,0.126457136504743,"NtoP"
1501.55555555556,0.669185388039899,0.126457136504743,"NtoP"
1518.24141414141,0.669185388039899,0.126457136504743,"NtoP"
1534.92727272727,0.669185388039899,0.126457136504743,"NtoP"
1551.61313131313,0.669185388039899,0.126457136504743,"NtoP"
1568.29898989899,0.669185388039899,0.126457136504743,"NtoP"
1584.98484848485,0.669185388039899,0.126457136504743,"NtoP"
1601.67070707071,0.669185388039899,0.126457136504743,"NtoP"
1618.35656565657,0.669185388039899,0.126457136504743,"NtoP"
1635.04242424242,0.669185388039899,0.126457136504743,"NtoP"
1651.72828282828,0.669185388039899,0.126457136504743,"NtoP"
1668.41414141414,0.669185388039899,0.126457136504743,"NtoP"
1685.1,0.669185388039899,0.126457136504743,"NtoP"
5.75,0.682493509256966,0.128971995513093,"TEMP"
5.82909090909091,0.682493509256966,0.128971995513093,"TEMP"
5.90818181818182,0.682493509256966,0.128971995513093,"TEMP"
5.98727272727273,0.682493509256966,0.128971995513093,"TEMP"
6.06636363636364,0.682493509256966,0.128971995513093,"TEMP"
6.14545454545455,0.682493509256966,0.128971995513093,"TEMP"
6.22454545454545,0.682493509256966,0.128971995513093,"TEMP"
6.30363636363636,0.682493509256966,0.128971995513093,"TEMP"
6.38272727272727,0.682493509256966,0.128971995513093,"TEMP"
6.46181818181818,0.682493509256966,0.128971995513093,"TEMP"
6.54090909090909,0.682493509256966,0.128971995513093,"TEMP"
6.62,0.682493509256966,0.128971995513093,"TEMP"
6.69909090909091,0.682493509256966,0.128971995513093,"TEMP"
6.77818181818182,0.682493509256966,0.128971995513093,"TEMP"
6.85727272727273,0.682493509256966,0.128971995513093,"TEMP"
6.93636363636364,0.682493509256966,0.128971995513093,"TEMP"
7.01545454545455,0.682493509256966,0.128971995513093,"TEMP"
7.09454545454545,0.682493509256966,0.128971995513093,"TEMP"
7.17363636363636,0.682493509256966,0.128971995513093,"TEMP"
7.25272727272727,0.682493509256966,0.128971995513093,"TEMP"
7.33181818181818,0.682493509256966,0.128971995513093,"TEMP"
7.41090909090909,0.682493509256966,0.128971995513093,"TEMP"
7.49,0.683123518227761,0.129091049413317,"TEMP"
7.56909090909091,0.683386690125675,0.129140781468459,"TEMP"
7.64818181818182,0.683386690125675,0.129140781468459,"TEMP"
7.72727272727273,0.683386690125675,0.129140781468459,"TEMP"
7.80636363636364,0.683130545604256,0.129092377388979,"TEMP"
7.88545454545454,0.683130545604256,0.129092377388979,"TEMP"
7.96454545454545,0.683130545604256,0.129092377388979,"TEMP"
8.04363636363636,0.778929375630093,0.147195650326626,"TEMP"
8.12272727272727,0.785985666467985,0.14852908998274,"TEMP"
8.20181818181818,0.785985666467985,0.14852908998274,"TEMP"
8.28090909090909,0.785783120059067,0.148490814432588,"TEMP"
8.36,0.791943294714386,0.149654913441926,"TEMP"
8.43909090909091,0.799234584126781,0.151032761190843,"TEMP"
8.51818181818182,0.820204911366065,0.154995560710442,"TEMP"
8.59727272727273,0.823257888729858,0.155572487197689,"TEMP"
8.67636363636364,0.834123825204273,0.157625842271717,"TEMP"
8.75545454545455,0.833737538960201,0.157552845082643,"TEMP"
8.83454545454545,0.833393830555779,0.157487893902607,"TEMP"
8.91363636363636,0.864940043997998,0.163449237187695,"TEMP"
8.99272727272727,0.881147021313894,0.166511898117529,"TEMP"
9.07181818181818,0.886119355203223,0.167451528773888,"TEMP"
9.15090909090909,0.892037895665488,0.168569965745947,"TEMP"
9.23,0.890801791277141,0.168336376931599,"TEMP"
9.30909090909091,0.844428957490882,0.159573221194745,"TEMP"
9.38818181818182,0.814087006808688,0.153839449555652,"TEMP"
9.46727272727273,0.794070972587397,0.150056984461459,"TEMP"
9.54636363636364,0.783086152650243,0.14798116377096,"TEMP"
9.62545454545455,0.763887974331495,0.144353250341159,"TEMP"
9.70454545454545,0.675075788720679,0.127570255852938,"TEMP"
9.78363636363636,0.601682447170433,0.113700987370936,"TEMP"
9.86272727272727,0.532960720871625,0.10071452221684,"TEMP"
9.94181818181818,0.579021220458117,0.109418655612141,"TEMP"
10.0209090909091,0.589753494389631,0.111446752240998,"TEMP"
10.1,0.589252929623856,0.111352159639237,"TEMP"
10.1790909090909,0.58838494828471,0.111188135683171,"TEMP"
10.2581818181818,0.578843467717385,0.109385065364953,"TEMP"
10.3372727272727,0.589827909640652,0.111460814621505,"TEMP"
10.4163636363636,0.565691483730337,0.106899711882819,"TEMP"
10.4954545454545,0.549812688972978,0.103899068186692,"TEMP"
10.5745454545455,0.572432792696669,0.108173628862198,"TEMP"
10.6536363636364,0.575499167142942,0.108753087019619,"TEMP"
10.7327272727273,0.573026273820102,0.108285780031037,"TEMP"
10.8118181818182,0.504401003182474,0.0953175422724147,"TEMP"
10.8909090909091,0.505557209535899,0.0955360326149654,"TEMP"
10.97,0.527446612546616,0.0996725114951175,"TEMP"
11.0490909090909,0.533828431467336,0.100878495010045,"TEMP"
11.1281818181818,0.531846471106714,0.100503960484411,"TEMP"
11.2072727272727,0.347664449436744,0.0656987608008668,"TEMP"
11.2863636363636,0.339138335224538,0.0640875660436919,"TEMP"
11.3654545454545,0.320397853870735,0.0605461444121408,"TEMP"
11.4445454545455,0.181945638689472,0.0343825864691854,"TEMP"
11.5236363636364,0.147967420251717,0.0279616629344428,"TEMP"
11.6027272727273,0.145235603957614,0.0274454268178398,"TEMP"
11.6818181818182,0.149230040813452,0.0282002625565846,"TEMP"
11.7609090909091,0.146052378161806,0.0275997740717982,"TEMP"
11.84,0.145053288139846,0.0274109742779808,"TEMP"
11.9190909090909,0.144939675162223,0.0273895046343264,"TEMP"
11.9981818181818,0.144939675162223,0.0273895046343264,"TEMP"
12.0772727272727,0.144939675162223,0.0273895046343264,"TEMP"
12.1563636363636,0.144939675162223,0.0273895046343264,"TEMP"
12.2354545454545,0.144939675162223,0.0273895046343264,"TEMP"
12.3145454545455,0.144939675162223,0.0273895046343264,"TEMP"
12.3936363636364,0.144939675162223,0.0273895046343264,"TEMP"
12.4727272727273,0.144939675162223,0.0273895046343264,"TEMP"
12.5518181818182,0.144939675162223,0.0273895046343264,"TEMP"
12.6309090909091,0.144939675162223,0.0273895046343264,"TEMP"
12.71,0.144939675162223,0.0273895046343264,"TEMP"
12.7890909090909,0.144939675162223,0.0273895046343264,"TEMP"
12.8681818181818,0.144939675162223,0.0273895046343264,"TEMP"
12.9472727272727,0.144939675162223,0.0273895046343264,"TEMP"
13.0263636363636,0.144939675162223,0.0273895046343264,"TEMP"
13.1054545454545,0.144939675162223,0.0273895046343264,"TEMP"
13.1845454545455,0.144939675162223,0.0273895046343264,"TEMP"
13.2636363636364,0.144939675162223,0.0273895046343264,"TEMP"
13.3427272727273,0.144939675162223,0.0273895046343264,"TEMP"
13.4218181818182,0.144939675162223,0.0273895046343264,"TEMP"
13.5009090909091,0.144939675162223,0.0273895046343264,"TEMP"
13.58,0.144939675162223,0.0273895046343264,"TEMP"
0.3,0.609897657463667,0.115253430069228,"TDP_P"
0.418383838383838,0.609897657463667,0.115253430069228,"TDP_P"
0.536767676767677,0.609897657463667,0.115253430069228,"TDP_P"
0.655151515151515,0.623978094052184,0.117914234867934,"TDP_P"
0.773535353535354,0.456035353686027,0.0861778006554802,"TDP_P"
0.891919191919192,0.465643408456367,0.08799345161761,"TDP_P"
1.01030303030303,0.54574213506219,0.103129848474567,"TDP_P"
1.12868686868687,0.607669008680876,0.114832278399775,"TDP_P"
1.24707070707071,0.607522293285431,0.114804553334164,"TDP_P"
1.36545454545455,0.607522293285431,0.114804553334164,"TDP_P"
1.48383838383838,0.604381205921185,0.11421097654559,"TDP_P"
1.60222222222222,0.48645283099472,0.0919258446936533,"TDP_P"
1.72060606060606,0.483036542358487,0.0912802626380182,"TDP_P"
1.8389898989899,0.417448644026103,0.0788860024513583,"TDP_P"
1.95737373737374,0.288040907945856,0.0544315955878094,"TDP_P"
2.07575757575758,0.297275565870472,0.0561766850930784,"TDP_P"
2.19414141414141,0.335453462209879,0.0633912291269784,"TDP_P"
2.31252525252525,0.452144072900302,0.0854424585002367,"TDP_P"
2.43090909090909,0.465587594858076,0.087982904424046,"TDP_P"
2.54929292929293,0.478966991269703,0.090511232430926,"TDP_P"
2.66767676767677,0.478180143141423,0.0903625403600219,"TDP_P"
2.78606060606061,0.474678464885251,0.0897008220781367,"TDP_P"
2.90444444444444,0.460823613890455,0.0870826465847452,"TDP_P"
3.02282828282828,0.473380881673263,0.0894556155026537,"TDP_P"
3.14121212121212,0.473896211727535,0.0895529983268796,"TDP_P"
3.25959595959596,0.49010665513041,0.0926163142492493,"TDP_P"
3.3779797979798,0.520860140241698,0.0984278542712243,"TDP_P"
3.49636363636364,0.520507738082441,0.0983612602170889,"TDP_P"
3.61474747474747,0.528252345596464,0.0998247722827738,"TDP_P"
3.73313131313131,0.868361562221993,0.164095807487702,"TDP_P"
3.85151515151515,0.881411266662317,0.166561833024497,"TDP_P"
3.96989898989899,0.878334524545967,0.165980415670276,"TDP_P"
4.08828282828283,0.872269346503128,0.164834268337419,"TDP_P"
4.20666666666667,0.837962155687755,0.158351178315473,"TDP_P"
4.3250505050505,0.834808562305444,0.157755238242729,"TDP_P"
4.44343434343434,0.834690851973788,0.157732994314897,"TDP_P"
4.56181818181818,0.824682697770108,0.155841735861089,"TDP_P"
4.68020202020202,0.824682697770108,0.155841735861089,"TDP_P"
4.79858585858586,0.824682697770108,0.155841735861089,"TDP_P"
4.9169696969697,0.824682697770108,0.155841735861089,"TDP_P"
5.03535353535353,0.824682697770108,0.155841735861089,"TDP_P"
5.15373737373737,0.824682697770108,0.155841735861089,"TDP_P"
5.27212121212121,0.824682697770108,0.155841735861089,"TDP_P"
5.39050505050505,0.824682697770108,0.155841735861089,"TDP_P"
5.50888888888889,0.824682697770108,0.155841735861089,"TDP_P"
5.62727272727273,0.824682697770108,0.155841735861089,"TDP_P"
5.74565656565656,0.824682697770108,0.155841735861089,"TDP_P"
5.8640404040404,0.824682697770108,0.155841735861089,"TDP_P"
5.98242424242424,0.824682697770108,0.155841735861089,"TDP_P"
6.10080808080808,0.824682697770108,0.155841735861089,"TDP_P"
6.21919191919192,0.824682697770108,0.155841735861089,"TDP_P"
6.33757575757576,0.824682697770108,0.155841735861089,"TDP_P"
6.4559595959596,0.824682697770108,0.155841735861089,"TDP_P"
6.57434343434343,0.824682697770108,0.155841735861089,"TDP_P"
6.69272727272727,0.824682697770108,0.155841735861089,"TDP_P"
6.81111111111111,0.824682697770108,0.155841735861089,"TDP_P"
6.92949494949495,0.824682697770108,0.155841735861089,"TDP_P"
7.04787878787879,0.824682697770108,0.155841735861089,"TDP_P"
7.16626262626263,0.824682697770108,0.155841735861089,"TDP_P"
7.28464646464646,0.824682697770108,0.155841735861089,"TDP_P"
7.4030303030303,0.824682697770108,0.155841735861089,"TDP_P"
7.52141414141414,0.824682697770108,0.155841735861089,"TDP_P"
7.63979797979798,0.824682697770108,0.155841735861089,"TDP_P"
7.75818181818182,0.824682697770108,0.155841735861089,"TDP_P"
7.87656565656566,0.824682697770108,0.155841735861089,"TDP_P"
7.99494949494949,0.824682697770108,0.155841735861089,"TDP_P"
8.11333333333333,0.824682697770108,0.155841735861089,"TDP_P"
8.23171717171717,0.824682697770108,0.155841735861089,"TDP_P"
8.35010101010101,0.824682697770108,0.155841735861089,"TDP_P"
8.46848484848485,0.824682697770108,0.155841735861089,"TDP_P"
8.58686868686869,0.824682697770108,0.155841735861089,"TDP_P"
8.70525252525253,0.824682697770108,0.155841735861089,"TDP_P"
8.82363636363636,0.824682697770108,0.155841735861089,"TDP_P"
8.9420202020202,0.824682697770108,0.155841735861089,"TDP_P"
9.06040404040404,0.824682697770108,0.155841735861089,"TDP_P"
9.17878787878788,0.824682697770108,0.155841735861089,"TDP_P"
9.29717171717172,0.824682697770108,0.155841735861089,"TDP_P"
9.41555555555555,0.824682697770108,0.155841735861089,"TDP_P"
9.53393939393939,0.824682697770108,0.155841735861089,"TDP_P"
9.65232323232323,0.824682697770108,0.155841735861089,"TDP_P"
9.77070707070707,0.824682697770108,0.155841735861089,"TDP_P"
9.88909090909091,0.824682697770108,0.155841735861089,"TDP_P"
10.0074747474747,0.824682697770108,0.155841735861089,"TDP_P"
10.1258585858586,0.824682697770108,0.155841735861089,"TDP_P"
10.2442424242424,0.824682697770108,0.155841735861089,"TDP_P"
10.3626262626263,0.824682697770108,0.155841735861089,"TDP_P"
10.4810101010101,0.824682697770108,0.155841735861089,"TDP_P"
10.5993939393939,0.824682697770108,0.155841735861089,"TDP_P"
10.7177777777778,0.824682697770108,0.155841735861089,"TDP_P"
10.8361616161616,0.824682697770108,0.155841735861089,"TDP_P"
10.9545454545455,0.824682697770108,0.155841735861089,"TDP_P"
11.0729292929293,0.824682697770108,0.155841735861089,"TDP_P"
11.1913131313131,0.824682697770108,0.155841735861089,"TDP_P"
11.309696969697,0.824682697770108,0.155841735861089,"TDP_P"
11.4280808080808,0.824682697770108,0.155841735861089,"TDP_P"
11.5464646464646,0.824682697770108,0.155841735861089,"TDP_P"
11.6648484848485,0.824682697770108,0.155841735861089,"TDP_P"
11.7832323232323,0.824682697770108,0.155841735861089,"TDP_P"
11.9016161616162,0.824682697770108,0.155841735861089,"TDP_P"
12.02,0.824682697770108,0.155841735861089,"TDP_P"
7.482333,0.491162220605351,0.0928157863084725,"tmean_month"
7.52562627272727,0.491162220605351,0.0928157863084725,"tmean_month"
7.56891954545454,0.491162220605351,0.0928157863084725,"tmean_month"
7.61221281818182,0.491162220605351,0.0928157863084725,"tmean_month"
7.65550609090909,0.491162220605351,0.0928157863084725,"tmean_month"
7.69879936363636,0.491162220605351,0.0928157863084725,"tmean_month"
7.74209263636364,0.491162220605351,0.0928157863084725,"tmean_month"
7.78538590909091,0.491162220605351,0.0928157863084725,"tmean_month"
7.82867918181818,0.491162220605351,0.0928157863084725,"tmean_month"
7.87197245454545,0.491162220605351,0.0928157863084725,"tmean_month"
7.91526572727273,0.491162220605351,0.0928157863084725,"tmean_month"
7.958559,0.491162220605351,0.0928157863084725,"tmean_month"
8.00185227272727,0.491162220605351,0.0928157863084725,"tmean_month"
8.04514554545455,0.491162220605351,0.0928157863084725,"tmean_month"
8.08843881818182,0.491162220605351,0.0928157863084725,"tmean_month"
8.13173209090909,0.491162220605351,0.0928157863084725,"tmean_month"
8.17502536363636,0.491162220605351,0.0928157863084725,"tmean_month"
8.21831863636364,0.491162220605351,0.0928157863084725,"tmean_month"
8.26161190909091,0.491162220605351,0.0928157863084725,"tmean_month"
8.30490518181818,0.491162220605351,0.0928157863084725,"tmean_month"
8.34819845454545,0.491162220605351,0.0928157863084725,"tmean_month"
8.39149172727273,0.491162220605351,0.0928157863084725,"tmean_month"
8.434785,0.491162220605351,0.0928157863084725,"tmean_month"
8.47807827272727,0.491162220605351,0.0928157863084725,"tmean_month"
8.52137154545455,0.491162220605351,0.0928157863084725,"tmean_month"
8.56466481818182,0.491162220605351,0.0928157863084725,"tmean_month"
8.60795809090909,0.491162220605351,0.0928157863084725,"tmean_month"
8.65125136363636,0.491162220605351,0.0928157863084725,"tmean_month"
8.69454463636364,0.491162220605351,0.0928157863084725,"tmean_month"
8.73783790909091,0.491162220605351,0.0928157863084725,"tmean_month"
8.78113118181818,0.491162220605351,0.0928157863084725,"tmean_month"
8.82442445454545,0.491162220605351,0.0928157863084725,"tmean_month"
8.86771772727273,0.491162220605351,0.0928157863084725,"tmean_month"
8.911011,0.491162220605351,0.0928157863084725,"tmean_month"
8.95430427272727,0.491162220605351,0.0928157863084725,"tmean_month"
8.99759754545454,0.553382917107261,0.104573740459278,"tmean_month"
9.04089081818182,0.555016309014175,0.104882405392838,"tmean_month"
9.08418409090909,0.586186224431985,0.11077263898024,"tmean_month"
9.12747736363636,0.402981977344656,0.0761522110745578,"tmean_month"
9.17077063636364,0.37748461231995,0.0713339292843879,"tmean_month"
9.21406390909091,0.377973234710125,0.0714262651144851,"tmean_month"
9.25735718181818,0.376936526600045,0.071230356564575,"tmean_month"
9.30065045454545,0.347846866182155,0.0657332324131995,"tmean_month"
9.34394372727273,0.346175783371712,0.0654174449634915,"tmean_month"
9.387237,0.403614324323806,0.0762717067923215,"tmean_month"
9.43053027272727,0.400862778203507,0.0757517422958567,"tmean_month"
9.47382354545454,0.399183105132703,0.0754343315295814,"tmean_month"
9.51711681818182,0.397173922627676,0.0750546527875734,"tmean_month"
9.56041009090909,0.397255109269506,0.0750699947696784,"tmean_month"
9.60370336363636,0.397451136181811,0.0751070383191207,"tmean_month"
9.64699663636364,0.399177754804796,0.0754333204687325,"tmean_month"
9.69028990909091,0.40454291189173,0.0764471836137408,"tmean_month"
9.73358318181818,0.401443234974565,0.0758614322299836,"tmean_month"
9.77687645454546,0.430344377129887,0.0813229317546274,"tmean_month"
9.82016972727273,0.473669020778874,0.0895100656548264,"tmean_month"
9.863463,0.628417308841518,0.118753121072896,"tmean_month"
9.90675627272727,0.677058281052357,0.127944890906075,"tmean_month"
9.95004954545455,0.677491796062327,0.128026812997879,"tmean_month"
9.99334281818182,0.6783639852495,0.128191632118367,"tmean_month"
10.0366360909091,0.68049940863769,0.128595166821488,"tmean_month"
10.0799293636364,0.681283046671067,0.128743252275128,"tmean_month"
10.1232226363636,0.679949795258128,0.12849130541715,"tmean_month"
10.1665159090909,0.683739398228512,0.12920743333729,"tmean_month"
10.2098091818182,0.677660462286836,0.128058686150159,"tmean_month"
10.2531024545455,0.677746613341119,0.128074966265992,"tmean_month"
10.2963957272727,0.687906620651819,0.129994920667779,"tmean_month"
10.339689,0.687906620651819,0.129994920667779,"tmean_month"
10.3829822727273,0.687906620651819,0.129994920667779,"tmean_month"
10.4262755454545,0.690293676265705,0.130446006753944,"tmean_month"
10.4695688181818,0.689039832350036,0.130209065670003,"tmean_month"
10.5128620909091,0.689039832350036,0.130209065670003,"tmean_month"
10.5561553636364,0.689039832350036,0.130209065670003,"tmean_month"
10.5994486363636,0.689628553761477,0.130320317387719,"tmean_month"
10.6427419090909,0.687049356098005,0.129832921881434,"tmean_month"
10.6860351818182,0.687049356098005,0.129832921881434,"tmean_month"
10.7293284545455,0.687049356098005,0.129832921881434,"tmean_month"
10.7726217272727,0.687871611964742,0.129988305014778,"tmean_month"
10.815915,0.687871611964742,0.129988305014778,"tmean_month"
10.8592082727273,0.687871611964742,0.129988305014778,"tmean_month"
10.9025015454545,0.710673665651558,0.134297249093949,"tmean_month"
10.9457948181818,0.716361185565119,0.135372029707717,"tmean_month"
10.9890880909091,0.716361185565119,0.135372029707717,"tmean_month"
11.0323813636364,0.716361185565119,0.135372029707717,"tmean_month"
11.0756746363636,0.716361185565119,0.135372029707717,"tmean_month"
11.1189679090909,0.716361185565119,0.135372029707717,"tmean_month"
11.1622611818182,0.716361185565119,0.135372029707717,"tmean_month"
11.2055544545455,0.716361185565119,0.135372029707717,"tmean_month"
11.2488477272727,0.716361185565119,0.135372029707717,"tmean_month"
11.292141,0.716361185565119,0.135372029707717,"tmean_month"
11.3354342727273,0.716361185565119,0.135372029707717,"tmean_month"
11.3787275454545,0.716361185565119,0.135372029707717,"tmean_month"
11.4220208181818,0.716361185565119,0.135372029707717,"tmean_month"
11.4653140909091,0.716361185565119,0.135372029707717,"tmean_month"
11.5086073636364,0.716361185565119,0.135372029707717,"tmean_month"
11.5519006363636,0.716361185565119,0.135372029707717,"tmean_month"
11.5951939090909,0.716361185565119,0.135372029707717,"tmean_month"
11.6384871818182,0.716361185565119,0.135372029707717,"tmean_month"
11.6817804545455,0.716361185565119,0.135372029707717,"tmean_month"
11.7250737272727,0.716361185565119,0.135372029707717,"tmean_month"
11.768367,0.716361185565119,0.135372029707717,"tmean_month"
-16,0.875324281803365,0.16541156481935,"Difference_SnowFree"
-15.7777777777778,0.875324281803365,0.16541156481935,"Difference_SnowFree"
-15.5555555555556,0.875324281803365,0.16541156481935,"Difference_SnowFree"
-15.3333333333333,0.875324281803365,0.16541156481935,"Difference_SnowFree"
-15.1111111111111,0.875324281803365,0.16541156481935,"Difference_SnowFree"
-14.8888888888889,0.875324281803365,0.16541156481935,"Difference_SnowFree"
-14.6666666666667,0.875324281803365,0.16541156481935,"Difference_SnowFree"
-14.4444444444444,0.875324281803365,0.16541156481935,"Difference_SnowFree"
-14.2222222222222,0.875324281803365,0.16541156481935,"Difference_SnowFree"
-14,0.875324281803365,0.16541156481935,"Difference_SnowFree"
-13.7777777777778,0.875324281803365,0.16541156481935,"Difference_SnowFree"
-13.5555555555556,0.875324281803365,0.16541156481935,"Difference_SnowFree"
-13.3333333333333,0.875324281803365,0.16541156481935,"Difference_SnowFree"
-13.1111111111111,0.875324281803365,0.16541156481935,"Difference_SnowFree"
-12.8888888888889,0.875324281803365,0.16541156481935,"Difference_SnowFree"
-12.6666666666667,0.875324281803365,0.16541156481935,"Difference_SnowFree"
-12.4444444444444,0.875324281803365,0.16541156481935,"Difference_SnowFree"
-12.2222222222222,0.875324281803365,0.16541156481935,"Difference_SnowFree"
-12,0.875324281803365,0.16541156481935,"Difference_SnowFree"
-11.7777777777778,0.875324281803365,0.16541156481935,"Difference_SnowFree"
-11.5555555555556,0.875324281803365,0.16541156481935,"Difference_SnowFree"
-11.3333333333333,0.875324281803365,0.16541156481935,"Difference_SnowFree"
-11.1111111111111,0.875324281803365,0.16541156481935,"Difference_SnowFree"
-10.8888888888889,0.875324281803365,0.16541156481935,"Difference_SnowFree"
-10.6666666666667,0.875324281803365,0.16541156481935,"Difference_SnowFree"
-10.4444444444444,0.875324281803365,0.16541156481935,"Difference_SnowFree"
-10.2222222222222,0.875324281803365,0.16541156481935,"Difference_SnowFree"
-10,0.875324281803365,0.16541156481935,"Difference_SnowFree"
-9.77777777777778,0.875324281803365,0.16541156481935,"Difference_SnowFree"
-9.55555555555556,0.875324281803365,0.16541156481935,"Difference_SnowFree"
-9.33333333333333,0.875324281803365,0.16541156481935,"Difference_SnowFree"
-9.11111111111111,0.875324281803365,0.16541156481935,"Difference_SnowFree"
-8.88888888888889,0.875324281803365,0.16541156481935,"Difference_SnowFree"
-8.66666666666667,0.875324281803365,0.16541156481935,"Difference_SnowFree"
-8.44444444444444,0.875324281803365,0.16541156481935,"Difference_SnowFree"
-8.22222222222222,0.875324281803365,0.16541156481935,"Difference_SnowFree"
-8,0.875324281803365,0.16541156481935,"Difference_SnowFree"
-7.77777777777778,0.875324281803365,0.16541156481935,"Difference_SnowFree"
-7.55555555555556,0.875324281803365,0.16541156481935,"Difference_SnowFree"
-7.33333333333333,0.875324281803365,0.16541156481935,"Difference_SnowFree"
-7.11111111111111,0.875324281803365,0.16541156481935,"Difference_SnowFree"
-6.88888888888889,0.875324281803365,0.16541156481935,"Difference_SnowFree"
-6.66666666666667,0.875324281803365,0.16541156481935,"Difference_SnowFree"
-6.44444444444444,0.875324281803365,0.16541156481935,"Difference_SnowFree"
-6.22222222222222,0.875324281803365,0.16541156481935,"Difference_SnowFree"
-6,0.875324281803365,0.16541156481935,"Difference_SnowFree"
-5.77777777777778,0.875324281803365,0.16541156481935,"Difference_SnowFree"
-5.55555555555556,0.875324281803365,0.16541156481935,"Difference_SnowFree"
-5.33333333333333,0.821329264665285,0.15520803172547,"Difference_SnowFree"
-5.11111111111111,0.821329264665285,0.15520803172547,"Difference_SnowFree"
-4.88888888888889,0.792746527433473,0.149806701737693,"Difference_SnowFree"
-4.66666666666667,0.792746527433473,0.149806701737693,"Difference_SnowFree"
-4.44444444444444,0.411017998398275,0.0776707920679491,"Difference_SnowFree"
-4.22222222222222,0.411017998398275,0.0776707920679491,"Difference_SnowFree"
-4,0.411017998398275,0.0776707920679491,"Difference_SnowFree"
-3.77777777777778,0.411017998398275,0.0776707920679491,"Difference_SnowFree"
-3.55555555555556,0.411017998398275,0.0776707920679491,"Difference_SnowFree"
-3.33333333333333,0.390701187286162,0.0738314886371449,"Difference_SnowFree"
-3.11111111111111,0.390701187286162,0.0738314886371449,"Difference_SnowFree"
-2.88888888888889,0.351401193626388,0.0664048999044973,"Difference_SnowFree"
-2.66666666666667,0.351401193626388,0.0664048999044973,"Difference_SnowFree"
-2.44444444444444,0.351401193626388,0.0664048999044973,"Difference_SnowFree"
-2.22222222222222,0.351401193626388,0.0664048999044973,"Difference_SnowFree"
-2,0.351401193626388,0.0664048999044973,"Difference_SnowFree"
-1.77777777777778,0.351401193626388,0.0664048999044973,"Difference_SnowFree"
-1.55555555555556,0.351401193626388,0.0664048999044973,"Difference_SnowFree"
-1.33333333333333,0.351401193626388,0.0664048999044973,"Difference_SnowFree"
-1.11111111111111,0.351401193626388,0.0664048999044973,"Difference_SnowFree"
-0.888888888888889,0.350853941250316,0.0663014846631302,"Difference_SnowFree"
-0.666666666666668,0.350853941250316,0.0663014846631302,"Difference_SnowFree"
-0.444444444444445,0.350853941250316,0.0663014846631302,"Difference_SnowFree"
-0.222222222222223,0.350853941250316,0.0663014846631302,"Difference_SnowFree"
0,0.3928625781661,0.0742399304627279,"Difference_SnowFree"
0.222222222222221,0.3928625781661,0.0742399304627279,"Difference_SnowFree"
0.444444444444443,0.3928625781661,0.0742399304627279,"Difference_SnowFree"
0.666666666666664,0.3928625781661,0.0742399304627279,"Difference_SnowFree"
0.888888888888889,0.3928625781661,0.0742399304627279,"Difference_SnowFree"
1.11111111111111,0.3928625781661,0.0742399304627279,"Difference_SnowFree"
1.33333333333333,0.3928625781661,0.0742399304627279,"Difference_SnowFree"
1.55555555555555,0.3928625781661,0.0742399304627279,"Difference_SnowFree"
1.77777777777778,0.3928625781661,0.0742399304627279,"Difference_SnowFree"
2,0.3928625781661,0.0742399304627279,"Difference_SnowFree"
2.22222222222222,0.3928625781661,0.0742399304627279,"Difference_SnowFree"
2.44444444444444,0.3928625781661,0.0742399304627279,"Difference_SnowFree"
2.66666666666666,0.397897874055107,0.0751914591585994,"Difference_SnowFree"
2.88888888888889,0.397897874055107,0.0751914591585994,"Difference_SnowFree"
3.11111111111111,0.397897874055107,0.0751914591585994,"Difference_SnowFree"
3.33333333333333,0.397897874055107,0.0751914591585994,"Difference_SnowFree"
3.55555555555555,0.397897874055107,0.0751914591585994,"Difference_SnowFree"
3.77777777777778,0.397897874055107,0.0751914591585994,"Difference_SnowFree"
4,0.397897874055107,0.0751914591585994,"Difference_SnowFree"
4.22222222222222,0.397897874055107,0.0751914591585994,"Difference_SnowFree"
4.44444444444444,0.397897874055107,0.0751914591585994,"Difference_SnowFree"
4.66666666666666,0.3955937264641,0.0747560403469358,"Difference_SnowFree"
4.88888888888889,0.3955937264641,0.0747560403469358,"Difference_SnowFree"
5.11111111111111,0.3955937264641,0.0747560403469358,"Difference_SnowFree"
5.33333333333333,0.3955937264641,0.0747560403469358,"Difference_SnowFree"
5.55555555555555,0.3955937264641,0.0747560403469358,"Difference_SnowFree"
5.77777777777778,0.3955937264641,0.0747560403469358,"Difference_SnowFree"
6,0.3955937264641,0.0747560403469358,"Difference_SnowFree"
0.298,0.664480248289034,0.125567997993378,"DOC"
0.320484848484848,0.664480248289034,0.125567997993378,"DOC"
0.342969696969697,0.664480248289034,0.125567997993378,"DOC"
0.365454545454545,0.664480248289034,0.125567997993378,"DOC"
0.387939393939394,0.664480248289034,0.125567997993378,"DOC"
0.410424242424242,0.664480248289034,0.125567997993378,"DOC"
0.432909090909091,0.664480248289034,0.125567997993378,"DOC"
0.455393939393939,0.664480248289034,0.125567997993378,"DOC"
0.477878787878788,0.664480248289034,0.125567997993378,"DOC"
0.500363636363636,0.669446669610564,0.12650651134143,"DOC"
0.522848484848485,0.698262360009942,0.131951862897874,"DOC"
0.545333333333333,0.693134681855832,0.13098287656333,"DOC"
0.567818181818182,0.546605677421342,0.103293033588798,"DOC"
0.59030303030303,0.490287898913394,0.0926505642048147,"DOC"
0.612787878787879,0.498979853299828,0.0942930980705912,"DOC"
0.635272727272727,0.489527591015711,0.0925068874878372,"DOC"
0.657757575757576,0.438998803387181,0.0829583738640172,"DOC"
0.680242424242424,0.44191949189617,0.0835103014943425,"DOC"
0.702727272727273,0.457591009765908,0.0864717757134595,"DOC"
0.725212121212121,0.453986411967748,0.0857906085452076,"DOC"
0.74769696969697,0.454463448337775,0.0858807549447561,"DOC"
0.770181818181818,0.448827875067692,0.0848157907793178,"DOC"
0.792666666666667,0.446692868690447,0.0844123348794863,"DOC"
0.815151515151515,0.44476924823085,0.0840488249472759,"DOC"
0.837636363636364,0.42343127246556,0.0800165502408753,"DOC"
0.860121212121212,0.427536004025908,0.0807922285633842,"DOC"
0.882606060606061,0.553510020472165,0.104597759405079,"DOC"
0.905090909090909,0.575835630527395,0.108816669095524,"DOC"
0.927575757575757,0.583279711429131,0.110223390120172,"DOC"
0.950060606060606,0.583055086406957,0.110180942335748,"DOC"
0.972545454545455,0.583188903442092,0.110206229975588,"DOC"
0.995030303030303,0.584604799528586,0.110473794342483,"DOC"
1.01751515151515,0.584673276526908,0.110486734560962,"DOC"
1.04,0.584958710046804,0.110540673433856,"DOC"
1.06248484848485,0.584832843362175,0.110516888185696,"DOC"
1.0849696969697,0.57633918205089,0.10891182611013,"DOC"
1.10745454545455,0.54816080247908,0.103586908298591,"DOC"
1.12993939393939,0.540361466773567,0.102113054150569,"DOC"
1.15242424242424,0.545554846384038,0.103094456204559,"DOC"
1.17490909090909,0.56268160035354,0.10633092894188,"DOC"
1.19739393939394,0.564048681041187,0.106589268577234,"DOC"
1.21987878787879,0.566316039756666,0.107017735330563,"DOC"
1.24236363636364,0.567096895028159,0.107165294920809,"DOC"
1.26484848484848,0.567096895028159,0.107165294920809,"DOC"
1.28733333333333,0.567096895028159,0.107165294920809,"DOC"
1.30981818181818,0.567096895028159,0.107165294920809,"DOC"
1.33230303030303,0.567096895028159,0.107165294920809,"DOC"
1.35478787878788,0.567096895028159,0.107165294920809,"DOC"
1.37727272727273,0.567096895028159,0.107165294920809,"DOC"
1.39975757575758,0.567096895028159,0.107165294920809,"DOC"
1.42224242424242,0.567096895028159,0.107165294920809,"DOC"
1.44472727272727,0.567096895028159,0.107165294920809,"DOC"
1.46721212121212,0.567096895028159,0.107165294920809,"DOC"
1.48969696969697,0.567096895028159,0.107165294920809,"DOC"
1.51218181818182,0.567096895028159,0.107165294920809,"DOC"
1.53466666666667,0.567096895028159,0.107165294920809,"DOC"
1.55715151515152,0.567096895028159,0.107165294920809,"DOC"
1.57963636363636,0.567096895028159,0.107165294920809,"DOC"
1.60212121212121,0.567096895028159,0.107165294920809,"DOC"
1.62460606060606,0.567096895028159,0.107165294920809,"DOC"
1.64709090909091,0.567096895028159,0.107165294920809,"DOC"
1.66957575757576,0.567096895028159,0.107165294920809,"DOC"
1.69206060606061,0.567096895028159,0.107165294920809,"DOC"
1.71454545454545,0.567096895028159,0.107165294920809,"DOC"
1.7370303030303,0.567096895028159,0.107165294920809,"DOC"
1.75951515151515,0.567096895028159,0.107165294920809,"DOC"
1.782,0.567096895028159,0.107165294920809,"DOC"
1.80448484848485,0.567096895028159,0.107165294920809,"DOC"
1.8269696969697,0.567096895028159,0.107165294920809,"DOC"
1.84945454545455,0.567096895028159,0.107165294920809,"DOC"
1.87193939393939,0.567096895028159,0.107165294920809,"DOC"
1.89442424242424,0.567096895028159,0.107165294920809,"DOC"
1.91690909090909,0.567096895028159,0.107165294920809,"DOC"
1.93939393939394,0.567096895028159,0.107165294920809,"DOC"
1.96187878787879,0.567096895028159,0.107165294920809,"DOC"
1.98436363636364,0.567096895028159,0.107165294920809,"DOC"
2.00684848484848,0.567096895028159,0.107165294920809,"DOC"
2.02933333333333,0.567096895028159,0.107165294920809,"DOC"
2.05181818181818,0.567096895028159,0.107165294920809,"DOC"
2.07430303030303,0.567096895028159,0.107165294920809,"DOC"
2.09678787878788,0.567096895028159,0.107165294920809,"DOC"
2.11927272727273,0.567096895028159,0.107165294920809,"DOC"
2.14175757575758,0.567096895028159,0.107165294920809,"DOC"
2.16424242424242,0.567096895028159,0.107165294920809,"DOC"
2.18672727272727,0.567096895028159,0.107165294920809,"DOC"
2.20921212121212,0.567096895028159,0.107165294920809,"DOC"
2.23169696969697,0.567096895028159,0.107165294920809,"DOC"
2.25418181818182,0.567096895028159,0.107165294920809,"DOC"
2.27666666666667,0.567096895028159,0.107165294920809,"DOC"
2.29915151515152,0.567096895028159,0.107165294920809,"DOC"
2.32163636363636,0.567096895028159,0.107165294920809,"DOC"
2.34412121212121,0.567096895028159,0.107165294920809,"DOC"
2.36660606060606,0.567096895028159,0.107165294920809,"DOC"
2.38909090909091,0.567096895028159,0.107165294920809,"DOC"
2.41157575757576,0.567096895028159,0.107165294920809,"DOC"
2.43406060606061,0.567096895028159,0.107165294920809,"DOC"
2.45654545454545,0.567096895028159,0.107165294920809,"DOC"
2.4790303030303,0.567096895028159,0.107165294920809,"DOC"
2.50151515151515,0.567096895028159,0.107165294920809,"DOC"
2.524,0.567096895028159,0.107165294920809,"DOC"
0,0.941913819794409,0.177995106609147,"ppt_week"
0.577676767676768,0.941913819794409,0.177995106609147,"ppt_week"
1.15535353535354,0.941913819794409,0.177995106609147,"ppt_week"
1.7330303030303,0.941913819794409,0.177995106609147,"ppt_week"
2.31070707070707,0.941913819794409,0.177995106609147,"ppt_week"
2.88838383838384,0.738335045515426,0.139524468563878,"ppt_week"
3.46606060606061,0.723774846674366,0.136773002250824,"ppt_week"
4.04373737373737,0.706942446082768,0.133592153987611,"ppt_week"
4.62141414141414,0.5599452349998,0.105813833181498,"ppt_week"
5.19909090909091,0.554446814247427,0.104774786967892,"ppt_week"
5.77676767676768,0.54929134966329,0.10380054978293,"ppt_week"
6.35444444444444,0.571701819339671,0.108035495544825,"ppt_week"
6.93212121212121,0.573742489488222,0.108421124562058,"ppt_week"
7.50979797979798,0.497475544398102,0.094008826178929,"ppt_week"
8.08747474747475,0.494652431100807,0.093475337507501,"ppt_week"
8.66515151515152,0.483038690302013,0.0912806685386738,"ppt_week"
9.24282828282828,0.483124648659085,0.0912969122401776,"ppt_week"
9.82050505050505,0.483253784627176,0.0913213152905674,"ppt_week"
10.3981818181818,0.490778408312574,0.0927432566263135,"ppt_week"
10.9758585858586,0.467366302205883,0.088319029871349,"ppt_week"
11.5535353535354,0.435004033285948,0.0822034751513058,"ppt_week"
12.1312121212121,0.428618899482705,0.0809968652172143,"ppt_week"
12.7088888888889,0.431958533668436,0.081627961746889,"ppt_week"
13.2865656565657,0.431674745472092,0.0815743337936717,"ppt_week"
13.8642424242424,0.43228768087148,0.0816901612711605,"ppt_week"
14.4419191919192,0.431170307636891,0.0814790092911881,"ppt_week"
15.019595959596,0.424689022810079,0.0802542295295275,"ppt_week"
15.5972727272727,0.424689022810079,0.0802542295295275,"ppt_week"
16.1749494949495,0.424689022810079,0.0802542295295275,"ppt_week"
16.7526262626263,0.426136393496517,0.0805277417067793,"ppt_week"
17.330303030303,0.426136393496517,0.0805277417067793,"ppt_week"
17.9079797979798,0.426136393496517,0.0805277417067793,"ppt_week"
18.4856565656566,0.417502544159131,0.0788961880540355,"ppt_week"
19.0633333333333,0.417502544159131,0.0788961880540355,"ppt_week"
19.6410101010101,0.414111067710835,0.0782552948010746,"ppt_week"
20.2186868686869,0.413954292469779,0.0782256687087942,"ppt_week"
20.7963636363636,0.413954292469779,0.0782256687087942,"ppt_week"
21.3740404040404,0.414083031180574,0.0782499966887762,"ppt_week"
21.9517171717172,0.414259733568087,0.078283388448874,"ppt_week"
22.5293939393939,0.414259733568087,0.078283388448874,"ppt_week"
23.1070707070707,0.415048027362938,0.0784323537099257,"ppt_week"
23.6847474747475,0.415048027362938,0.0784323537099257,"ppt_week"
24.2624242424242,0.422983813944968,0.0799319932194131,"ppt_week"
24.840101010101,0.425456160058614,0.080399196800914,"ppt_week"
25.4177777777778,0.424543002618197,0.0802266358377535,"ppt_week"
25.9954545454545,0.423804112626498,0.0800870065000359,"ppt_week"
26.5731313131313,0.420872994739599,0.0795331080118744,"ppt_week"
27.1508080808081,0.421898042906543,0.079726813161879,"ppt_week"
27.7284848484848,0.401950470749637,0.075957285464072,"ppt_week"
28.3061616161616,0.401950470749637,0.075957285464072,"ppt_week"
28.8838383838384,0.401950470749637,0.075957285464072,"ppt_week"
29.4615151515152,0.401950470749637,0.075957285464072,"ppt_week"
30.0391919191919,0.401950470749637,0.075957285464072,"ppt_week"
30.6168686868687,0.401950470749637,0.075957285464072,"ppt_week"
31.1945454545455,0.401950470749637,0.075957285464072,"ppt_week"
31.7722222222222,0.401950470749637,0.075957285464072,"ppt_week"
32.349898989899,0.401950470749637,0.075957285464072,"ppt_week"
32.9275757575758,0.401950470749637,0.075957285464072,"ppt_week"
33.5052525252525,0.401950470749637,0.075957285464072,"ppt_week"
34.0829292929293,0.401950470749637,0.075957285464072,"ppt_week"
34.6606060606061,0.401950470749637,0.075957285464072,"ppt_week"
35.2382828282828,0.401950470749637,0.075957285464072,"ppt_week"
35.8159595959596,0.401950470749637,0.075957285464072,"ppt_week"
36.3936363636364,0.401950470749637,0.075957285464072,"ppt_week"
36.9713131313131,0.401950470749637,0.075957285464072,"ppt_week"
37.5489898989899,0.401950470749637,0.075957285464072,"ppt_week"
38.1266666666667,0.401950470749637,0.075957285464072,"ppt_week"
38.7043434343434,0.401950470749637,0.075957285464072,"ppt_week"
39.2820202020202,0.401950470749637,0.075957285464072,"ppt_week"
39.859696969697,0.401950470749637,0.075957285464072,"ppt_week"
40.4373737373737,0.401950470749637,0.075957285464072,"ppt_week"
41.0150505050505,0.401950470749637,0.075957285464072,"ppt_week"
41.5927272727273,0.401950470749637,0.075957285464072,"ppt_week"
42.170404040404,0.401950470749637,0.075957285464072,"ppt_week"
42.7480808080808,0.401950470749637,0.075957285464072,"ppt_week"
43.3257575757576,0.401950470749637,0.075957285464072,"ppt_week"
43.9034343434343,0.401950470749637,0.075957285464072,"ppt_week"
44.4811111111111,0.401950470749637,0.075957285464072,"ppt_week"
45.0587878787879,0.401950470749637,0.075957285464072,"ppt_week"
45.6364646464646,0.401950470749637,0.075957285464072,"ppt_week"
46.2141414141414,0.401950470749637,0.075957285464072,"ppt_week"
46.7918181818182,0.401950470749637,0.075957285464072,"ppt_week"
47.3694949494949,0.401950470749637,0.075957285464072,"ppt_week"
47.9471717171717,0.401950470749637,0.075957285464072,"ppt_week"
48.5248484848485,0.401950470749637,0.075957285464072,"ppt_week"
49.1025252525253,0.401950470749637,0.075957285464072,"ppt_week"
49.680202020202,0.401950470749637,0.075957285464072,"ppt_week"
50.2578787878788,0.401950470749637,0.075957285464072,"ppt_week"
50.8355555555556,0.401950470749637,0.075957285464072,"ppt_week"
51.4132323232323,0.401950470749637,0.075957285464072,"ppt_week"
51.9909090909091,0.401950470749637,0.075957285464072,"ppt_week"
52.5685858585859,0.401950470749637,0.075957285464072,"ppt_week"
53.1462626262626,0.401950470749637,0.075957285464072,"ppt_week"
53.7239393939394,0.401950470749637,0.075957285464072,"ppt_week"
54.3016161616162,0.401950470749637,0.075957285464072,"ppt_week"
54.8792929292929,0.401950470749637,0.075957285464072,"ppt_week"
55.4569696969697,0.401950470749637,0.075957285464072,"ppt_week"
56.0346464646465,0.401950470749637,0.075957285464072,"ppt_week"
56.6123232323232,0.401950470749637,0.075957285464072,"ppt_week"
57.19,0.401950470749637,0.075957285464072,"ppt_week"
0,0.331854595755428,0.0627111450208,"ppt_day"
0.162222222222222,0.370226138481479,0.0699622827520327,"ppt_day"
0.324444444444444,0.612290000403953,0.115705515310736,"ppt_day"
0.486666666666667,0.664601343699098,0.125590881605415,"ppt_day"
0.648888888888889,0.675102098123939,0.127575227587018,"ppt_day"
0.811111111111111,0.677784882203447,0.128082198000028,"ppt_day"
0.973333333333333,0.677555945363716,0.128038935403878,"ppt_day"
1.13555555555556,0.670352011736029,0.126677595430816,"ppt_day"
1.29777777777778,0.652256362018264,0.123258028764538,"ppt_day"
1.46,0.641016870359957,0.121134082312208,"ppt_day"
1.62222222222222,0.631654844113153,0.119364923791696,"ppt_day"
1.78444444444444,0.630453935964697,0.119137986072533,"ppt_day"
1.94666666666667,0.630336393964313,0.119115773954556,"ppt_day"
2.10888888888889,0.626888089280605,0.118464141770275,"ppt_day"
2.27111111111111,0.627608776793426,0.118600331353632,"ppt_day"
2.43333333333333,0.627608776793426,0.118600331353632,"ppt_day"
2.59555555555556,0.629690659057545,0.118993748296628,"ppt_day"
2.75777777777778,0.629226986448127,0.118906127270362,"ppt_day"
2.92,0.629681231424487,0.118991966740274,"ppt_day"
3.08222222222222,0.629640088941304,0.118984191973064,"ppt_day"
3.24444444444444,0.629640088941304,0.118984191973064,"ppt_day"
3.40666666666667,0.632603231437886,0.119544142207888,"ppt_day"
3.56888888888889,0.632802936515117,0.119581880826607,"ppt_day"
3.73111111111111,0.632802936515117,0.119581880826607,"ppt_day"
3.89333333333333,0.66521586687453,0.125707009127727,"ppt_day"
4.05555555555556,0.66521586687453,0.125707009127727,"ppt_day"
4.21777777777778,0.666915341753302,0.126028161876386,"ppt_day"
4.38,0.666915341753302,0.126028161876386,"ppt_day"
4.54222222222222,0.666915341753302,0.126028161876386,"ppt_day"
4.70444444444444,0.738996222321903,0.139649412304678,"ppt_day"
4.86666666666667,0.738996222321903,0.139649412304678,"ppt_day"
5.02888888888889,0.738996222321903,0.139649412304678,"ppt_day"
5.19111111111111,0.738996222321903,0.139649412304678,"ppt_day"
5.35333333333333,0.738996222321903,0.139649412304678,"ppt_day"
5.51555555555556,0.738996222321903,0.139649412304678,"ppt_day"
5.67777777777778,0.738996222321903,0.139649412304678,"ppt_day"
5.84,0.738996222321903,0.139649412304678,"ppt_day"
6.00222222222222,0.739549400050861,0.139753947270373,"ppt_day"
6.16444444444444,0.740574897146859,0.139947737255289,"ppt_day"
6.32666666666667,0.747985067081469,0.141348050065001,"ppt_day"
6.48888888888889,0.747985067081469,0.141348050065001,"ppt_day"
6.65111111111111,0.771808725012391,0.145850048490037,"ppt_day"
6.81333333333333,0.771808725012391,0.145850048490037,"ppt_day"
6.97555555555556,0.771808725012391,0.145850048490037,"ppt_day"
7.13777777777778,0.771808725012391,0.145850048490037,"ppt_day"
7.3,0.771808725012391,0.145850048490037,"ppt_day"
7.46222222222222,0.771808725012391,0.145850048490037,"ppt_day"
7.62444444444444,0.771808725012391,0.145850048490037,"ppt_day"
7.78666666666667,0.771808725012391,0.145850048490037,"ppt_day"
7.94888888888889,0.884931934158895,0.167227139736448,"ppt_day"
8.11111111111111,0.912245621789719,0.17238865519526,"ppt_day"
8.27333333333333,0.912245621789719,0.17238865519526,"ppt_day"
8.43555555555555,0.912245621789719,0.17238865519526,"ppt_day"
8.59777777777778,0.912245621789719,0.17238865519526,"ppt_day"
8.76,0.912245621789719,0.17238865519526,"ppt_day"
8.92222222222222,0.912245621789719,0.17238865519526,"ppt_day"
9.08444444444444,0.912245621789719,0.17238865519526,"ppt_day"
9.24666666666667,0.912245621789719,0.17238865519526,"ppt_day"
9.40888888888889,0.912245621789719,0.17238865519526,"ppt_day"
9.57111111111111,0.912245621789719,0.17238865519526,"ppt_day"
9.73333333333333,0.912245621789719,0.17238865519526,"ppt_day"
9.89555555555556,0.912245621789719,0.17238865519526,"ppt_day"
10.0577777777778,0.912245621789719,0.17238865519526,"ppt_day"
10.22,0.912245621789719,0.17238865519526,"ppt_day"
10.3822222222222,0.912245621789719,0.17238865519526,"ppt_day"
10.5444444444444,0.912245621789719,0.17238865519526,"ppt_day"
10.7066666666667,0.912245621789719,0.17238865519526,"ppt_day"
10.8688888888889,0.912245621789719,0.17238865519526,"ppt_day"
11.0311111111111,0.912245621789719,0.17238865519526,"ppt_day"
11.1933333333333,0.912245621789719,0.17238865519526,"ppt_day"
11.3555555555556,0.912245621789719,0.17238865519526,"ppt_day"
11.5177777777778,0.912245621789719,0.17238865519526,"ppt_day"
11.68,0.912245621789719,0.17238865519526,"ppt_day"
11.8422222222222,0.912245621789719,0.17238865519526,"ppt_day"
12.0044444444444,0.912245621789719,0.17238865519526,"ppt_day"
12.1666666666667,0.912245621789719,0.17238865519526,"ppt_day"
12.3288888888889,0.912245621789719,0.17238865519526,"ppt_day"
12.4911111111111,0.912245621789719,0.17238865519526,"ppt_day"
12.6533333333333,0.912245621789719,0.17238865519526,"ppt_day"
12.8155555555556,0.912245621789719,0.17238865519526,"ppt_day"
12.9777777777778,0.912245621789719,0.17238865519526,"ppt_day"
13.14,0.912245621789719,0.17238865519526,"ppt_day"
13.3022222222222,0.912245621789719,0.17238865519526,"ppt_day"
13.4644444444444,0.912245621789719,0.17238865519526,"ppt_day"
13.6266666666667,0.912245621789719,0.17238865519526,"ppt_day"
13.7888888888889,0.912245621789719,0.17238865519526,"ppt_day"
13.9511111111111,0.912245621789719,0.17238865519526,"ppt_day"
14.1133333333333,0.912245621789719,0.17238865519526,"ppt_day"
14.2755555555556,0.912245621789719,0.17238865519526,"ppt_day"
14.4377777777778,0.912245621789719,0.17238865519526,"ppt_day"
14.6,0.912245621789719,0.17238865519526,"ppt_day"
14.7622222222222,0.912245621789719,0.17238865519526,"ppt_day"
14.9244444444444,0.912245621789719,0.17238865519526,"ppt_day"
15.0866666666667,0.912245621789719,0.17238865519526,"ppt_day"
15.2488888888889,0.912245621789719,0.17238865519526,"ppt_day"
15.4111111111111,0.912245621789719,0.17238865519526,"ppt_day"
15.5733333333333,0.912245621789719,0.17238865519526,"ppt_day"
15.7355555555556,0.912245621789719,0.17238865519526,"ppt_day"
15.8977777777778,0.912245621789719,0.17238865519526,"ppt_day"
16.06,0.912245621789719,0.17238865519526,"ppt_day"
0.02,0.665615383722823,0.125782506527287,"TDN"
0.0237373737373737,0.665615383722823,0.125782506527287,"TDN"
0.0274747474747475,0.665615383722823,0.125782506527287,"TDN"
0.0312121212121212,0.665615383722823,0.125782506527287,"TDN"
0.034949494949495,0.665615383722823,0.125782506527287,"TDN"
0.0386868686868687,0.665615383722823,0.125782506527287,"TDN"
0.0424242424242424,0.665615383722823,0.125782506527287,"TDN"
0.0461616161616162,0.665615383722823,0.125782506527287,"TDN"
0.0498989898989899,0.665615383722823,0.125782506527287,"TDN"
0.0536363636363636,0.665615383722823,0.125782506527287,"TDN"
0.0573737373737374,0.665615383722823,0.125782506527287,"TDN"
0.0611111111111111,0.665615383722823,0.125782506527287,"TDN"
0.0648484848484848,0.665615383722823,0.125782506527287,"TDN"
0.0685858585858586,0.665615383722823,0.125782506527287,"TDN"
0.0723232323232323,0.665615383722823,0.125782506527287,"TDN"
0.0760606060606061,0.665615383722823,0.125782506527287,"TDN"
0.0797979797979798,0.665615383722823,0.125782506527287,"TDN"
0.0835353535353535,0.665615383722823,0.125782506527287,"TDN"
0.0872727272727273,0.665615383722823,0.125782506527287,"TDN"
0.091010101010101,0.665615383722823,0.125782506527287,"TDN"
0.0947474747474747,0.665615383722823,0.125782506527287,"TDN"
0.0984848484848485,0.665615383722823,0.125782506527287,"TDN"
0.102222222222222,0.664899147342284,0.125647158082204,"TDN"
0.105959595959596,0.664899147342284,0.125647158082204,"TDN"
0.10969696969697,0.664899147342284,0.125647158082204,"TDN"
0.113434343434343,0.663307190549961,0.125346323214924,"TDN"
0.117171717171717,0.630906386096572,0.119223486367534,"TDN"
0.120909090909091,0.61441205366993,0.116106523438412,"TDN"
0.124646464646465,0.527155070429713,0.0996174182699322,"TDN"
0.128383838383838,0.475518050223551,0.0898594799921176,"TDN"
0.132121212121212,0.435501902354557,0.0822975583424452,"TDN"
0.135858585858586,0.405167895472622,0.0765652878572205,"TDN"
0.13959595959596,0.403147418787151,0.0761834748341244,"TDN"
0.143333333333333,0.40442957928711,0.0764257669526646,"TDN"
0.147070707070707,0.435613885150997,0.0823187199279022,"TDN"
0.150808080808081,0.486451357481309,0.0919255662412396,"TDN"
0.154545454545455,0.489257335250935,0.0924558167819488,"TDN"
0.158282828282828,0.530718679652426,0.100290839755189,"TDN"
0.162020202020202,0.540761020302294,0.102188558481695,"TDN"
0.165757575757576,0.540027437968138,0.102049932141333,"TDN"
0.169494949494949,0.547718706442985,0.10350336463523,"TDN"
0.173232323232323,0.543627225361223,0.102730190278901,"TDN"
0.176969696969697,0.541900559283156,0.102403899161619,"TDN"
0.180707070707071,0.539806428088287,0.102008167516694,"TDN"
0.184444444444444,0.539806428088287,0.102008167516694,"TDN"
0.188181818181818,0.538801112301707,0.101818191229217,"TDN"
0.191919191919192,0.538882237978895,0.101833521690727,"TDN"
0.195656565656566,0.54045318667914,0.102130386621999,"TDN"
0.199393939393939,0.54045318667914,0.102130386621999,"TDN"
0.203131313131313,0.54045318667914,0.102130386621999,"TDN"
0.206868686868687,0.541759910276757,0.102377320472186,"TDN"
0.210606060606061,0.542933049953227,0.102599010734493,"TDN"
0.214343434343434,0.542933049953227,0.102599010734493,"TDN"
0.218080808080808,0.552669566431676,0.104438937330921,"TDN"
0.221818181818182,0.552669566431676,0.104438937330921,"TDN"
0.225555555555556,0.552505518860835,0.104407936973726,"TDN"
0.229292929292929,0.549839745832003,0.103904181168799,"TDN"
0.233030303030303,0.55953166211488,0.105735679588043,"TDN"
0.236767676767677,0.559938030459211,0.105812471726826,"TDN"
0.24050505050505,0.559938030459211,0.105812471726826,"TDN"
0.244242424242424,0.559938030459211,0.105812471726826,"TDN"
0.247979797979798,0.559938030459211,0.105812471726826,"TDN"
0.251717171717172,0.559938030459211,0.105812471726826,"TDN"
0.255454545454545,0.560578228078622,0.10593345099385,"TDN"
0.259191919191919,0.560578228078622,0.10593345099385,"TDN"
0.262929292929293,0.560578228078622,0.10593345099385,"TDN"
0.266666666666667,0.560578228078622,0.10593345099385,"TDN"
0.27040404040404,0.560578228078622,0.10593345099385,"TDN"
0.274141414141414,0.560578228078622,0.10593345099385,"TDN"
0.277878787878788,0.560578228078622,0.10593345099385,"TDN"
0.281616161616162,0.560578228078622,0.10593345099385,"TDN"
0.285353535353535,0.560578228078622,0.10593345099385,"TDN"
0.289090909090909,0.560578228078622,0.10593345099385,"TDN"
0.292828282828283,0.560578228078622,0.10593345099385,"TDN"
0.296565656565657,0.560578228078622,0.10593345099385,"TDN"
0.30030303030303,0.560578228078622,0.10593345099385,"TDN"
0.304040404040404,0.560578228078622,0.10593345099385,"TDN"
0.307777777777778,0.560578228078622,0.10593345099385,"TDN"
0.311515151515152,0.560578228078622,0.10593345099385,"TDN"
0.315252525252525,0.560578228078622,0.10593345099385,"TDN"
0.318989898989899,0.560578228078622,0.10593345099385,"TDN"
0.322727272727273,0.560578228078622,0.10593345099385,"TDN"
0.326464646464646,0.560578228078622,0.10593345099385,"TDN"
0.33020202020202,0.560578228078622,0.10593345099385,"TDN"
0.333939393939394,0.560578228078622,0.10593345099385,"TDN"
0.337676767676768,0.560578228078622,0.10593345099385,"TDN"
0.341414141414141,0.560578228078622,0.10593345099385,"TDN"
0.345151515151515,0.560578228078622,0.10593345099385,"TDN"
0.348888888888889,0.560578228078622,0.10593345099385,"TDN"
0.352626262626263,0.560578228078622,0.10593345099385,"TDN"
0.356363636363636,0.560578228078622,0.10593345099385,"TDN"
0.36010101010101,0.560578228078622,0.10593345099385,"TDN"
0.363838383838384,0.560578228078622,0.10593345099385,"TDN"
0.367575757575758,0.560578228078622,0.10593345099385,"TDN"
0.371313131313131,0.560578228078622,0.10593345099385,"TDN"
0.375050505050505,0.560578228078622,0.10593345099385,"TDN"
0.378787878787879,0.560578228078622,0.10593345099385,"TDN"
0.382525252525253,0.560578228078622,0.10593345099385,"TDN"
0.386262626262626,0.560578228078622,0.10593345099385,"TDN"
0.39,0.560578228078622,0.10593345099385,"TDN"
189,0.43468235633686,0.0821426872940269,"Ordinal_date"
189.707070707071,0.43468235633686,0.0821426872940269,"Ordinal_date"
190.414141414141,0.43468235633686,0.0821426872940269,"Ordinal_date"
191.121212121212,0.43468235633686,0.0821426872940269,"Ordinal_date"
191.828282828283,0.43468235633686,0.0821426872940269,"Ordinal_date"
192.535353535354,0.43468235633686,0.0821426872940269,"Ordinal_date"
193.242424242424,0.43468235633686,0.0821426872940269,"Ordinal_date"
193.949494949495,0.43468235633686,0.0821426872940269,"Ordinal_date"
194.656565656566,0.43468235633686,0.0821426872940269,"Ordinal_date"
195.363636363636,0.43468235633686,0.0821426872940269,"Ordinal_date"
196.070707070707,0.43468235633686,0.0821426872940269,"Ordinal_date"
196.777777777778,0.434406736696287,0.0820906029671211,"Ordinal_date"
197.484848484848,0.434406736696287,0.0820906029671211,"Ordinal_date"
198.191919191919,0.433812384891265,0.0819782872640545,"Ordinal_date"
198.89898989899,0.426300959149685,0.0805588399669006,"Ordinal_date"
199.606060606061,0.426033412496549,0.0805082812065903,"Ordinal_date"
200.313131313131,0.426033412496549,0.0805082812065903,"Ordinal_date"
201.020202020202,0.426033412496549,0.0805082812065903,"Ordinal_date"
201.727272727273,0.429934579326896,0.0812454915450258,"Ordinal_date"
202.434343434343,0.430079557369016,0.0812728882999314,"Ordinal_date"
203.141414141414,0.431585699524708,0.0815575066248111,"Ordinal_date"
203.848484848485,0.429550211203123,0.0811728568265088,"Ordinal_date"
204.555555555556,0.510113031394566,0.0963969542623435,"Ordinal_date"
205.262626262626,0.517369166051919,0.0977681587555399,"Ordinal_date"
205.969696969697,0.519748968846556,0.0982178742637301,"Ordinal_date"
206.676767676768,0.541038826468464,0.102241056000178,"Ordinal_date"
207.383838383838,0.544435041678985,0.102882844745348,"Ordinal_date"
208.090909090909,0.546772272559952,0.103324515364343,"Ordinal_date"
208.79797979798,0.50893466435391,0.0961742761758578,"Ordinal_date"
209.505050505051,0.54448578941395,0.102892434633834,"Ordinal_date"
210.212121212121,0.555480036104199,0.1049700367144,"Ordinal_date"
210.919191919192,0.616563819415389,0.116513146385451,"Ordinal_date"
211.626262626263,0.619242194860918,0.117019283691166,"Ordinal_date"
212.333333333333,0.619720603416133,0.117109689394956,"Ordinal_date"
213.040404040404,0.623926453540564,0.117904476269878,"Ordinal_date"
213.747474747475,0.638378887468439,0.120635578058272,"Ordinal_date"
214.454545454545,0.641654479829602,0.121254572492031,"Ordinal_date"
215.161616161616,0.641654479829602,0.121254572492031,"Ordinal_date"
215.868686868687,0.637047075182373,0.120383903154624,"Ordinal_date"
216.575757575758,0.61710831789477,0.11661604121813,"Ordinal_date"
217.282828282828,0.616443362484794,0.116490383427999,"Ordinal_date"
217.989898989899,0.648204952219839,0.122492426748904,"Ordinal_date"
218.69696969697,0.647852604558003,0.122425842993242,"Ordinal_date"
219.40404040404,0.646430895316682,0.122157180104283,"Ordinal_date"
220.111111111111,0.644306707799275,0.121755768663371,"Ordinal_date"
220.818181818182,0.639854345475303,0.120914397945729,"Ordinal_date"
221.525252525253,0.603706434975185,0.114083463896401,"Ordinal_date"
222.232323232323,0.602802701940518,0.113912683879724,"Ordinal_date"
222.939393939394,0.600742079919456,0.113523284522148,"Ordinal_date"
223.646464646465,0.597266544097203,0.112866506421854,"Ordinal_date"
224.353535353535,0.597266544097203,0.112866506421854,"Ordinal_date"
225.060606060606,0.658349050490309,0.124409374791455,"Ordinal_date"
225.767676767677,0.65702408851129,0.124158994402344,"Ordinal_date"
226.474747474747,0.65702408851129,0.124158994402344,"Ordinal_date"
227.181818181818,0.656105688055069,0.123985442657291,"Ordinal_date"
227.888888888889,0.649138468566989,0.122668834970379,"Ordinal_date"
228.59595959596,0.649041954266134,0.122650596493664,"Ordinal_date"
229.30303030303,0.649041954266134,0.122650596493664,"Ordinal_date"
230.010101010101,0.648028024109554,0.122458992333578,"Ordinal_date"
230.717171717172,0.638491460000147,0.120656851087037,"Ordinal_date"
231.424242424242,0.638491460000147,0.120656851087037,"Ordinal_date"
232.131313131313,0.638491460000147,0.120656851087037,"Ordinal_date"
232.838383838384,0.638491460000147,0.120656851087037,"Ordinal_date"
233.545454545455,0.638491460000147,0.120656851087037,"Ordinal_date"
234.252525252525,0.638491460000147,0.120656851087037,"Ordinal_date"
234.959595959596,0.638491460000147,0.120656851087037,"Ordinal_date"
235.666666666667,0.638491460000147,0.120656851087037,"Ordinal_date"
236.373737373737,0.638491460000147,0.120656851087037,"Ordinal_date"
237.080808080808,0.638491460000147,0.120656851087037,"Ordinal_date"
237.787878787879,0.638491460000147,0.120656851087037,"Ordinal_date"
238.494949494949,0.638491460000147,0.120656851087037,"Ordinal_date"
239.20202020202,0.638491460000147,0.120656851087037,"Ordinal_date"
239.909090909091,0.638491460000147,0.120656851087037,"Ordinal_date"
240.616161616162,0.638491460000147,0.120656851087037,"Ordinal_date"
241.323232323232,0.638491460000147,0.120656851087037,"Ordinal_date"
242.030303030303,0.638491460000147,0.120656851087037,"Ordinal_date"
242.737373737374,0.638491460000147,0.120656851087037,"Ordinal_date"
243.444444444444,0.638491460000147,0.120656851087037,"Ordinal_date"
244.151515151515,0.638491460000147,0.120656851087037,"Ordinal_date"
244.858585858586,0.638491460000147,0.120656851087037,"Ordinal_date"
245.565656565657,0.638491460000147,0.120656851087037,"Ordinal_date"
246.272727272727,0.638491460000147,0.120656851087037,"Ordinal_date"
246.979797979798,0.638491460000147,0.120656851087037,"Ordinal_date"
247.686868686869,0.638491460000147,0.120656851087037,"Ordinal_date"
248.393939393939,0.638491460000147,0.120656851087037,"Ordinal_date"
249.10101010101,0.638491460000147,0.120656851087037,"Ordinal_date"
249.808080808081,0.638491460000147,0.120656851087037,"Ordinal_date"
250.515151515152,0.638491460000147,0.120656851087037,"Ordinal_date"
251.222222222222,0.638491460000147,0.120656851087037,"Ordinal_date"
251.929292929293,0.638491460000147,0.120656851087037,"Ordinal_date"
252.636363636364,0.638491460000147,0.120656851087037,"Ordinal_date"
253.343434343434,0.638491460000147,0.120656851087037,"Ordinal_date"
254.050505050505,0.638491460000147,0.120656851087037,"Ordinal_date"
254.757575757576,0.638491460000147,0.120656851087037,"Ordinal_date"
255.464646464646,0.638491460000147,0.120656851087037,"Ordinal_date"
256.171717171717,0.638491460000147,0.120656851087037,"Ordinal_date"
256.878787878788,0.638491460000147,0.120656851087037,"Ordinal_date"
257.585858585859,0.638491460000147,0.120656851087037,"Ordinal_date"
258.292929292929,0.638491460000147,0.120656851087037,"Ordinal_date"
259,0.638491460000147,0.120656851087037,"Ordinal_date"
0.905,0.341296341180285,0.0644953682142134,"tmean_day"
1.02962627272727,0.341296341180285,0.0644953682142134,"tmean_day"
1.15425254545455,0.341296341180285,0.0644953682142134,"tmean_day"
1.27887881818182,0.341296341180285,0.0644953682142134,"tmean_day"
1.40350509090909,0.341296341180285,0.0644953682142134,"tmean_day"
1.52813136363636,0.341296341180285,0.0644953682142134,"tmean_day"
1.65275763636364,0.341296341180285,0.0644953682142134,"tmean_day"
1.77738390909091,0.341296341180285,0.0644953682142134,"tmean_day"
1.90201018181818,0.341296341180285,0.0644953682142134,"tmean_day"
2.02663645454545,0.341296341180285,0.0644953682142134,"tmean_day"
2.15126272727273,0.341296341180285,0.0644953682142134,"tmean_day"
2.275889,0.341296341180285,0.0644953682142134,"tmean_day"
2.40051527272727,0.341296341180285,0.0644953682142134,"tmean_day"
2.52514154545455,0.341296341180285,0.0644953682142134,"tmean_day"
2.64976781818182,0.341296341180285,0.0644953682142134,"tmean_day"
2.77439409090909,0.341296341180285,0.0644953682142134,"tmean_day"
2.89902036363636,0.341296341180285,0.0644953682142134,"tmean_day"
3.02364663636364,0.341296341180285,0.0644953682142134,"tmean_day"
3.14827290909091,0.341296341180285,0.0644953682142134,"tmean_day"
3.27289918181818,0.341296341180285,0.0644953682142134,"tmean_day"
3.39752545454545,0.341296341180285,0.0644953682142134,"tmean_day"
3.52215172727273,0.341296341180285,0.0644953682142134,"tmean_day"
3.646778,0.341296341180285,0.0644953682142134,"tmean_day"
3.77140427272727,0.341296341180285,0.0644953682142134,"tmean_day"
3.89603054545455,0.341296341180285,0.0644953682142134,"tmean_day"
4.02065681818182,0.341296341180285,0.0644953682142134,"tmean_day"
4.14528309090909,0.341296341180285,0.0644953682142134,"tmean_day"
4.26990936363636,0.341296341180285,0.0644953682142134,"tmean_day"
4.39453563636364,0.341296341180285,0.0644953682142134,"tmean_day"
4.51916190909091,0.341296341180285,0.0644953682142134,"tmean_day"
4.64378818181818,0.341296341180285,0.0644953682142134,"tmean_day"
4.76841445454545,0.341296341180285,0.0644953682142134,"tmean_day"
4.89304072727273,0.341296341180285,0.0644953682142134,"tmean_day"
5.017667,0.341296341180285,0.0644953682142134,"tmean_day"
5.14229327272727,0.341296341180285,0.0644953682142134,"tmean_day"
5.26691954545455,0.341296341180285,0.0644953682142134,"tmean_day"
5.39154581818182,0.341296341180285,0.0644953682142134,"tmean_day"
5.51617209090909,0.341296341180285,0.0644953682142134,"tmean_day"
5.64079836363636,0.341296341180285,0.0644953682142134,"tmean_day"
5.76542463636364,0.341296341180285,0.0644953682142134,"tmean_day"
5.89005090909091,0.341296341180285,0.0644953682142134,"tmean_day"
6.01467718181818,0.341296341180285,0.0644953682142134,"tmean_day"
6.13930345454545,0.341296341180285,0.0644953682142134,"tmean_day"
6.26392972727273,0.341296341180285,0.0644953682142134,"tmean_day"
6.388556,0.341296341180285,0.0644953682142134,"tmean_day"
6.51318227272727,0.341296341180285,0.0644953682142134,"tmean_day"
6.63780854545455,0.341296341180285,0.0644953682142134,"tmean_day"
6.76243481818182,0.341296341180285,0.0644953682142134,"tmean_day"
6.88706109090909,0.341296341180285,0.0644953682142134,"tmean_day"
7.01168736363636,0.341562947009411,0.0645457491853603,"tmean_day"
7.13631363636364,0.341562947009411,0.0645457491853603,"tmean_day"
7.26093990909091,0.341385336783672,0.0645121858694805,"tmean_day"
7.38556618181818,0.341893196153773,0.0646081569454154,"tmean_day"
7.51019245454545,0.378001570615313,0.0714316198001886,"tmean_day"
7.63481872727273,0.378650828186501,0.0715543111421903,"tmean_day"
7.759445,0.384399465266007,0.0726406411740049,"tmean_day"
7.88407127272727,0.391307764198977,0.0739461145402734,"tmean_day"
8.00869754545455,0.391828836672338,0.0740445825195066,"tmean_day"
8.13332381818182,0.392814634783565,0.0742308705176393,"tmean_day"
8.25795009090909,0.510390504580541,0.0964493888569751,"tmean_day"
8.38257636363636,0.531276048984974,0.100396166815566,"tmean_day"
8.50720263636364,0.566410520129702,0.107035589452371,"tmean_day"
8.63182890909091,0.56688088054502,0.107124474285048,"tmean_day"
8.75645518181818,0.614144079028879,0.116055883800475,"tmean_day"
8.88108145454545,0.610094798562874,0.115290684168524,"tmean_day"
9.00570772727273,0.592091076272295,0.111888489189399,"tmean_day"
9.130334,0.626264288253078,0.118346260995978,"tmean_day"
9.25496027272727,0.638518573970298,0.120661974861533,"tmean_day"
9.37958654545455,0.636084074053869,0.120201923142301,"tmean_day"
9.50421281818182,0.63885906379261,0.120726317820462,"tmean_day"
9.62883909090909,0.64005144247872,0.120951643712165,"tmean_day"
9.75346536363636,0.642010881831576,0.12132192240346,"tmean_day"
9.87809163636364,0.635121478236736,0.12002001972238,"tmean_day"
10.0027179090909,0.669028873926152,0.126427559758148,"tmean_day"
10.1273441818182,0.615120121184423,0.116240328198551,"tmean_day"
10.2519704545455,0.608906240480844,0.115066080263075,"tmean_day"
10.3765967272727,0.593153187168711,0.112089198148398,"tmean_day"
10.501223,0.593190733196155,0.112096293287058,"tmean_day"
10.6258492727273,0.596118576494483,0.112649572970474,"tmean_day"
10.7504755454545,0.595688392302576,0.112568280309202,"tmean_day"
10.8751018181818,0.596792436672036,0.112776913510153,"tmean_day"
10.9997280909091,0.644460646740228,0.121784858775046,"tmean_day"
11.1243543636364,0.644460646740228,0.121784858775046,"tmean_day"
11.2489806363636,0.64573718629566,0.122026088693841,"tmean_day"
11.3736069090909,0.645958186609296,0.122067851510735,"tmean_day"
11.4982331818182,0.637174840587463,0.120408047207319,"tmean_day"
11.6228594545455,0.636196703980952,0.120223207017171,"tmean_day"
11.7474857272727,0.605393341253172,0.114402241534524,"tmean_day"
11.872112,0.551101407882081,0.104142599659311,"tmean_day"
11.9967382727273,0.543201156082178,0.102649675219929,"tmean_day"
12.1213645454545,0.543201156082178,0.102649675219929,"tmean_day"
12.2459908181818,0.543201156082178,0.102649675219929,"tmean_day"
12.3706170909091,0.543201156082178,0.102649675219929,"tmean_day"
12.4952433636364,0.543201156082178,0.102649675219929,"tmean_day"
12.6198696363636,0.543351407390173,0.102678068473137,"tmean_day"
12.7444959090909,0.543351407390173,0.102678068473137,"tmean_day"
12.8691221818182,0.543351407390173,0.102678068473137,"tmean_day"
12.9937484545455,0.543351407390173,0.102678068473137,"tmean_day"
13.1183747272727,0.543351407390173,0.102678068473137,"tmean_day"
13.243001,0.543351407390173,0.102678068473137,"tmean_day"
0.2995973,0.723343728205795,0.136691533037652,"ppt_percent_normal"
0.311556346969697,0.723343728205795,0.136691533037652,"ppt_percent_normal"
0.323515393939394,0.723343728205795,0.136691533037652,"ppt_percent_normal"
0.335474440909091,0.723343728205795,0.136691533037652,"ppt_percent_normal"
0.347433487878788,0.723343728205795,0.136691533037652,"ppt_percent_normal"
0.359392534848485,0.723343728205795,0.136691533037652,"ppt_percent_normal"
0.371351581818182,0.723343728205795,0.136691533037652,"ppt_percent_normal"
0.383310628787879,0.723343728205795,0.136691533037652,"ppt_percent_normal"
0.395269675757576,0.723343728205795,0.136691533037652,"ppt_percent_normal"
0.407228722727273,0.682140277825206,0.128905244749878,"ppt_percent_normal"
0.41918776969697,0.682371613910252,0.128948960735624,"ppt_percent_normal"
0.431146816666667,0.682371613910252,0.128948960735624,"ppt_percent_normal"
0.443105863636364,0.671018799369198,0.126803599459377,"ppt_percent_normal"
0.455064910606061,0.671018799369198,0.126803599459377,"ppt_percent_normal"
0.467023957575758,0.671018799369198,0.126803599459377,"ppt_percent_normal"
0.478983004545455,0.671018799369198,0.126803599459377,"ppt_percent_normal"
0.490942051515151,0.671018799369198,0.126803599459377,"ppt_percent_normal"
0.502901098484848,0.671018799369198,0.126803599459377,"ppt_percent_normal"
0.514860145454545,0.666292226954863,0.125910410780004,"ppt_percent_normal"
0.526819192424242,0.666292226954863,0.125910410780004,"ppt_percent_normal"
0.538778239393939,0.666292226954863,0.125910410780004,"ppt_percent_normal"
0.550737286363636,0.527812938862014,0.0997417368214614,"ppt_percent_normal"
0.562696333333333,0.527812938862014,0.0997417368214614,"ppt_percent_normal"
0.57465538030303,0.51548991792345,0.0974130339405702,"ppt_percent_normal"
0.586614427272727,0.51548991792345,0.0974130339405702,"ppt_percent_normal"
0.598573474242424,0.51548991792345,0.0974130339405702,"ppt_percent_normal"
0.610532521212121,0.51548991792345,0.0974130339405702,"ppt_percent_normal"
0.622491568181818,0.51548991792345,0.0974130339405702,"ppt_percent_normal"
0.634450615151515,0.514744125667883,0.0972721002699431,"ppt_percent_normal"
0.646409662121212,0.514744125667883,0.0972721002699431,"ppt_percent_normal"
0.658368709090909,0.498457543071037,0.0941943961905434,"ppt_percent_normal"
0.670327756060606,0.498457543071037,0.0941943961905434,"ppt_percent_normal"
0.682286803030303,0.498457543071037,0.0941943961905434,"ppt_percent_normal"
0.69424585,0.498457543071037,0.0941943961905434,"ppt_percent_normal"
0.706204896969697,0.493955347836077,0.0933436084603063,"ppt_percent_normal"
0.718163943939394,0.493955347836077,0.0933436084603063,"ppt_percent_normal"
0.730122990909091,0.493955347836077,0.0933436084603063,"ppt_percent_normal"
0.742082037878788,0.518345818760405,0.0979527185308759,"ppt_percent_normal"
0.754041084848485,0.518345818760405,0.0979527185308759,"ppt_percent_normal"
0.766000131818182,0.518345818760405,0.0979527185308759,"ppt_percent_normal"
0.777959178787879,0.51976101391224,0.098220150440919,"ppt_percent_normal"
0.789918225757576,0.51976101391224,0.098220150440919,"ppt_percent_normal"
0.801877272727273,0.51976101391224,0.098220150440919,"ppt_percent_normal"
0.81383631969697,0.51976101391224,0.098220150440919,"ppt_percent_normal"
0.825795366666667,0.51976101391224,0.098220150440919,"ppt_percent_normal"
0.837754413636363,0.584005265155954,0.110360499280525,"ppt_percent_normal"
0.849713460606061,0.583511289893191,0.110267151908706,"ppt_percent_normal"
0.861672507575757,0.583511289893191,0.110267151908706,"ppt_percent_normal"
0.873631554545454,0.583511289893191,0.110267151908706,"ppt_percent_normal"
0.885590601515151,0.583511289893191,0.110267151908706,"ppt_percent_normal"
0.897549648484848,0.584070464775994,0.110372820167081,"ppt_percent_normal"
0.909508695454545,0.584070464775994,0.110372820167081,"ppt_percent_normal"
0.921467742424242,0.584070464775994,0.110372820167081,"ppt_percent_normal"
0.933426789393939,0.583943981620729,0.110348918423384,"ppt_percent_normal"
0.945385836363636,0.583943981620729,0.110348918423384,"ppt_percent_normal"
0.957344883333333,0.583943981620729,0.110348918423384,"ppt_percent_normal"
0.96930393030303,0.584104764318701,0.110379301811827,"ppt_percent_normal"
0.981262977272727,0.589641636937552,0.111425614342084,"ppt_percent_normal"
0.993222024242424,0.589641636937552,0.111425614342084,"ppt_percent_normal"
1.00518107121212,0.590824231087657,0.111649091232857,"ppt_percent_normal"
1.01714011818182,0.59290838009193,0.112042936525716,"ppt_percent_normal"
1.02909916515152,0.59290838009193,0.112042936525716,"ppt_percent_normal"
1.04105821212121,0.59290838009193,0.112042936525716,"ppt_percent_normal"
1.05301725909091,0.59290838009193,0.112042936525716,"ppt_percent_normal"
1.06497630606061,0.59290838009193,0.112042936525716,"ppt_percent_normal"
1.0769353530303,0.59290838009193,0.112042936525716,"ppt_percent_normal"
1.0888944,0.59290838009193,0.112042936525716,"ppt_percent_normal"
1.1008534469697,0.596851469155042,0.112788068982007,"ppt_percent_normal"
1.11281249393939,0.595870800344831,0.112602750276884,"ppt_percent_normal"
1.12477154090909,0.595870800344831,0.112602750276884,"ppt_percent_normal"
1.13673058787879,0.570725608412566,0.107851019253692,"ppt_percent_normal"
1.14868963484848,0.570807585423948,0.107866510593317,"ppt_percent_normal"
1.16064868181818,0.562726814261224,0.106339473093318,"ppt_percent_normal"
1.17260772878788,0.514775218185572,0.0972779758775461,"ppt_percent_normal"
1.18456677575758,0.496439243224447,0.0938129945285088,"ppt_percent_normal"
1.19652582272727,0.496439243224447,0.0938129945285088,"ppt_percent_normal"
1.20848486969697,0.496439243224447,0.0938129945285088,"ppt_percent_normal"
1.22044391666667,0.499247998055817,0.0943437698554466,"ppt_percent_normal"
1.23240296363636,0.477026659206312,0.0901445644776352,"ppt_percent_normal"
1.24436201060606,0.477026659206312,0.0901445644776352,"ppt_percent_normal"
1.25632105757576,0.477026659206312,0.0901445644776352,"ppt_percent_normal"
1.26828010454545,0.477026659206312,0.0901445644776352,"ppt_percent_normal"
1.28023915151515,0.477026659206312,0.0901445644776352,"ppt_percent_normal"
1.29219819848485,0.477026659206312,0.0901445644776352,"ppt_percent_normal"
1.30415724545455,0.477026659206312,0.0901445644776352,"ppt_percent_normal"
1.31611629242424,0.477026659206312,0.0901445644776352,"ppt_percent_normal"
1.32807533939394,0.438564915054001,0.082876381224672,"ppt_percent_normal"
1.34003438636364,0.438564915054001,0.082876381224672,"ppt_percent_normal"
1.35199343333333,0.438564915054001,0.082876381224672,"ppt_percent_normal"
1.36395248030303,0.438564915054001,0.082876381224672,"ppt_percent_normal"
1.37591152727273,0.438564915054001,0.082876381224672,"ppt_percent_normal"
1.38787057424242,0.438564915054001,0.082876381224672,"ppt_percent_normal"
1.39982962121212,0.438564915054001,0.082876381224672,"ppt_percent_normal"
1.41178866818182,0.419505998812583,0.0792747843938849,"ppt_percent_normal"
1.42374771515151,0.419505998812583,0.0792747843938849,"ppt_percent_normal"
1.43570676212121,0.419505998812583,0.0792747843938849,"ppt_percent_normal"
1.44766580909091,0.419505998812583,0.0792747843938849,"ppt_percent_normal"
1.45962485606061,0.419505998812583,0.0792747843938849,"ppt_percent_normal"
1.4715839030303,0.419505998812583,0.0792747843938849,"ppt_percent_normal"
1.48354295,0.419505998812583,0.0792747843938849,"ppt_percent_normal"
