0.568525486784445
2.07370151164159
-1.99583623322026
0.697943476307333
0.494008964436989
1.53165954857449
-0.369526287639109
0.355980354617275
-0.376381759367985
-0.136413039119144
2.98634368998421
1.63078776885959
-2.53565014339824
0.869657034243608
0.143427883378887
0.803397913680505
0.326929395510419
-0.0419539192857209
0.407571273351344
-1.12213734801404
1.52406474185638
2.9516612018403
1.55021183668161
0.246795165557044
1.03845744643068
2.38291052132293
1.31736679586753
1.89046778144872
-2.82179376711699
1.62509126107658
1.18910895305517
-2.80865535371397
2.62120312143
1.18584508564267
2.68004210452684
2.32581156536443
0.366890508990141
-2.14529905708503
1.79109482613927
0.364700319445942
-0.0491947764730239
1.05072622253666
2.26904273022556
-0.465035845097175
1.33276267595789
-1.4717001622337
-0.554697698026711
1.66641497057554
0.322378131281558
1.92084306614151
1.48194989513889
1.92308776528308
1.56939272018345
1.5315262887772
1.69585151065066
0.787078219388641
1.08316916098694
2.2349820323918
1.97306083861441
-3.66929060293467
1.88512192724162
1.36347944506465
0.537607598734502
-4.40555699255692
0.366957235428233
2.0102822713692
1.74675846100268
2.12502826835999
0.0883920478374085
2.39722382839324
-4.29350790834935
1.69165373837876
-3.77386964336234
-4.0918207768337
1.80474564290693
0.997113055675672
-4.2776972482936
2.05208917930336
2.3222356342774
0.171152328795004
2.12169279344678
-4.4550205583403
1.70679606363474
-3.59292006277011
1.36526931606072
2.73287548258357
0.81162714037431
0.916597871199637
-0.41674606787256
0.140649707874585
0.987270974623329
-0.736202862428531
0.81088514616555
0.683404227160406
-1.00227279477612
-0.177307702430056
0.484315279492028
0.285312255562549
-1.07413161742242
-1.15205383337789
0.75027485929066
-1.4479965959477
-0.435162873941976
-0.383260953851068
