0.676622196814287
2.09359796586165
-2.07034689059428
0.664960993617464
0.660161593019438
1.48739669883187
-0.386970223585516
0.324702692881706
-0.38951354965364
-0.107063799132127
2.93072560498085
1.64313260445253
-2.7033624819438
0.797673759586089
0.187185398906084
0.843694269442484
0.376440906007655
-0.0498014833435515
0.370248161038484
-1.13053102272679
1.45468095459948
3.06218321108324
1.43441705478098
0.264070351849067
1.06490991786372
2.44040723606357
1.38176325514916
1.90001379735028
-2.80029125994747
1.73934872392808
1.17050050864111
-2.82145575665411
2.63708212045685
1.12596213911445
2.69730029298975
2.33473426102746
0.443067633170798
-2.24434397186959
1.7712038747518
0.271460478298698
0.0447157813713157
1.04804977058463
2.18677887003181
-0.52840266035612
1.40273327994285
-1.56054399533858
-0.706768478093824
1.67322169202337
0.312411166469877
2.0552449783345
1.51363080486222
1.88784392706902
1.56746445875175
1.53717134111743
1.71933969527009
0.674098084237314
1.08868272610255
2.33540159275476
1.8768290801145
-3.77268862452019
1.92305067303114
1.51575164758913
0.510466705667587
-4.48227836532125
0.359650880032149
2.05191677664538
1.90984220000377
2.15838355752523
0.0732061701004927
2.39383314952961
-4.36709850532162
1.70314385294577
-3.82227266676339
-4.03100576148558
1.94308519394584
1.01373268420678
-4.34807665118591
2.14336724734961
2.41708266559343
0.166041775601083
2.21207498596916
-4.55611334509995
1.71178630805473
-3.59841376565183
1.24078490208155
2.79421908689927
0.794575027041461
0.711524269000509
-0.457147682652113
0.198362211295816
0.961461591723485
-0.813661569972441
0.931049290075896
0.759681811030966
-1.03661078901173
-0.215858914660691
0.425706918683952
0.330083923315884
-1.06951313307461
-1.20484575585859
0.8140627251227
-1.48592668893656
-0.591496598958359
-0.479888018924367
