"bf","lr","best.iter","cv.r.squared"
0.5,0.1,222,0.401608664975501
0.5,0.1,321,0.398625333251037
0.5,0.1,334,0.369988418462518
0.5,0.1,170,0.445393849818407
0.5,0.1,291,0.258331203555042
0.5,0.1,233,0.398785271817851
0.5,0.1,375,0.401815953391713
0.5,0.1,338,0.428554356687585
0.5,0.1,184,0.519466044026131
0.5,0.1,427,0.432794928547757
0.6,0.1,225,0.425441926970287
0.6,0.1,265,0.435556089834706
0.6,0.1,326,0.371689021726799
0.6,0.1,245,0.372035469530027
0.6,0.1,283,0.37815988949019
0.6,0.1,214,0.352106297367496
0.6,0.1,329,0.418877908152899
0.6,0.1,253,0.397735510833221
0.6,0.1,854,0.374049752295237
0.6,0.1,425,0.341682701953237
0.7,0.1,597,0.418886637038555
0.7,0.1,366,0.41579068269775
0.7,0.1,325,0.414761572224964
0.7,0.1,207,0.376272456118464
0.7,0.1,261,0.404200876241775
0.7,0.1,277,0.389699395990751
0.7,0.1,332,0.370334633011757
0.7,0.1,380,0.392665466725292
0.7,0.1,301,0.38544528813154
0.7,0.1,313,0.415825755857298
0.5,0.05,1282,0.351490336835255
0.5,0.05,405,0.275154376908408
0.5,0.05,410,0.355385740756357
0.5,0.05,584,0.349729642855712
0.5,0.05,781,0.373031647769113
0.5,0.05,636,0.328147098508788
0.5,0.05,449,0.336040297339059
0.5,0.05,434,0.343724985955572
0.5,0.05,470,0.367950130419618
0.5,0.05,757,0.357922735820873
0.6,0.05,763,0.300781748244546
0.6,0.05,505,0.356033823087933
0.6,0.05,462,0.396138677663705
0.6,0.05,476,0.390661072509321
0.6,0.05,619,0.396168931465772
0.6,0.05,696,0.385112821515977
0.6,0.05,517,0.371559904314765
0.6,0.05,665,0.386977349807465
0.6,0.05,854,0.347831983145202
0.6,0.05,508,0.363334644562324
0.7,0.05,863,0.366956211982932
0.7,0.05,825,0.303926317050928
0.7,0.05,817,0.295231772077068
0.7,0.05,569,0.373164596944564
0.7,0.05,529,0.341973109768628
0.7,0.05,657,0.296773720969317
0.7,0.05,610,0.379061636441576
0.7,0.05,357,0.32079788423606
0.7,0.05,465,0.333440077591723
0.7,0.05,559,0.35269902781923
0.5,0.01,3557,0.385215659058536
0.5,0.01,3925,0.350948658817873
0.5,0.01,2304,0.317571788632578
0.5,0.01,2826,0.35115691351094
0.5,0.01,2512,0.306681519430161
0.5,0.01,4867,0.380620286530753
0.5,0.01,1729,0.291487537252233
0.5,0.01,3500,0.359275530500044
0.5,0.01,2867,0.332600947477094
0.5,0.01,3147,0.350284711910811
0.6,0.01,2350,0.37674637406094
0.6,0.01,3078,0.346326030265235
0.6,0.01,4524,0.365955563858663
0.6,0.01,2484,0.306599173937696
0.6,0.01,5558,0.304174554751055
0.6,0.01,2537,0.375584873979402
0.6,0.01,2993,0.309414654126299
0.6,0.01,2306,0.323527689216287
0.6,0.01,2578,0.30559421906866
0.6,0.01,2780,0.416412455607544
0.7,0.01,3127,0.332933552071921
0.7,0.01,3235,0.358946474370398
0.7,0.01,3063,0.364098842603467
0.7,0.01,2752,0.320866991223824
0.7,0.01,2497,0.343317989599878
0.7,0.01,2245,0.28849074923212
0.7,0.01,2911,0.348946377714117
0.7,0.01,2773,0.359857453194412
0.7,0.01,2890,0.33454225185082
0.7,0.01,2232,0.380261045785906
0.5,0.005,6695,0.33014535155756
0.5,0.005,6603,0.367950627150594
0.5,0.005,3680,0.305567902105608
0.5,0.005,8730,0.390402333061469
0.5,0.005,12350,0.374885817268106
0.5,0.005,6320,0.347302893589763
0.5,0.005,6041,0.321267502795231
0.5,0.005,5889,0.356798091062933
0.5,0.005,4533,0.333240970164111
0.5,0.005,5840,0.338623477360706
0.6,0.005,5447,0.373178252412976
0.6,0.005,6131,0.384968599179462
0.6,0.005,8510,0.386215069688327
0.6,0.005,4770,0.310324773687676
0.6,0.005,6668,0.32757396914929
0.6,0.005,5750,0.346845832770973
0.6,0.005,6539,0.298325850327723
0.6,0.005,8802,0.39496549691197
0.6,0.005,5343,0.282107441010601
0.6,0.005,5917,0.280229154336948
0.7,0.005,5054,0.357731059122463
0.7,0.005,8209,0.447520108602049
0.7,0.005,5210,0.347334925931671
0.7,0.005,5280,0.322546087921469
0.7,0.005,5596,0.349205599280065
0.7,0.005,7610,0.329333152217487
0.7,0.005,6474,0.355777579979972
0.7,0.005,5677,0.334893677837528
0.7,0.005,4716,0.35586738137177
0.7,0.005,6281,0.342283499689854
0.5,0.001,30535,0.29925698658363
0.5,0.001,18945,0.288043459758129
0.5,0.001,35787,0.36171920949206
0.5,0.001,28769,0.351105660563506
0.5,0.001,28868,0.329703491692586
0.5,0.001,34607,0.346755745493837
0.5,0.001,38761,0.3151845301604
0.5,0.001,27784,0.335952907530818
0.5,0.001,29910,0.340158196807618
0.5,0.001,28631,0.314894753672374
0.6,0.001,35631,0.377495681662755
0.6,0.001,31120,0.32764826217258
0.6,0.001,30493,0.392427902514679
0.6,0.001,26574,0.302456830564468
0.6,0.001,31240,0.403068819779403
0.6,0.001,28943,0.342335395817095
0.6,0.001,27911,0.378683119364298
0.6,0.001,28735,0.338736108649209
0.6,0.001,22504,0.337146345310797
0.6,0.001,32627,0.315908277593961
0.7,0.001,24405,0.413033622759485
0.7,0.001,28161,0.34562021742348
0.7,0.001,19176,0.345217367073369
0.7,0.001,29671,0.363405137464394
0.7,0.001,35269,0.377757738474698
0.7,0.001,33799,0.349812366272966
0.7,0.001,32412,0.364214710010423
0.7,0.001,30496,0.338216872117744
0.7,0.001,23502,0.377731784628812
0.7,0.001,25565,0.326818970269773
0.5,5e-04,39999,0.258825138038822
0.5,5e-04,39997,0.307790158978307
0.5,5e-04,39986,0.357759057252299
0.5,5e-04,39988,0.308449838843163
0.5,5e-04,39937,0.26501585793398
0.5,5e-04,39972,0.38557773114123
0.5,5e-04,39894,0.360686477331782
0.5,5e-04,39957,0.3579982520055
0.5,5e-04,39988,0.28441526068517
0.5,5e-04,39997,0.336262264899688
0.6,5e-04,39973,0.292270434093646
0.6,5e-04,39946,0.377867105937655
0.6,5e-04,39992,0.332804037680084
0.6,5e-04,39993,0.310961273249953
0.6,5e-04,39999,0.343637999839347
0.6,5e-04,32357,0.242869620408321
0.6,5e-04,39827,0.305271055156854
0.6,5e-04,40000,0.34078590310908
0.6,5e-04,39997,0.297637495190453
0.6,5e-04,39997,0.311685275126618
0.7,5e-04,39985,0.329214288751146
0.7,5e-04,39996,0.325999649395567
0.7,5e-04,39797,0.362032795361229
0.7,5e-04,39994,0.323294708723272
0.7,5e-04,40000,0.346217436229536
0.7,5e-04,39991,0.296609095926589
0.7,5e-04,39982,0.370186941814263
0.7,5e-04,40000,0.297665368406607
0.7,5e-04,39989,0.301123119465805
0.7,5e-04,38724,0.285391125641964
