2.56679937967736
3.01827105302469
1.86273579964067
2.59327477588254
1.63619365430485
2.80792296357231
1.38548527451173
1.61202741984755
0.553537790327722
1.7134639464468
0.250601547498358
-0.0211650047330305
1.11822512383297
1.30541016347974
0.961122607073241
0.773937567426477
1.08695217197873
2.13505160069486
1.05578258032107
0.570786207802372
0.585827287195271
0.598986835117732
0.452745091948713
1.16527572559618
0.278603042879161
0.844891933357604
1.14598720238387
0.528103575806003
2.41369382689187
1.95839894489584
2.1656080726172
1.66995290028043
1.92073897488226
0.957846115346458
2.55514223706706
2.13902101188101
1.52853034427185
1.97169646374776
1.17406565680192
2.38781768893382
1.05214880707223
0.697684119602296
2.0656650448879
1.12080035032509
1.0840252969099
1.99069478504905
1.95391973163386
1.17992081307933
1.84174985213602
0.979079312566224
2.21490011774095
1.8952423899554
1.84361983099755
2.02350357600281
1.7350575313874
1.79430200559686
1.50585596098146
0.924462900206263
0.785828428551777
2.22566704300521
1.85020908569317
-0.462743487930322
-0.650902760741527
0.641280231754596
-0.011350133512926
2.00532992559665
1.77665181728056
2.14747886034419
1.58126123156403
1.20580327425199
1.84454190720726
1.30737589925994
1.29611363064282
1.80062056019864
1.06342341402103
1.55253480592397
0.774977369405628
1.68366353684885
1.90338551643224
1.86018550019196
1.36327974461028
1.04004878656466
0.95648847998364
0.175991970550906
0.784545806527478
1.61072909384573
1.57659887484812
2.89445239354399
0.610651078970763
1.43887697338764
2.59219634608355
1.27434282738769
0.45454126798101
0.333085987260245
1.14509673230496
1.55128634452539
1.09734197506686
0.109170794508367
1.32737115177351
1.85787904500343
1.69892625128202
1.59293941767589
1.54131685871804
2.01598409809072
2.13618829615634
1.82828429543735
1.75061174571409
1.84774225154093
1.53983825082194
0.856218230856585
1.10430398513126
1.67460730186641
0.594452263523004
1.42266250391524
1.7552591433726
0.0815858275047913
1.37983855716468
0.981113910217553
1.42905550060058
-0.460499780618298
-0.449237512001184
0.604001020627223
0.670113244902323
0.758427774904965
1.17478427028658
1.01583147656516
0.478119616848526
0.422027490627651
1.51680328779059
1.0530569204482
0.510342020630293
0.764610875832793
1.25143093541396
1.11839594270683
2.05817927855739
-0.114321472995615
0.834531678569597
-0.298933811438714
0.487354699289788
1.60182467250687
1.25464769322706
-0.0110774932382379
0.801722555271369
1.67969206138117
1.35202056095248
2.04462082216841
1.75730961208045
