"R2","CVR2"
0.748195005998313,0.775126926724548
0.723193235896718,0.759866820340099
0.708948760353892,0.75193471370691
0.685680996893765,0.746743323626429
0.667242020959813,0.739528705602946
0.654436046542675,0.719835712915188
0.637154943463894,0.717319272708489
0.617287951780361,0.716110960959091
0.598967917429559,0.712664249057458
0.582224482867708,0.701512805968867
0.568902577498686,0.700733247503372
0.556112373572885,0.694917853074937
0.545215952921738,0.680997174018718
0.530665422550709,0.677310864381278
0.521169298321716,0.671332534264477
0.510698478248944,0.674704853504621
0.504246149641808,0.672290364480302
0.497837201075847,0.663581731851636
0.488588657595162,0.656665805601877
0.482875366082943,0.659134601300562
0.472932266308925,0.656195852776721
0.466833267310781,0.646994093496669
0.461187671092131,0.650061182834859
0.453854676782889,0.645928697649346
0.447503934576675,0.647368327524578
0.445451731282223,0.642412427313675
0.437018828414307,0.634940691922922
0.433373254773796,0.63356141179211
0.430822632889111,0.638547032067916
0.425984660244291,0.632752682666166
0.419364273277153,0.633593805132249
0.417148547437683,0.631420512948922
0.411354901600183,0.623941300285368
0.405563522567709,0.624767866398314
0.401665586413658,0.623290509352175
0.396780133154295,0.624491439002205
0.39233937141516,0.618379420158907
0.390440388093381,0.617794649019838
0.386303143173114,0.610086690854398
0.382859007275371,0.608069274596766
0.379196651142142,0.60312539171407
0.376096015278935,0.596524072854575
0.372228945684155,0.59723971345567
0.367673831578891,0.600619157425771
0.36506551484607,0.59886041246786
0.35979684737863,0.597149741819583
0.35660475809713,0.599051398244704
0.350320049478081,0.601535563928594
0.348229900111877,0.600165896064076
0.345919973941299,0.601711795640152
0.342637537501263,0.600758828380954
0.342994638598045,0.594027018376355
0.338337143629676,0.592812042648013
0.334995437222838,0.586475153577809
0.328259828798785,0.584235633124857
0.326032853299323,0.581468706088519
0.32204491197658,0.585691689183131
0.319519813068001,0.582336651699692
0.316634311394949,0.578769090352949
0.312424646768876,0.577001839503022
0.310902222543458,0.574102106025542
0.307192273813031,0.571591451994019
0.30560826235628,0.566566363303372
0.305461526109985,0.564697326543547
0.302548097849247,0.562995339990794
0.301176951781927,0.56475893728585
0.299271661419706,0.564531521581232
0.298080950828714,0.560190545168944
0.297811228885998,0.562377150852358
0.297222948488006,0.559291820286473
0.293070566656282,0.559179868815337
0.289430462004235,0.558406787905475
0.286219262198859,0.555309676371527
0.285932490985642,0.558349625517458
0.282134041522723,0.558712852393132
0.282585173400501,0.565349747427044
0.280769675545129,0.56142911912656
0.278476712450664,0.559788354383617
0.276717486790611,0.556430916944225
0.274614531356935,0.552104536093089
0.27293121447738,0.55610960331649
0.269837205614988,0.553972160947961
0.268166862255745,0.557993574787489
0.266386425158563,0.553730048436375
0.265650424893999,0.552525443099405
0.263586704573863,0.548322459911809
0.262025276877881,0.54579347539153
0.262458666470396,0.545400510689055
0.26161981323532,0.54467751136688
0.261816552523069,0.541523995646041
0.260987615018472,0.540445536645574
0.258894596227114,0.539684765279258
0.257268194481283,0.541300843415529
0.256953067088454,0.544170561802802
0.254840278650496,0.539697520796858
0.253957008209359,0.533976038806117
0.253021942178733,0.535918959973735
0.252152195539944,0.534681560319044
0.250959426449423,0.534062467785792
0.250267250868046,0.531971868535478
0.250166762301515,0.529847845484278
0.248015460310326,0.526645956335539
0.246629554681136,0.527487350455929
0.24487855743144,0.526831007509892
0.243878459989407,0.5289814102475
0.242646576107245,0.526658463998893
0.24190268432762,0.529217915666876
0.241436414459729,0.52561840899624
0.240554000483127,0.525441247221151
0.239090780468282,0.520898516376532
0.238816709768085,0.522638464349247
0.236751436487643,0.518873695459843
0.235455673405993,0.519180584031779
0.23347110334874,0.51680112508755
0.233161493360317,0.519485509314366
0.230821890488579,0.518146718764353
0.230577332259978,0.518946726130928
0.228639145676231,0.522060369587917
0.227281726149463,0.521990596997694
0.227294105349053,0.519618046932608
0.226051193961818,0.51953859152938
0.225154615364725,0.521566278789596
0.224392567962884,0.519965376515441
0.224015073625828,0.518211749446949
0.222173142830427,0.518846570949584
0.220421882947821,0.517191762701346
0.219927790064503,0.512204307986955
0.218681425252715,0.512591996563217
0.217772802499436,0.515226883335629
0.216477376393706,0.516793797334347
0.216114719456566,0.516378357889286
0.214520809662448,0.517805254293454
0.213564449960922,0.52090726003275
0.212135376301784,0.523908105072668
0.209995877370364,0.520795676001095
0.210002977092893,0.521569289231573
0.210126572695982,0.521851977027366
0.208689616109142,0.523555364924651
0.207730904115318,0.523949646743802
0.204724105233427,0.521690348630338
0.204284526913541,0.519708906022086
0.20291826324746,0.518780488667524
0.202333214547655,0.517612479953942
0.201120544878141,0.519485315751458
0.199132803676148,0.518278222375777
0.198137640567643,0.518883672105072
0.197392609570086,0.518112192325078
0.19806687961126,0.516569314399095
0.198155462186066,0.518412305973202
0.197109322826148,0.514583002583857
0.195896645763061,0.517242090883825
0.195579598555594,0.519017647566842
0.195106892230107,0.520140296167031
0.194402394325931,0.520803704046078
0.194394226981605,0.519316346489589
0.193766463101974,0.519743525145711
0.193332055587577,0.520192717384225
0.192793645376757,0.520501643360308
0.192700518221356,0.517378821877543
0.192116749418043,0.517470097462146
0.191474939845555,0.51860852158266
0.190960543395392,0.519751950063063
0.190212441445339,0.516354849594669
0.18991649737401,0.513290071446023
0.189617064050939,0.512614153148458
0.189210873128273,0.513196888404887
0.188845698043786,0.509732534681911
0.18876573017974,0.506401342988081
0.187867575352179,0.507736609371005
0.187442322363312,0.509295799985974
0.187179240741315,0.508483357312719
0.18498571725216,0.507839561510253
0.18373869556426,0.510595093943019
0.183786599241223,0.513778783877122
0.183577733095497,0.513875440275398
0.183341256694793,0.514667137534801
0.182945095853043,0.514134185146764
0.182675028784043,0.509958929783754
0.182150050477389,0.513161916427018
0.181109608222908,0.513781703251951
0.180971586242192,0.515364343914574
0.180532741991224,0.516925550270006
0.179208631626407,0.516441203621963
0.179310730051199,0.517445492623811
0.177474382627731,0.516917230073291
0.176546534900092,0.515535345285182
0.176411459875149,0.517382197178863
0.175212688948387,0.516006125315114
0.174998496875493,0.517099330835042
0.174714766561473,0.519611680620405
0.17340211466898,0.520290776622184
0.173382212604167,0.520509543282807
0.172987806543765,0.520864767233211
0.171736184890779,0.521760034438951
0.171498528974154,0.519293675048665
0.171183644503521,0.520910708843357
0.170829603299058,0.521485882126585
0.170468328103589,0.52324157849997
0.16972942018858,0.520477202904797
0.169517799429955,0.519960590043076
0.168760725715479,0.517794902988132
0.168253659754289,0.518216471815161
0.167627747634227,0.519572052689045
0.16658745305296,0.518170448249177
0.166023215647693,0.517514733159986
0.165116669019906,0.517806574644735
0.165006012484424,0.516474709226126
0.164181790301401,0.516852621456564
0.163907864498643,0.513566563752403
0.163753310688412,0.514735244870088
0.163444618027398,0.51330068653785
0.163683309206542,0.513036875784923
0.163802858830917,0.513519910840335
0.163492281126613,0.51503478051417
0.162961063824546,0.515786810095218
0.162431633170664,0.515729139444994
0.162402139666419,0.515800998155829
0.160503294619365,0.517991993117381
0.160203462310758,0.517370277750873
0.159647988329497,0.516086283586166
0.158676433365379,0.515503105363376
0.158509565345349,0.518801064836479
0.158703283704842,0.517068771140161
0.157838311782772,0.515279735461261
0.158030370431372,0.515365568950089
0.157531787605949,0.514741326826067
0.156685381695085,0.514883682789432
0.155859011661303,0.51535085285797
0.155190887580797,0.516823613233874
0.155055225599694,0.520612057378072
0.154229168827515,0.520554249622753
0.154548351217369,0.521115127086522
0.154002230496755,0.524625538702932
0.153860236043778,0.525926925203533
0.153433273514296,0.525032811033577
0.153138755237336,0.523628998980633
0.153043122502081,0.522403769227308
0.152388600800869,0.522020242101533
0.151745272105621,0.521480077458297
0.151142597711,0.522623509181146
0.151009872008033,0.523231271240131
0.151204250336348,0.523887762586137
0.151422192956877,0.522059006869319
0.151115606874509,0.518461293465018
0.1499769390316,0.515679739525905
0.149970873680634,0.516043117578387
0.149202145555968,0.516639939626496
0.148354009797668,0.517649582357358
0.147822475233658,0.517065091636106
0.14758859750709,0.512909843118978
0.146572538647307,0.510187780689575
0.146611503514041,0.509309665420289
0.146750569067566,0.507549350444609
0.146143221807603,0.508325045538884
0.145974426765413,0.507959285138917
0.146107350739641,0.509979717112721
0.146024090520454,0.509158950580094
0.145859673794974,0.510690604021852
0.145185994805723,0.512252764678143
0.144844028506252,0.510550823534431
0.144307372917018,0.508774297427076
0.143804947932531,0.508505783801869
0.143842175216838,0.506116736191186
0.143827421162324,0.508656469415713
0.14330383181416,0.50906527670793
0.142971208899189,0.510701425654932
0.142360705021943,0.511576232587635
0.14214102644665,0.507313916660075
0.1419334859679,0.509142439927577
0.141829616976809,0.508874397098852
0.141494733508913,0.507607630491243
0.140785334393274,0.506771581290419
0.140941861252388,0.509416288489496
0.14097425565839,0.508246437291061
0.140545732765073,0.508369430022755
0.140477838586799,0.506563585126552
0.140122641615804,0.507437767613443
0.140186934887632,0.510095090992182
0.139877991343323,0.509140387955238
0.139396778336862,0.508355932073906
0.139038074293576,0.509718416790257
0.138345908996039,0.508465832912376
0.138186427076861,0.507233705319335
0.137081565926163,0.505684447096224
0.136878333443099,0.506778967392693
0.136966868881481,0.507356660254981
0.13653338170787,0.508567029138175
0.136382049106245,0.50669681305568
0.136202919949726,0.507117720163882
0.135885191925444,0.508444394525993
