"Value","Chl_a","Chl_a_modified","Var"
152,1.27591897768289,0.234124310513696,"Ordinal_date"
153.151515151515,1.27591897768289,0.234124310513696,"Ordinal_date"
154.30303030303,1.27591897768289,0.234124310513696,"Ordinal_date"
155.454545454545,1.27591897768289,0.234124310513696,"Ordinal_date"
156.606060606061,1.27591897768289,0.234124310513696,"Ordinal_date"
157.757575757576,1.27591897768289,0.234124310513696,"Ordinal_date"
158.909090909091,1.27591897768289,0.234124310513696,"Ordinal_date"
160.060606060606,1.27591897768289,0.234124310513696,"Ordinal_date"
161.212121212121,1.27591897768289,0.234124310513696,"Ordinal_date"
162.363636363636,1.27591897768289,0.234124310513696,"Ordinal_date"
163.515151515152,1.27591897768289,0.234124310513696,"Ordinal_date"
164.666666666667,1.27591897768289,0.234124310513696,"Ordinal_date"
165.818181818182,1.27591897768289,0.234124310513696,"Ordinal_date"
166.969696969697,1.27591897768289,0.234124310513696,"Ordinal_date"
168.121212121212,1.27591897768289,0.234124310513696,"Ordinal_date"
169.272727272727,1.27591897768289,0.234124310513696,"Ordinal_date"
170.424242424242,1.27591897768289,0.234124310513696,"Ordinal_date"
171.575757575758,1.27591897768289,0.234124310513696,"Ordinal_date"
172.727272727273,1.27591897768289,0.234124310513696,"Ordinal_date"
173.878787878788,1.27591897768289,0.234124310513696,"Ordinal_date"
175.030303030303,1.27591897768289,0.234124310513696,"Ordinal_date"
176.181818181818,1.27591897768289,0.234124310513696,"Ordinal_date"
177.333333333333,1.27591897768289,0.234124310513696,"Ordinal_date"
178.484848484848,1.27591897768289,0.234124310513696,"Ordinal_date"
179.636363636364,1.27591897768289,0.234124310513696,"Ordinal_date"
180.787878787879,1.20923915905248,0.221888920308612,"Ordinal_date"
181.939393939394,1.15870324707853,0.212615850659183,"Ordinal_date"
183.090909090909,1.15870324707853,0.212615850659183,"Ordinal_date"
184.242424242424,1.13227961810138,0.207767256019749,"Ordinal_date"
185.393939393939,1.13565975477984,0.208387493027842,"Ordinal_date"
186.545454545455,1.13565975477984,0.208387493027842,"Ordinal_date"
187.69696969697,1.18627138629306,0.217674456807881,"Ordinal_date"
188.848484848485,1.1562263550257,0.212161354210561,"Ordinal_date"
190,1.17222980218369,0.215097901199235,"Ordinal_date"
191.151515151515,1.19682056764503,0.219610175183196,"Ordinal_date"
192.30303030303,1.234471095452,0.226518845731613,"Ordinal_date"
193.454545454545,1.234471095452,0.226518845731613,"Ordinal_date"
194.606060606061,1.30415757229135,0.239305941642492,"Ordinal_date"
195.757575757576,1.30415757229135,0.239305941642492,"Ordinal_date"
196.909090909091,1.30415757229135,0.239305941642492,"Ordinal_date"
198.060606060606,1.30415757229135,0.239305941642492,"Ordinal_date"
199.212121212121,1.27143492339838,0.233301510527155,"Ordinal_date"
200.363636363636,1.27143492339838,0.233301510527155,"Ordinal_date"
201.515151515152,1.23024004681912,0.225742470929412,"Ordinal_date"
202.666666666667,1.18421773666214,0.217297623080751,"Ordinal_date"
203.818181818182,1.18421773666214,0.217297623080751,"Ordinal_date"
204.969696969697,1.18421773666214,0.217297623080751,"Ordinal_date"
206.121212121212,1.23313712229237,0.226274068789107,"Ordinal_date"
207.272727272727,1.23313712229237,0.226274068789107,"Ordinal_date"
208.424242424242,1.38519375793254,0.254175648435597,"Ordinal_date"
209.575757575758,1.44489180110014,0.265129920172359,"Ordinal_date"
210.727272727273,1.4256460056994,0.261598419616841,"Ordinal_date"
211.878787878788,1.4256460056994,0.261598419616841,"Ordinal_date"
213.030303030303,1.38081985498095,0.253373060629706,"Ordinal_date"
214.181818181818,1.38081985498095,0.253373060629706,"Ordinal_date"
215.333333333333,1.36141184069844,0.249811793776707,"Ordinal_date"
216.484848484848,1.36141184069844,0.249811793776707,"Ordinal_date"
217.636363636364,1.31381129808629,0.241077348710778,"Ordinal_date"
218.787878787879,1.31381129808629,0.241077348710778,"Ordinal_date"
219.939393939394,1.26435791839641,0.232002917947556,"Ordinal_date"
221.090909090909,1.22683292589369,0.225117282456275,"Ordinal_date"
222.242424242424,1.19390105600776,0.219074460407361,"Ordinal_date"
223.393939393939,1.19390105600776,0.219074460407361,"Ordinal_date"
224.545454545455,1.43406269581713,0.263142837252355,"Ordinal_date"
225.69696969697,1.43406269581713,0.263142837252355,"Ordinal_date"
226.848484848485,1.37666301585559,0.252610302875362,"Ordinal_date"
228,1.37666301585559,0.252610302875362,"Ordinal_date"
229.151515151515,1.37666301585559,0.252610302875362,"Ordinal_date"
230.30303030303,1.37666301585559,0.252610302875362,"Ordinal_date"
231.454545454545,1.37666301585559,0.252610302875362,"Ordinal_date"
232.606060606061,1.37666301585559,0.252610302875362,"Ordinal_date"
233.757575757576,1.37666301585559,0.252610302875362,"Ordinal_date"
234.909090909091,1.37666301585559,0.252610302875362,"Ordinal_date"
236.060606060606,1.37666301585559,0.252610302875362,"Ordinal_date"
237.212121212121,1.37666301585559,0.252610302875362,"Ordinal_date"
238.363636363636,1.37666301585559,0.252610302875362,"Ordinal_date"
239.515151515152,1.37666301585559,0.252610302875362,"Ordinal_date"
240.666666666667,1.37666301585559,0.252610302875362,"Ordinal_date"
241.818181818182,1.37666301585559,0.252610302875362,"Ordinal_date"
242.969696969697,1.37666301585559,0.252610302875362,"Ordinal_date"
244.121212121212,1.37666301585559,0.252610302875362,"Ordinal_date"
245.272727272727,1.37666301585559,0.252610302875362,"Ordinal_date"
246.424242424242,1.37666301585559,0.252610302875362,"Ordinal_date"
247.575757575758,1.37666301585559,0.252610302875362,"Ordinal_date"
248.727272727273,1.37666301585559,0.252610302875362,"Ordinal_date"
249.878787878788,1.37666301585559,0.252610302875362,"Ordinal_date"
251.030303030303,1.37666301585559,0.252610302875362,"Ordinal_date"
252.181818181818,1.37666301585559,0.252610302875362,"Ordinal_date"
253.333333333333,1.37666301585559,0.252610302875362,"Ordinal_date"
254.484848484848,1.37666301585559,0.252610302875362,"Ordinal_date"
255.636363636364,1.37666301585559,0.252610302875362,"Ordinal_date"
256.787878787879,1.37666301585559,0.252610302875362,"Ordinal_date"
257.939393939394,1.37666301585559,0.252610302875362,"Ordinal_date"
259.090909090909,1.37666301585559,0.252610302875362,"Ordinal_date"
260.242424242424,1.37666301585559,0.252610302875362,"Ordinal_date"
261.393939393939,1.37666301585559,0.252610302875362,"Ordinal_date"
262.545454545455,1.37666301585559,0.252610302875362,"Ordinal_date"
263.69696969697,1.37666301585559,0.252610302875362,"Ordinal_date"
264.848484848485,1.37666301585559,0.252610302875362,"Ordinal_date"
266,1.37666301585559,0.252610302875362,"Ordinal_date"
0,1.21784215746201,0.223467524519547,"site_type_num"
0.0101010101010101,1.21784215746201,0.223467524519547,"site_type_num"
0.0202020202020202,1.21784215746201,0.223467524519547,"site_type_num"
0.0303030303030303,1.21784215746201,0.223467524519547,"site_type_num"
0.0404040404040404,1.21784215746201,0.223467524519547,"site_type_num"
0.0505050505050505,1.21784215746201,0.223467524519547,"site_type_num"
0.0606060606060606,1.21784215746201,0.223467524519547,"site_type_num"
0.0707070707070707,1.21784215746201,0.223467524519547,"site_type_num"
0.0808080808080808,1.21784215746201,0.223467524519547,"site_type_num"
0.0909090909090909,1.21784215746201,0.223467524519547,"site_type_num"
0.101010101010101,1.21784215746201,0.223467524519547,"site_type_num"
0.111111111111111,1.21784215746201,0.223467524519547,"site_type_num"
0.121212121212121,1.21784215746201,0.223467524519547,"site_type_num"
0.131313131313131,1.21784215746201,0.223467524519547,"site_type_num"
0.141414141414141,1.21784215746201,0.223467524519547,"site_type_num"
0.151515151515152,1.21784215746201,0.223467524519547,"site_type_num"
0.161616161616162,1.21784215746201,0.223467524519547,"site_type_num"
0.171717171717172,1.21784215746201,0.223467524519547,"site_type_num"
0.181818181818182,1.21784215746201,0.223467524519547,"site_type_num"
0.191919191919192,1.21784215746201,0.223467524519547,"site_type_num"
0.202020202020202,1.21784215746201,0.223467524519547,"site_type_num"
0.212121212121212,1.21784215746201,0.223467524519547,"site_type_num"
0.222222222222222,1.21784215746201,0.223467524519547,"site_type_num"
0.232323232323232,1.21784215746201,0.223467524519547,"site_type_num"
0.242424242424242,1.21784215746201,0.223467524519547,"site_type_num"
0.252525252525253,1.21784215746201,0.223467524519547,"site_type_num"
0.262626262626263,1.21784215746201,0.223467524519547,"site_type_num"
0.272727272727273,1.21784215746201,0.223467524519547,"site_type_num"
0.282828282828283,1.21784215746201,0.223467524519547,"site_type_num"
0.292929292929293,1.21784215746201,0.223467524519547,"site_type_num"
0.303030303030303,1.21784215746201,0.223467524519547,"site_type_num"
0.313131313131313,1.21784215746201,0.223467524519547,"site_type_num"
0.323232323232323,1.21784215746201,0.223467524519547,"site_type_num"
0.333333333333333,1.21784215746201,0.223467524519547,"site_type_num"
0.343434343434343,1.21784215746201,0.223467524519547,"site_type_num"
0.353535353535354,1.21784215746201,0.223467524519547,"site_type_num"
0.363636363636364,1.21784215746201,0.223467524519547,"site_type_num"
0.373737373737374,1.21784215746201,0.223467524519547,"site_type_num"
0.383838383838384,1.21784215746201,0.223467524519547,"site_type_num"
0.393939393939394,1.21784215746201,0.223467524519547,"site_type_num"
0.404040404040404,1.21784215746201,0.223467524519547,"site_type_num"
0.414141414141414,1.21784215746201,0.223467524519547,"site_type_num"
0.424242424242424,1.21784215746201,0.223467524519547,"site_type_num"
0.434343434343434,1.21784215746201,0.223467524519547,"site_type_num"
0.444444444444444,1.21784215746201,0.223467524519547,"site_type_num"
0.454545454545455,1.21784215746201,0.223467524519547,"site_type_num"
0.464646464646465,1.21784215746201,0.223467524519547,"site_type_num"
0.474747474747475,1.21784215746201,0.223467524519547,"site_type_num"
0.484848484848485,1.21784215746201,0.223467524519547,"site_type_num"
0.494949494949495,1.21784215746201,0.223467524519547,"site_type_num"
0.505050505050505,1.45063024726811,0.266182894362725,"site_type_num"
0.515151515151515,1.45063024726811,0.266182894362725,"site_type_num"
0.525252525252525,1.45063024726811,0.266182894362725,"site_type_num"
0.535353535353535,1.45063024726811,0.266182894362725,"site_type_num"
0.545454545454546,1.45063024726811,0.266182894362725,"site_type_num"
0.555555555555556,1.45063024726811,0.266182894362725,"site_type_num"
0.565656565656566,1.45063024726811,0.266182894362725,"site_type_num"
0.575757575757576,1.45063024726811,0.266182894362725,"site_type_num"
0.585858585858586,1.45063024726811,0.266182894362725,"site_type_num"
0.595959595959596,1.45063024726811,0.266182894362725,"site_type_num"
0.606060606060606,1.45063024726811,0.266182894362725,"site_type_num"
0.616161616161616,1.45063024726811,0.266182894362725,"site_type_num"
0.626262626262626,1.45063024726811,0.266182894362725,"site_type_num"
0.636363636363636,1.45063024726811,0.266182894362725,"site_type_num"
0.646464646464647,1.45063024726811,0.266182894362725,"site_type_num"
0.656565656565657,1.45063024726811,0.266182894362725,"site_type_num"
0.666666666666667,1.45063024726811,0.266182894362725,"site_type_num"
0.676767676767677,1.45063024726811,0.266182894362725,"site_type_num"
0.686868686868687,1.45063024726811,0.266182894362725,"site_type_num"
0.696969696969697,1.45063024726811,0.266182894362725,"site_type_num"
0.707070707070707,1.45063024726811,0.266182894362725,"site_type_num"
0.717171717171717,1.45063024726811,0.266182894362725,"site_type_num"
0.727272727272727,1.45063024726811,0.266182894362725,"site_type_num"
0.737373737373737,1.45063024726811,0.266182894362725,"site_type_num"
0.747474747474748,1.45063024726811,0.266182894362725,"site_type_num"
0.757575757575758,1.45063024726811,0.266182894362725,"site_type_num"
0.767676767676768,1.45063024726811,0.266182894362725,"site_type_num"
0.777777777777778,1.45063024726811,0.266182894362725,"site_type_num"
0.787878787878788,1.45063024726811,0.266182894362725,"site_type_num"
0.797979797979798,1.45063024726811,0.266182894362725,"site_type_num"
0.808080808080808,1.45063024726811,0.266182894362725,"site_type_num"
0.818181818181818,1.45063024726811,0.266182894362725,"site_type_num"
0.828282828282828,1.45063024726811,0.266182894362725,"site_type_num"
0.838383838383838,1.45063024726811,0.266182894362725,"site_type_num"
0.848484848484849,1.45063024726811,0.266182894362725,"site_type_num"
0.858585858585859,1.45063024726811,0.266182894362725,"site_type_num"
0.868686868686869,1.45063024726811,0.266182894362725,"site_type_num"
0.878787878787879,1.45063024726811,0.266182894362725,"site_type_num"
0.888888888888889,1.45063024726811,0.266182894362725,"site_type_num"
0.898989898989899,1.45063024726811,0.266182894362725,"site_type_num"
0.909090909090909,1.45063024726811,0.266182894362725,"site_type_num"
0.919191919191919,1.45063024726811,0.266182894362725,"site_type_num"
0.929292929292929,1.45063024726811,0.266182894362725,"site_type_num"
0.939393939393939,1.45063024726811,0.266182894362725,"site_type_num"
0.94949494949495,1.45063024726811,0.266182894362725,"site_type_num"
0.95959595959596,1.45063024726811,0.266182894362725,"site_type_num"
0.96969696969697,1.45063024726811,0.266182894362725,"site_type_num"
0.97979797979798,1.45063024726811,0.266182894362725,"site_type_num"
0.98989898989899,1.45063024726811,0.266182894362725,"site_type_num"
1,1.45063024726811,0.266182894362725,"site_type_num"
0,1.73215584759104,0.317841336803372,"ppt_week"
0.273141414141414,1.21831554525001,0.223554388647606,"ppt_week"
0.546282828282828,1.24567967774394,0.228575560653827,"ppt_week"
0.819424242424242,1.24567967774394,0.228575560653827,"ppt_week"
1.09256565656566,1.24023758153652,0.227576965096745,"ppt_week"
1.36570707070707,1.12130005579898,0.205752565041126,"ppt_week"
1.63884848484848,1.12130005579898,0.205752565041126,"ppt_week"
1.9119898989899,1.58212436947799,0.290311362735301,"ppt_week"
2.18513131313131,1.69749745683955,0.311481707406728,"ppt_week"
2.45827272727273,1.69749745683955,0.311481707406728,"ppt_week"
2.73141414141414,1.63389476768151,0.299810954007491,"ppt_week"
3.00455555555556,1.63389476768151,0.299810954007491,"ppt_week"
3.27769696969697,1.61306302081169,0.295988439836921,"ppt_week"
3.55083838383838,1.61306302081169,0.295988439836921,"ppt_week"
3.8239797979798,1.58980016972997,0.291719831041728,"ppt_week"
4.09712121212121,1.60716822689069,0.294906776669812,"ppt_week"
4.37026262626263,1.6302939938918,0.299150231269155,"ppt_week"
4.64340404040404,1.6302939938918,0.299150231269155,"ppt_week"
4.91654545454545,1.59910452830984,0.293427131093993,"ppt_week"
5.18968686868687,1.62430102077402,0.298050552744366,"ppt_week"
5.46282828282828,1.34844014839601,0.247431557594299,"ppt_week"
5.7359696969697,1.10843557197875,0.203392001041995,"ppt_week"
6.00911111111111,1.09192637738858,0.200362652103571,"ppt_week"
6.28225252525252,0.83165707899765,0.152604627417457,"ppt_week"
6.55539393939394,0.848904960495981,0.15576952145403,"ppt_week"
6.82853535353535,0.848904960495981,0.15576952145403,"ppt_week"
7.10167676767677,0.848904960495981,0.15576952145403,"ppt_week"
7.37481818181818,0.951079267859808,0.174517960565119,"ppt_week"
7.6479595959596,0.936038662439596,0.17175808988735,"ppt_week"
7.92110101010101,0.908261577768204,0.166661143364476,"ppt_week"
8.19424242424242,0.962526955367173,0.176618550015952,"ppt_week"
8.46738383838384,0.962526955367173,0.176618550015952,"ppt_week"
8.74052525252525,0.943290081601542,0.173088686532773,"ppt_week"
9.01366666666667,0.859883739812095,0.157784068758856,"ppt_week"
9.28680808080808,0.859883739812095,0.157784068758856,"ppt_week"
9.55994949494949,0.696801739491186,0.127859393642207,"ppt_week"
9.83309090909091,0.710942476309734,0.130454143242852,"ppt_week"
10.1062323232323,0.814575613674514,0.149470269859264,"ppt_week"
10.3793737373737,0.837372726100376,0.153653418101248,"ppt_week"
10.6525151515152,0.837372726100376,0.153653418101248,"ppt_week"
10.9256565656566,0.837372726100376,0.153653418101248,"ppt_week"
11.198797979798,0.823017007145011,0.151019220427931,"ppt_week"
11.4719393939394,0.823017007145011,0.151019220427931,"ppt_week"
11.7450808080808,0.823017007145011,0.151019220427931,"ppt_week"
12.0182222222222,0.779874592667773,0.143102818038711,"ppt_week"
12.2913636363636,0.779874592667773,0.143102818038711,"ppt_week"
12.564505050505,0.976775812837834,0.179233139178176,"ppt_week"
12.8376464646465,0.976775812837834,0.179233139178176,"ppt_week"
13.1107878787879,0.976775812837834,0.179233139178176,"ppt_week"
13.3839292929293,0.976775812837834,0.179233139178176,"ppt_week"
13.6570707070707,0.976775812837834,0.179233139178176,"ppt_week"
13.9302121212121,0.976775812837834,0.179233139178176,"ppt_week"
14.2033535353535,0.976775812837834,0.179233139178176,"ppt_week"
14.4764949494949,0.976775812837834,0.179233139178176,"ppt_week"
14.7496363636364,0.976775812837834,0.179233139178176,"ppt_week"
15.0227777777778,1.019625399693,0.187095809264393,"ppt_week"
15.2959191919192,1.019625399693,0.187095809264393,"ppt_week"
15.5690606060606,1.019625399693,0.187095809264393,"ppt_week"
15.842202020202,1.019625399693,0.187095809264393,"ppt_week"
16.1153434343434,1.019625399693,0.187095809264393,"ppt_week"
16.3884848484848,1.019625399693,0.187095809264393,"ppt_week"
16.6616262626263,1.16993495045641,0.214676808177047,"ppt_week"
16.9347676767677,1.16993495045641,0.214676808177047,"ppt_week"
17.2079090909091,1.16993495045641,0.214676808177047,"ppt_week"
17.4810505050505,1.33409761998255,0.244799780314896,"ppt_week"
17.7541919191919,1.33409761998255,0.244799780314896,"ppt_week"
18.0273333333333,1.33409761998255,0.244799780314896,"ppt_week"
18.3004747474747,1.39488222113029,0.25595342963157,"ppt_week"
18.5736161616162,1.59915456532186,0.29343631261817,"ppt_week"
18.8467575757576,1.59915456532186,0.29343631261817,"ppt_week"
19.119898989899,1.59915456532186,0.29343631261817,"ppt_week"
19.3930404040404,1.59915456532186,0.29343631261817,"ppt_week"
19.6661818181818,1.59915456532186,0.29343631261817,"ppt_week"
19.9393232323232,1.59915456532186,0.29343631261817,"ppt_week"
20.2124646464646,1.59915456532186,0.29343631261817,"ppt_week"
20.4856060606061,1.59915456532186,0.29343631261817,"ppt_week"
20.7587474747475,1.59915456532186,0.29343631261817,"ppt_week"
21.0318888888889,1.59915456532186,0.29343631261817,"ppt_week"
21.3050303030303,1.59915456532186,0.29343631261817,"ppt_week"
21.5781717171717,1.59915456532186,0.29343631261817,"ppt_week"
21.8513131313131,1.59915456532186,0.29343631261817,"ppt_week"
22.1244545454545,1.59915456532186,0.29343631261817,"ppt_week"
22.397595959596,1.59915456532186,0.29343631261817,"ppt_week"
22.6707373737374,1.59915456532186,0.29343631261817,"ppt_week"
22.9438787878788,1.59915456532186,0.29343631261817,"ppt_week"
23.2170202020202,1.59915456532186,0.29343631261817,"ppt_week"
23.4901616161616,1.59915456532186,0.29343631261817,"ppt_week"
23.763303030303,1.59915456532186,0.29343631261817,"ppt_week"
24.0364444444444,1.59915456532186,0.29343631261817,"ppt_week"
24.3095858585859,1.59915456532186,0.29343631261817,"ppt_week"
24.5827272727273,1.59915456532186,0.29343631261817,"ppt_week"
24.8558686868687,1.59915456532186,0.29343631261817,"ppt_week"
25.1290101010101,1.59915456532186,0.29343631261817,"ppt_week"
25.4021515151515,1.59915456532186,0.29343631261817,"ppt_week"
25.6752929292929,1.59915456532186,0.29343631261817,"ppt_week"
25.9484343434343,1.59915456532186,0.29343631261817,"ppt_week"
26.2215757575758,1.59915456532186,0.29343631261817,"ppt_week"
26.4947171717172,1.59915456532186,0.29343631261817,"ppt_week"
26.7678585858586,1.59915456532186,0.29343631261817,"ppt_week"
27.041,1.59915456532186,0.29343631261817,"ppt_week"
2.403333,1.23926315022592,0.227398162161192,"tmean_month"
2.52528957575758,1.23926315022592,0.227398162161192,"tmean_month"
2.64724615151515,1.23926315022592,0.227398162161192,"tmean_month"
2.76920272727273,1.23926315022592,0.227398162161192,"tmean_month"
2.8911593030303,1.23926315022592,0.227398162161192,"tmean_month"
3.01311587878788,1.23926315022592,0.227398162161192,"tmean_month"
3.13507245454545,1.23926315022592,0.227398162161192,"tmean_month"
3.25702903030303,1.23926315022592,0.227398162161192,"tmean_month"
3.37898560606061,1.23926315022592,0.227398162161192,"tmean_month"
3.50094218181818,1.23926315022592,0.227398162161192,"tmean_month"
3.62289875757576,1.23926315022592,0.227398162161192,"tmean_month"
3.74485533333333,1.23926315022592,0.227398162161192,"tmean_month"
3.86681190909091,1.23926315022592,0.227398162161192,"tmean_month"
3.98876848484848,1.23926315022592,0.227398162161192,"tmean_month"
4.11072506060606,1.23926315022592,0.227398162161192,"tmean_month"
4.23268163636364,1.23926315022592,0.227398162161192,"tmean_month"
4.35463821212121,1.23926315022592,0.227398162161192,"tmean_month"
4.47659478787879,1.23926315022592,0.227398162161192,"tmean_month"
4.59855136363636,1.23926315022592,0.227398162161192,"tmean_month"
4.72050793939394,1.23926315022592,0.227398162161192,"tmean_month"
4.84246451515151,1.23926315022592,0.227398162161192,"tmean_month"
4.96442109090909,1.23926315022592,0.227398162161192,"tmean_month"
5.08637766666667,1.23926315022592,0.227398162161192,"tmean_month"
5.20833424242424,1.23926315022592,0.227398162161192,"tmean_month"
5.33029081818182,1.23926315022592,0.227398162161192,"tmean_month"
5.45224739393939,1.23926315022592,0.227398162161192,"tmean_month"
5.57420396969697,1.23926315022592,0.227398162161192,"tmean_month"
5.69616054545454,1.23926315022592,0.227398162161192,"tmean_month"
5.81811712121212,1.23926315022592,0.227398162161192,"tmean_month"
5.9400736969697,1.23926315022592,0.227398162161192,"tmean_month"
6.06203027272727,1.23926315022592,0.227398162161192,"tmean_month"
6.18398684848485,1.23926315022592,0.227398162161192,"tmean_month"
6.30594342424242,1.23926315022592,0.227398162161192,"tmean_month"
6.4279,1.23926315022592,0.227398162161192,"tmean_month"
6.54985657575758,1.23926315022592,0.227398162161192,"tmean_month"
6.67181315151515,1.23926315022592,0.227398162161192,"tmean_month"
6.79376972727273,1.23926315022592,0.227398162161192,"tmean_month"
6.9157263030303,1.23926315022592,0.227398162161192,"tmean_month"
7.03768287878788,1.23926315022592,0.227398162161192,"tmean_month"
7.15963945454545,1.23926315022592,0.227398162161192,"tmean_month"
7.28159603030303,1.23926315022592,0.227398162161192,"tmean_month"
7.40355260606061,1.23926315022592,0.227398162161192,"tmean_month"
7.52550918181818,1.23926315022592,0.227398162161192,"tmean_month"
7.64746575757576,1.23926315022592,0.227398162161192,"tmean_month"
7.76942233333333,1.23926315022592,0.227398162161192,"tmean_month"
7.89137890909091,1.23926315022592,0.227398162161192,"tmean_month"
8.01333548484848,1.23926315022592,0.227398162161192,"tmean_month"
8.13529206060606,1.23926315022592,0.227398162161192,"tmean_month"
8.25724863636364,1.23926315022592,0.227398162161192,"tmean_month"
8.37920521212121,1.23926315022592,0.227398162161192,"tmean_month"
8.50116178787879,1.23926315022592,0.227398162161192,"tmean_month"
8.62311836363636,1.23926315022592,0.227398162161192,"tmean_month"
8.74507493939394,1.23926315022592,0.227398162161192,"tmean_month"
8.86703151515152,1.23926315022592,0.227398162161192,"tmean_month"
8.98898809090909,1.23926315022592,0.227398162161192,"tmean_month"
9.11094466666666,1.56710131115051,0.28755471185523,"tmean_month"
9.23290124242424,1.65030080186572,0.302821373562985,"tmean_month"
9.35485781818182,1.69405002700693,0.310849122464641,"tmean_month"
9.47681439393939,1.72058243387217,0.315717677264942,"tmean_month"
9.59877096969697,1.72058243387217,0.315717677264942,"tmean_month"
9.72072754545454,1.72058243387217,0.315717677264942,"tmean_month"
9.84268412121212,1.72058243387217,0.315717677264942,"tmean_month"
9.9646406969697,1.29072685059489,0.236841476020548,"tmean_month"
10.0865972727273,1.29072685059489,0.236841476020548,"tmean_month"
10.2085538484848,1.24757012476048,0.228922447573805,"tmean_month"
10.3305104242424,1.24757012476048,0.228922447573805,"tmean_month"
10.452467,1.06740239515447,0.195862632484739,"tmean_month"
10.5744235757576,1.20189767677343,0.220541797562736,"tmean_month"
10.6963801515152,1.08660745779668,0.199386658796854,"tmean_month"
10.8183367272727,1.11972471675853,0.205463498749989,"tmean_month"
10.9402933030303,1.2473894014976,0.228889285821331,"tmean_month"
11.0622498787879,1.23000891522342,0.225700059517381,"tmean_month"
11.1842064545455,1.24783125508756,0.228970363592651,"tmean_month"
11.306163030303,1.43259837289215,0.262874141824841,"tmean_month"
11.4281196060606,1.43259837289215,0.262874141824841,"tmean_month"
11.5500761818182,1.43259837289215,0.262874141824841,"tmean_month"
11.6720327575758,1.46614620384361,0.269029989435953,"tmean_month"
11.7939893333333,1.25738418017415,0.230723274269903,"tmean_month"
11.9159459090909,1.25738418017415,0.230723274269903,"tmean_month"
12.0379024848485,1.28980098028016,0.236671583768099,"tmean_month"
12.1598590606061,1.33971911266434,0.245831294165856,"tmean_month"
12.2818156363636,1.32671642566079,0.24344537062151,"tmean_month"
12.4037722121212,1.32671642566079,0.24344537062151,"tmean_month"
12.5257287878788,1.29341590038122,0.237334902278935,"tmean_month"
12.6476853636364,1.29341590038122,0.237334902278935,"tmean_month"
12.7696419393939,1.29341590038122,0.237334902278935,"tmean_month"
12.8915985151515,1.29341590038122,0.237334902278935,"tmean_month"
13.0135550909091,1.28943454292752,0.236604344473101,"tmean_month"
13.1355116666667,1.28943454292752,0.236604344473101,"tmean_month"
13.2574682424242,1.28943454292752,0.236604344473101,"tmean_month"
13.3794248181818,1.28943454292752,0.236604344473101,"tmean_month"
13.5013813939394,1.28943454292752,0.236604344473101,"tmean_month"
13.623337969697,1.28943454292752,0.236604344473101,"tmean_month"
13.7452945454545,1.28943454292752,0.236604344473101,"tmean_month"
13.8672511212121,1.28943454292752,0.236604344473101,"tmean_month"
13.9892076969697,1.28943454292752,0.236604344473101,"tmean_month"
14.1111642727273,1.28943454292752,0.236604344473101,"tmean_month"
14.2331208484848,1.28943454292752,0.236604344473101,"tmean_month"
14.3550774242424,1.28943454292752,0.236604344473101,"tmean_month"
14.477034,1.28943454292752,0.236604344473101,"tmean_month"
0.23120234,1.37436314852682,0.252188289517116,"ppt_percent_normal"
0.241233064848485,1.37436314852682,0.252188289517116,"ppt_percent_normal"
0.25126378969697,1.37436314852682,0.252188289517116,"ppt_percent_normal"
0.261294514545455,1.37436314852682,0.252188289517116,"ppt_percent_normal"
0.271325239393939,1.37436314852682,0.252188289517116,"ppt_percent_normal"
0.281355964242424,1.30697439273572,0.239822813133483,"ppt_percent_normal"
0.291386689090909,1.26099810085743,0.231386409392918,"ppt_percent_normal"
0.301417413939394,1.28564203805962,0.235908440107034,"ppt_percent_normal"
0.311448138787879,1.28564203805962,0.235908440107034,"ppt_percent_normal"
0.321478863636364,1.2624885331096,0.231659895742374,"ppt_percent_normal"
0.331509588484848,1.23943792892956,0.227430233118829,"ppt_percent_normal"
0.341540313333333,1.23943792892956,0.227430233118829,"ppt_percent_normal"
0.351571038181818,1.25969233683069,0.231146808675475,"ppt_percent_normal"
0.361601763030303,1.25969233683069,0.231146808675475,"ppt_percent_normal"
0.371632487878788,1.29885375378304,0.238332719303874,"ppt_percent_normal"
0.381663212727273,1.28749464802516,0.236248384130456,"ppt_percent_normal"
0.391693937575758,1.32542970459387,0.243209264185375,"ppt_percent_normal"
0.401724662424242,1.3411949022681,0.246102093667617,"ppt_percent_normal"
0.411755387272727,1.28990892570045,0.236691391175576,"ppt_percent_normal"
0.421786112121212,1.25462577464382,0.230217121603313,"ppt_percent_normal"
0.431816836969697,1.19840075886235,0.219900131822847,"ppt_percent_normal"
0.441847561818182,1.35052003914495,0.247813206426284,"ppt_percent_normal"
0.451878286666667,1.43173291076582,0.262715334151983,"ppt_percent_normal"
0.461909011515152,1.55482386823496,0.285301866723407,"ppt_percent_normal"
0.471939736363636,1.69842961891266,0.311652754163201,"ppt_percent_normal"
0.481970461212121,1.69842961891266,0.311652754163201,"ppt_percent_normal"
0.492001186060606,1.60208125407966,0.293973344357248,"ppt_percent_normal"
0.502031910909091,1.60208125407966,0.293973344357248,"ppt_percent_normal"
0.512062635757576,1.60208125407966,0.293973344357248,"ppt_percent_normal"
0.522093360606061,1.60208125407966,0.293973344357248,"ppt_percent_normal"
0.532124085454545,1.60208125407966,0.293973344357248,"ppt_percent_normal"
0.54215481030303,1.60208125407966,0.293973344357248,"ppt_percent_normal"
0.552185535151515,1.65193501019297,0.303121242053498,"ppt_percent_normal"
0.56221626,1.65193501019297,0.303121242053498,"ppt_percent_normal"
0.572246984848485,1.65193501019297,0.303121242053498,"ppt_percent_normal"
0.58227770969697,1.65193501019297,0.303121242053498,"ppt_percent_normal"
0.592308434545455,1.65193501019297,0.303121242053498,"ppt_percent_normal"
0.602339159393939,1.65193501019297,0.303121242053498,"ppt_percent_normal"
0.612369884242424,1.65193501019297,0.303121242053498,"ppt_percent_normal"
0.622400609090909,1.65193501019297,0.303121242053498,"ppt_percent_normal"
0.632431333939394,1.65193501019297,0.303121242053498,"ppt_percent_normal"
0.642462058787879,1.65193501019297,0.303121242053498,"ppt_percent_normal"
0.652492783636364,1.65193501019297,0.303121242053498,"ppt_percent_normal"
0.662523508484848,1.65193501019297,0.303121242053498,"ppt_percent_normal"
0.672554233333333,1.65193501019297,0.303121242053498,"ppt_percent_normal"
0.682584958181818,1.65193501019297,0.303121242053498,"ppt_percent_normal"
0.692615683030303,1.65193501019297,0.303121242053498,"ppt_percent_normal"
0.702646407878788,1.65193501019297,0.303121242053498,"ppt_percent_normal"
0.712677132727273,1.65193501019297,0.303121242053498,"ppt_percent_normal"
0.722707857575758,1.65193501019297,0.303121242053498,"ppt_percent_normal"
0.732738582424243,1.65193501019297,0.303121242053498,"ppt_percent_normal"
0.742769307272727,1.65193501019297,0.303121242053498,"ppt_percent_normal"
0.752800032121212,1.65193501019297,0.303121242053498,"ppt_percent_normal"
0.762830756969697,1.65193501019297,0.303121242053498,"ppt_percent_normal"
0.772861481818182,1.61805537114824,0.296904509431332,"ppt_percent_normal"
0.782892206666667,1.61805537114824,0.296904509431332,"ppt_percent_normal"
0.792922931515152,1.61805537114824,0.296904509431332,"ppt_percent_normal"
0.802953656363636,1.61805537114824,0.296904509431332,"ppt_percent_normal"
0.812984381212121,1.61805537114824,0.296904509431332,"ppt_percent_normal"
0.823015106060606,1.61805537114824,0.296904509431332,"ppt_percent_normal"
0.833045830909091,1.61805537114824,0.296904509431332,"ppt_percent_normal"
0.843076555757576,1.61805537114824,0.296904509431332,"ppt_percent_normal"
0.853107280606061,1.61805537114824,0.296904509431332,"ppt_percent_normal"
0.863138005454545,1.61805537114824,0.296904509431332,"ppt_percent_normal"
0.87316873030303,1.61805537114824,0.296904509431332,"ppt_percent_normal"
0.883199455151515,1.61805537114824,0.296904509431332,"ppt_percent_normal"
0.89323018,1.61805537114824,0.296904509431332,"ppt_percent_normal"
0.903260904848485,1.61805537114824,0.296904509431332,"ppt_percent_normal"
0.91329162969697,1.42978613631243,0.262358111448506,"ppt_percent_normal"
0.923322354545455,1.42978613631243,0.262358111448506,"ppt_percent_normal"
0.933353079393939,1.42978613631243,0.262358111448506,"ppt_percent_normal"
0.943383804242424,1.42978613631243,0.262358111448506,"ppt_percent_normal"
0.953414529090909,1.41517371514664,0.259676810292071,"ppt_percent_normal"
0.963445253939394,1.41517371514664,0.259676810292071,"ppt_percent_normal"
0.973475978787879,1.41517371514664,0.259676810292071,"ppt_percent_normal"
0.983506703636364,1.41517371514664,0.259676810292071,"ppt_percent_normal"
0.993537428484848,1.41517371514664,0.259676810292071,"ppt_percent_normal"
1.00356815333333,1.41517371514664,0.259676810292071,"ppt_percent_normal"
1.01359887818182,1.41517371514664,0.259676810292071,"ppt_percent_normal"
1.0236296030303,1.09289136355109,0.20053972190495,"ppt_percent_normal"
1.03366032787879,1.09289136355109,0.20053972190495,"ppt_percent_normal"
1.04369105272727,1.02671588617242,0.188396875623022,"ppt_percent_normal"
1.05372177757576,1.02671588617242,0.188396875623022,"ppt_percent_normal"
1.06375250242424,0.999186478737066,0.183345376548718,"ppt_percent_normal"
1.07378322727273,0.999186478737066,0.183345376548718,"ppt_percent_normal"
1.08381395212121,0.999186478737066,0.183345376548718,"ppt_percent_normal"
1.0938446769697,0.999186478737066,0.183345376548718,"ppt_percent_normal"
1.10387540181818,0.999186478737066,0.183345376548718,"ppt_percent_normal"
1.11390612666667,0.999186478737066,0.183345376548718,"ppt_percent_normal"
1.12393685151515,0.999186478737066,0.183345376548718,"ppt_percent_normal"
1.13396757636364,0.999186478737066,0.183345376548718,"ppt_percent_normal"
1.14399830121212,0.999186478737066,0.183345376548718,"ppt_percent_normal"
1.15402902606061,0.999186478737066,0.183345376548718,"ppt_percent_normal"
1.16405975090909,0.999186478737066,0.183345376548718,"ppt_percent_normal"
1.17409047575758,0.999186478737066,0.183345376548718,"ppt_percent_normal"
1.18412120060606,0.999186478737066,0.183345376548718,"ppt_percent_normal"
1.19415192545455,0.999186478737066,0.183345376548718,"ppt_percent_normal"
1.20418265030303,0.999186478737066,0.183345376548718,"ppt_percent_normal"
1.21421337515152,0.999186478737066,0.183345376548718,"ppt_percent_normal"
1.2242441,0.999186478737066,0.183345376548718,"ppt_percent_normal"
5.619,1.4272355008469,0.261890083477933,"tmean_day"
5.72810101010101,1.4272355008469,0.261890083477933,"tmean_day"
5.83720202020202,1.4272355008469,0.261890083477933,"tmean_day"
5.94630303030303,1.4272355008469,0.261890083477933,"tmean_day"
6.05540404040404,1.4272355008469,0.261890083477933,"tmean_day"
6.16450505050505,1.4272355008469,0.261890083477933,"tmean_day"
6.27360606060606,1.4272355008469,0.261890083477933,"tmean_day"
6.38270707070707,1.4272355008469,0.261890083477933,"tmean_day"
6.49180808080808,1.4272355008469,0.261890083477933,"tmean_day"
6.60090909090909,1.4272355008469,0.261890083477933,"tmean_day"
6.7100101010101,1.4272355008469,0.261890083477933,"tmean_day"
6.81911111111111,1.4272355008469,0.261890083477933,"tmean_day"
6.92821212121212,1.4272355008469,0.261890083477933,"tmean_day"
7.03731313131313,1.4272355008469,0.261890083477933,"tmean_day"
7.14641414141414,1.4272355008469,0.261890083477933,"tmean_day"
7.25551515151515,1.4272355008469,0.261890083477933,"tmean_day"
7.36461616161616,1.4272355008469,0.261890083477933,"tmean_day"
7.47371717171717,1.4272355008469,0.261890083477933,"tmean_day"
7.58281818181818,1.4272355008469,0.261890083477933,"tmean_day"
7.69191919191919,1.4272355008469,0.261890083477933,"tmean_day"
7.8010202020202,1.4272355008469,0.261890083477933,"tmean_day"
7.91012121212121,1.4272355008469,0.261890083477933,"tmean_day"
8.01922222222222,1.4272355008469,0.261890083477933,"tmean_day"
8.12832323232323,1.4272355008469,0.261890083477933,"tmean_day"
8.23742424242424,1.4272355008469,0.261890083477933,"tmean_day"
8.34652525252525,1.4272355008469,0.261890083477933,"tmean_day"
8.45562626262626,1.4272355008469,0.261890083477933,"tmean_day"
8.56472727272727,1.34359940774062,0.246543307565776,"tmean_day"
8.67382828282828,1.31837894861283,0.241915488160774,"tmean_day"
8.78292929292929,1.25486535097494,0.230261082579144,"tmean_day"
8.8920303030303,1.34231981681586,0.246308509472607,"tmean_day"
9.00113131313131,1.34228172413562,0.246301519669451,"tmean_day"
9.11023232323232,1.42177677667327,0.260888436777956,"tmean_day"
9.21933333333333,1.42177677667327,0.260888436777956,"tmean_day"
9.32843434343434,1.42177677667327,0.260888436777956,"tmean_day"
9.43753535353535,1.42177677667327,0.260888436777956,"tmean_day"
9.54663636363636,1.44406479593149,0.264978169145619,"tmean_day"
9.65573737373737,1.44406479593149,0.264978169145619,"tmean_day"
9.76483838383838,1.44406479593149,0.264978169145619,"tmean_day"
9.87393939393939,1.44406479593149,0.264978169145619,"tmean_day"
9.98304040404041,1.44406479593149,0.264978169145619,"tmean_day"
10.0921414141414,1.42523014230341,0.261522110907151,"tmean_day"
10.2012424242424,1.42523014230341,0.261522110907151,"tmean_day"
10.3103434343434,1.41244987576729,0.259177000329374,"tmean_day"
10.4194444444444,1.37380010561636,0.25208497415344,"tmean_day"
10.5285454545455,1.25512316908325,0.230308390823555,"tmean_day"
10.6376464646465,1.2424793247913,0.227988312998182,"tmean_day"
10.7467474747475,1.2424793247913,0.227988312998182,"tmean_day"
10.8558484848485,1.2424793247913,0.227988312998182,"tmean_day"
10.9649494949495,1.22549821060354,0.224872369336788,"tmean_day"
11.0740505050505,1.22549821060354,0.224872369336788,"tmean_day"
11.1831515151515,1.30023730925601,0.238586594335778,"tmean_day"
11.2922525252525,1.36640058356938,0.250727201420467,"tmean_day"
11.4013535353535,1.33634437465793,0.24521204778522,"tmean_day"
11.5104545454545,1.36891742225589,0.251189027862788,"tmean_day"
11.6195555555556,1.36891742225589,0.251189027862788,"tmean_day"
11.7286565656566,1.41079198929173,0.258872787025248,"tmean_day"
11.8377575757576,1.41643432174767,0.25990812486334,"tmean_day"
11.9468585858586,1.39252411919416,0.255520730534234,"tmean_day"
12.0559595959596,1.25212287062451,0.229757852097919,"tmean_day"
12.1650606060606,1.1660602886033,0.213965828443459,"tmean_day"
12.2741616161616,1.24850776985529,0.229094500435444,"tmean_day"
12.3832626262626,1.30577410899141,0.239602567483898,"tmean_day"
12.4923636363636,1.4989012412726,0.275040363674479,"tmean_day"
12.6014646464646,1.59213685647174,0.2921486005654,"tmean_day"
12.7105656565657,1.74699886753845,0.3205649516033,"tmean_day"
12.8196666666667,1.65414828871159,0.30352736682804,"tmean_day"
12.9287676767677,1.63358971413522,0.299754978312761,"tmean_day"
13.0378686868687,1.60735596222428,0.294941225099771,"tmean_day"
13.1469696969697,1.60735596222428,0.294941225099771,"tmean_day"
13.2560707070707,1.55057657278973,0.284522510718005,"tmean_day"
13.3651717171717,1.25120754000182,0.229589893822608,"tmean_day"
13.4742727272727,1.16176498690867,0.213177663547964,"tmean_day"
13.5833737373737,1.08989375128641,0.19998967608156,"tmean_day"
13.6924747474747,1.08989375128641,0.19998967608156,"tmean_day"
13.8015757575758,1.07152105551125,0.196618384639177,"tmean_day"
13.9106767676768,1.07152105551125,0.196618384639177,"tmean_day"
14.0197777777778,1.09053264976666,0.200106910536721,"tmean_day"
14.1288787878788,1.09053264976666,0.200106910536721,"tmean_day"
14.2379797979798,1.09053264976666,0.200106910536721,"tmean_day"
14.3470808080808,1.09053264976666,0.200106910536721,"tmean_day"
14.4561818181818,1.09053264976666,0.200106910536721,"tmean_day"
14.5652828282828,1.09053264976666,0.200106910536721,"tmean_day"
14.6743838383838,1.09053264976666,0.200106910536721,"tmean_day"
14.7834848484849,1.09053264976666,0.200106910536721,"tmean_day"
14.8925858585859,1.09053264976666,0.200106910536721,"tmean_day"
15.0016868686869,1.09053264976666,0.200106910536721,"tmean_day"
15.1107878787879,1.09053264976666,0.200106910536721,"tmean_day"
15.2198888888889,1.09053264976666,0.200106910536721,"tmean_day"
15.3289898989899,1.09053264976666,0.200106910536721,"tmean_day"
15.4380909090909,1.09053264976666,0.200106910536721,"tmean_day"
15.5471919191919,1.09053264976666,0.200106910536721,"tmean_day"
15.6562929292929,1.09053264976666,0.200106910536721,"tmean_day"
15.7653939393939,1.09053264976666,0.200106910536721,"tmean_day"
15.874494949495,1.09053264976666,0.200106910536721,"tmean_day"
15.983595959596,1.09053264976666,0.200106910536721,"tmean_day"
16.092696969697,1.09053264976666,0.200106910536721,"tmean_day"
16.201797979798,1.09053264976666,0.200106910536721,"tmean_day"
16.310898989899,1.09053264976666,0.200106910536721,"tmean_day"
16.42,1.09053264976666,0.200106910536721,"tmean_day"
0.855079,1.46771283392924,0.269317457680445,"tmean_percent_normal"
0.863733877777778,1.46771283392924,0.269317457680445,"tmean_percent_normal"
0.872388755555556,1.46771283392924,0.269317457680445,"tmean_percent_normal"
0.881043633333333,1.46771283392924,0.269317457680445,"tmean_percent_normal"
0.889698511111111,1.46771283392924,0.269317457680445,"tmean_percent_normal"
0.898353388888889,1.46771283392924,0.269317457680445,"tmean_percent_normal"
0.907008266666667,1.46771283392924,0.269317457680445,"tmean_percent_normal"
0.915663144444445,1.46771283392924,0.269317457680445,"tmean_percent_normal"
0.924318022222222,1.46771283392924,0.269317457680445,"tmean_percent_normal"
0.9329729,1.46771283392924,0.269317457680445,"tmean_percent_normal"
0.941627777777778,1.46771283392924,0.269317457680445,"tmean_percent_normal"
0.950282655555556,1.46771283392924,0.269317457680445,"tmean_percent_normal"
0.958937533333333,1.46771283392924,0.269317457680445,"tmean_percent_normal"
0.967592411111111,1.46771283392924,0.269317457680445,"tmean_percent_normal"
0.976247288888889,1.46771283392924,0.269317457680445,"tmean_percent_normal"
0.984902166666667,1.46771283392924,0.269317457680445,"tmean_percent_normal"
0.993557044444444,1.5231359243967,0.279487298453404,"tmean_percent_normal"
1.00221192222222,1.45587836806142,0.267145896468436,"tmean_percent_normal"
1.0108668,1.45154749219837,0.266351203903241,"tmean_percent_normal"
1.01952167777778,1.45154749219837,0.266351203903241,"tmean_percent_normal"
1.02817655555556,1.45154749219837,0.266351203903241,"tmean_percent_normal"
1.03683143333333,1.45154749219837,0.266351203903241,"tmean_percent_normal"
1.04548631111111,1.45154749219837,0.266351203903241,"tmean_percent_normal"
1.05414118888889,1.45154749219837,0.266351203903241,"tmean_percent_normal"
1.06279606666667,1.45154749219837,0.266351203903241,"tmean_percent_normal"
1.07145094444444,1.43410873568858,0.263151285322606,"tmean_percent_normal"
1.08010582222222,1.43410873568858,0.263151285322606,"tmean_percent_normal"
1.0887607,1.43410873568858,0.263151285322606,"tmean_percent_normal"
1.09741557777778,1.43410873568858,0.263151285322606,"tmean_percent_normal"
1.10607045555556,1.43410873568858,0.263151285322606,"tmean_percent_normal"
1.11472533333333,1.43410873568858,0.263151285322606,"tmean_percent_normal"
1.12338021111111,1.43410873568858,0.263151285322606,"tmean_percent_normal"
1.13203508888889,1.43410873568858,0.263151285322606,"tmean_percent_normal"
1.14068996666667,1.4545515787431,0.266902437722401,"tmean_percent_normal"
1.14934484444444,1.4545515787431,0.266902437722401,"tmean_percent_normal"
1.15799972222222,1.40705632593172,0.258187312771966,"tmean_percent_normal"
1.1666546,1.42313947880741,0.26113848533368,"tmean_percent_normal"
1.17530947777778,1.15675262156529,0.212257921306814,"tmean_percent_normal"
1.18396435555556,1.15675262156529,0.212257921306814,"tmean_percent_normal"
1.19261923333333,1.1022146708651,0.202250498948617,"tmean_percent_normal"
1.20127411111111,1.17742259491691,0.216050750901741,"tmean_percent_normal"
1.20992898888889,1.17742259491691,0.216050750901741,"tmean_percent_normal"
1.21858386666667,1.17742259491691,0.216050750901741,"tmean_percent_normal"
1.22723874444444,1.17742259491691,0.216050750901741,"tmean_percent_normal"
1.23589362222222,1.17742259491691,0.216050750901741,"tmean_percent_normal"
1.2445485,1.17742259491691,0.216050750901741,"tmean_percent_normal"
1.25320337777778,1.17742259491691,0.216050750901741,"tmean_percent_normal"
1.26185825555556,1.17742259491691,0.216050750901741,"tmean_percent_normal"
1.27051313333333,1.17101432922393,0.214874868409827,"tmean_percent_normal"
1.27916801111111,1.17101432922393,0.214874868409827,"tmean_percent_normal"
1.28782288888889,1.17101432922393,0.214874868409827,"tmean_percent_normal"
1.29647776666667,1.17101432922393,0.214874868409827,"tmean_percent_normal"
1.30513264444444,1.17101432922393,0.214874868409827,"tmean_percent_normal"
1.31378752222222,1.17101432922393,0.214874868409827,"tmean_percent_normal"
1.3224424,1.17101432922393,0.214874868409827,"tmean_percent_normal"
1.33109727777778,1.17101432922393,0.214874868409827,"tmean_percent_normal"
1.33975215555556,1.17101432922393,0.214874868409827,"tmean_percent_normal"
1.34840703333333,1.21864456782972,0.223614762531815,"tmean_percent_normal"
1.35706191111111,1.21864456782972,0.223614762531815,"tmean_percent_normal"
1.36571678888889,1.29098013603442,0.236887952544472,"tmean_percent_normal"
1.37437166666667,1.22069498107048,0.223991002398654,"tmean_percent_normal"
1.38302654444444,1.22069498107048,0.223991002398654,"tmean_percent_normal"
1.39168142222222,1.22069498107048,0.223991002398654,"tmean_percent_normal"
1.4003363,1.24410309120045,0.228286265452552,"tmean_percent_normal"
1.40899117777778,1.24410309120045,0.228286265452552,"tmean_percent_normal"
1.41764605555556,1.2961499782135,0.237836590943002,"tmean_percent_normal"
1.42630093333333,1.32032542710673,0.242272656557266,"tmean_percent_normal"
1.43495581111111,1.3704210087147,0.25146492793883,"tmean_percent_normal"
1.44361068888889,1.3704210087147,0.25146492793883,"tmean_percent_normal"
1.45226556666667,1.3704210087147,0.25146492793883,"tmean_percent_normal"
1.46092044444444,1.3202679351012,0.242262107081642,"tmean_percent_normal"
1.46957532222222,1.3202679351012,0.242262107081642,"tmean_percent_normal"
1.4782302,1.21123193028815,0.22225458317571,"tmean_percent_normal"
1.48688507777778,1.21123193028815,0.22225458317571,"tmean_percent_normal"
1.49553995555556,1.21123193028815,0.22225458317571,"tmean_percent_normal"
1.50419483333333,1.21123193028815,0.22225458317571,"tmean_percent_normal"
1.51284971111111,1.0137073798497,0.186009884264722,"tmean_percent_normal"
1.52150458888889,1.0137073798497,0.186009884264722,"tmean_percent_normal"
1.53015946666667,0.941372877550771,0.172736889840074,"tmean_percent_normal"
1.53881434444444,0.941372877550771,0.172736889840074,"tmean_percent_normal"
1.54746922222222,0.941372877550771,0.172736889840074,"tmean_percent_normal"
1.5561241,0.941372877550771,0.172736889840074,"tmean_percent_normal"
1.56477897777778,0.941372877550771,0.172736889840074,"tmean_percent_normal"
1.57343385555556,0.941372877550771,0.172736889840074,"tmean_percent_normal"
1.58208873333333,0.941372877550771,0.172736889840074,"tmean_percent_normal"
1.59074361111111,0.941372877550771,0.172736889840074,"tmean_percent_normal"
1.59939848888889,0.941372877550771,0.172736889840074,"tmean_percent_normal"
1.60805336666667,0.941372877550771,0.172736889840074,"tmean_percent_normal"
1.61670824444444,0.941372877550771,0.172736889840074,"tmean_percent_normal"
1.62536312222222,0.941372877550771,0.172736889840074,"tmean_percent_normal"
1.634018,0.941372877550771,0.172736889840074,"tmean_percent_normal"
1.64267287777778,0.941372877550771,0.172736889840074,"tmean_percent_normal"
1.65132775555556,0.941372877550771,0.172736889840074,"tmean_percent_normal"
1.65998263333333,0.941372877550771,0.172736889840074,"tmean_percent_normal"
1.66863751111111,0.941372877550771,0.172736889840074,"tmean_percent_normal"
1.67729238888889,0.941372877550771,0.172736889840074,"tmean_percent_normal"
1.68594726666667,0.941372877550771,0.172736889840074,"tmean_percent_normal"
1.69460214444444,0.941372877550771,0.172736889840074,"tmean_percent_normal"
1.70325702222222,0.941372877550771,0.172736889840074,"tmean_percent_normal"
1.7119119,0.941372877550771,0.172736889840074,"tmean_percent_normal"
0,1.34029107036752,0.245936245346332,"ppt_day"
0.069959595959596,1.12386425851431,0.206223082529498,"ppt_day"
0.139919191919192,1.12386425851431,0.206223082529498,"ppt_day"
0.209878787878788,1.10334595558803,0.202458083646691,"ppt_day"
0.279838383838384,1.07339259558258,0.196961802235798,"ppt_day"
0.34979797979798,0.885483340516678,0.162481458616063,"ppt_day"
0.419757575757576,0.859930630772122,0.157792672999311,"ppt_day"
0.489717171717172,0.836713455736257,0.153532445514319,"ppt_day"
0.559676767676768,0.852483686650451,0.156426198569182,"ppt_day"
0.629636363636364,0.852483686650451,0.156426198569182,"ppt_day"
0.69959595959596,0.852483686650451,0.156426198569182,"ppt_day"
0.769555555555556,0.852483686650451,0.156426198569182,"ppt_day"
0.839515151515152,0.852483686650451,0.156426198569182,"ppt_day"
0.909474747474747,0.865700326527874,0.158851381321953,"ppt_day"
0.979434343434343,0.919781305595838,0.168774951828904,"ppt_day"
1.04939393939394,1.00568507276097,0.184537833806401,"ppt_day"
1.11935353535354,1.00568507276097,0.184537833806401,"ppt_day"
1.18931313131313,1.00568507276097,0.184537833806401,"ppt_day"
1.25927272727273,1.00568507276097,0.184537833806401,"ppt_day"
1.32923232323232,1.15977412652682,0.212812351312327,"ppt_day"
1.39919191919192,1.36685856244481,0.250811238095456,"ppt_day"
1.46915151515152,1.36685856244481,0.250811238095456,"ppt_day"
1.53911111111111,1.36685856244481,0.250811238095456,"ppt_day"
1.60907070707071,1.52456285117183,0.279749131887364,"ppt_day"
1.6790303030303,1.52456285117183,0.279749131887364,"ppt_day"
1.7489898989899,1.52456285117183,0.279749131887364,"ppt_day"
1.81894949494949,1.52456285117183,0.279749131887364,"ppt_day"
1.88890909090909,1.52456285117183,0.279749131887364,"ppt_day"
1.95886868686869,1.50763288759764,0.276642574090075,"ppt_day"
2.02882828282828,1.44093851491836,0.264404513294838,"ppt_day"
2.09878787878788,1.44093851491836,0.264404513294838,"ppt_day"
2.16874747474747,1.44093851491836,0.264404513294838,"ppt_day"
2.23870707070707,1.44093851491836,0.264404513294838,"ppt_day"
2.30866666666667,1.44093851491836,0.264404513294838,"ppt_day"
2.37862626262626,1.44093851491836,0.264404513294838,"ppt_day"
2.44858585858586,1.44093851491836,0.264404513294838,"ppt_day"
2.51854545454545,1.42925287724054,0.262260261259963,"ppt_day"
2.58850505050505,1.42925287724054,0.262260261259963,"ppt_day"
2.65846464646465,1.42925287724054,0.262260261259963,"ppt_day"
2.72842424242424,1.42925287724054,0.262260261259963,"ppt_day"
2.79838383838384,1.42925287724054,0.262260261259963,"ppt_day"
2.86834343434343,1.42925287724054,0.262260261259963,"ppt_day"
2.93830303030303,1.42925287724054,0.262260261259963,"ppt_day"
3.00826262626263,1.42925287724054,0.262260261259963,"ppt_day"
3.07822222222222,1.42925287724054,0.262260261259963,"ppt_day"
3.14818181818182,1.42925287724054,0.262260261259963,"ppt_day"
3.21814141414141,1.42925287724054,0.262260261259963,"ppt_day"
3.28810101010101,1.42925287724054,0.262260261259963,"ppt_day"
3.35806060606061,1.42925287724054,0.262260261259963,"ppt_day"
3.4280202020202,1.42925287724054,0.262260261259963,"ppt_day"
3.4979797979798,1.42925287724054,0.262260261259963,"ppt_day"
3.56793939393939,1.42925287724054,0.262260261259963,"ppt_day"
3.63789898989899,1.42925287724054,0.262260261259963,"ppt_day"
3.70785858585859,1.42925287724054,0.262260261259963,"ppt_day"
3.77781818181818,1.42925287724054,0.262260261259963,"ppt_day"
3.84777777777778,1.42925287724054,0.262260261259963,"ppt_day"
3.91773737373737,1.42925287724054,0.262260261259963,"ppt_day"
3.98769696969697,1.42925287724054,0.262260261259963,"ppt_day"
4.05765656565657,1.42925287724054,0.262260261259963,"ppt_day"
4.12761616161616,1.42925287724054,0.262260261259963,"ppt_day"
4.19757575757576,1.42925287724054,0.262260261259963,"ppt_day"
4.26753535353535,1.42925287724054,0.262260261259963,"ppt_day"
4.33749494949495,1.42925287724054,0.262260261259963,"ppt_day"
4.40745454545455,1.42925287724054,0.262260261259963,"ppt_day"
4.47741414141414,1.42925287724054,0.262260261259963,"ppt_day"
4.54737373737374,1.42925287724054,0.262260261259963,"ppt_day"
4.61733333333333,1.42925287724054,0.262260261259963,"ppt_day"
4.68729292929293,1.42925287724054,0.262260261259963,"ppt_day"
4.75725252525253,1.42925287724054,0.262260261259963,"ppt_day"
4.82721212121212,1.42925287724054,0.262260261259963,"ppt_day"
4.89717171717172,1.42925287724054,0.262260261259963,"ppt_day"
4.96713131313131,1.42925287724054,0.262260261259963,"ppt_day"
5.03709090909091,1.42925287724054,0.262260261259963,"ppt_day"
5.1070505050505,1.42925287724054,0.262260261259963,"ppt_day"
5.1770101010101,1.42925287724054,0.262260261259963,"ppt_day"
5.2469696969697,1.42925287724054,0.262260261259963,"ppt_day"
5.31692929292929,1.42925287724054,0.262260261259963,"ppt_day"
5.38688888888889,1.42925287724054,0.262260261259963,"ppt_day"
5.45684848484848,1.42925287724054,0.262260261259963,"ppt_day"
5.52680808080808,1.42925287724054,0.262260261259963,"ppt_day"
5.59676767676768,1.42925287724054,0.262260261259963,"ppt_day"
5.66672727272727,1.42925287724054,0.262260261259963,"ppt_day"
5.73668686868687,1.42925287724054,0.262260261259963,"ppt_day"
5.80664646464646,1.42925287724054,0.262260261259963,"ppt_day"
5.87660606060606,1.42925287724054,0.262260261259963,"ppt_day"
5.94656565656566,1.42925287724054,0.262260261259963,"ppt_day"
6.01652525252525,1.42925287724054,0.262260261259963,"ppt_day"
6.08648484848485,1.42925287724054,0.262260261259963,"ppt_day"
6.15644444444444,1.42925287724054,0.262260261259963,"ppt_day"
6.22640404040404,1.42925287724054,0.262260261259963,"ppt_day"
6.29636363636364,1.42925287724054,0.262260261259963,"ppt_day"
6.36632323232323,1.42925287724054,0.262260261259963,"ppt_day"
6.43628282828283,1.42925287724054,0.262260261259963,"ppt_day"
6.50624242424242,1.42925287724054,0.262260261259963,"ppt_day"
6.57620202020202,1.42925287724054,0.262260261259963,"ppt_day"
6.64616161616162,1.42925287724054,0.262260261259963,"ppt_day"
6.71612121212121,1.42925287724054,0.262260261259963,"ppt_day"
6.78608080808081,1.42925287724054,0.262260261259963,"ppt_day"
6.8560404040404,1.42925287724054,0.262260261259963,"ppt_day"
6.926,1.42925287724054,0.262260261259963,"ppt_day"
4.5,1.23439797351463,0.226505428247062,"Max_SWE"
4.67474747474748,1.23439797351463,0.226505428247062,"Max_SWE"
4.84949494949495,1.23439797351463,0.226505428247062,"Max_SWE"
5.02424242424242,1.23439797351463,0.226505428247062,"Max_SWE"
5.1989898989899,1.23439797351463,0.226505428247062,"Max_SWE"
5.37373737373737,1.23439797351463,0.226505428247062,"Max_SWE"
5.54848484848485,1.23439797351463,0.226505428247062,"Max_SWE"
5.72323232323232,1.23439797351463,0.226505428247062,"Max_SWE"
5.8979797979798,1.23439797351463,0.226505428247062,"Max_SWE"
6.07272727272727,1.23439797351463,0.226505428247062,"Max_SWE"
6.24747474747475,1.23439797351463,0.226505428247062,"Max_SWE"
6.42222222222222,1.23439797351463,0.226505428247062,"Max_SWE"
6.5969696969697,1.23439797351463,0.226505428247062,"Max_SWE"
6.77171717171717,1.23439797351463,0.226505428247062,"Max_SWE"
6.94646464646465,1.23439797351463,0.226505428247062,"Max_SWE"
7.12121212121212,1.23439797351463,0.226505428247062,"Max_SWE"
7.2959595959596,1.23439797351463,0.226505428247062,"Max_SWE"
7.47070707070707,1.23439797351463,0.226505428247062,"Max_SWE"
7.64545454545455,1.23439797351463,0.226505428247062,"Max_SWE"
7.82020202020202,1.23439797351463,0.226505428247062,"Max_SWE"
7.99494949494949,1.23439797351463,0.226505428247062,"Max_SWE"
8.16969696969697,1.23439797351463,0.226505428247062,"Max_SWE"
8.34444444444444,1.23439797351463,0.226505428247062,"Max_SWE"
8.51919191919192,1.23439797351463,0.226505428247062,"Max_SWE"
8.6939393939394,1.23439797351463,0.226505428247062,"Max_SWE"
8.86868686868687,1.23439797351463,0.226505428247062,"Max_SWE"
9.04343434343434,1.23439797351463,0.226505428247062,"Max_SWE"
9.21818181818182,1.23439797351463,0.226505428247062,"Max_SWE"
9.39292929292929,1.23439797351463,0.226505428247062,"Max_SWE"
9.56767676767677,1.30706734681952,0.239839869710867,"Max_SWE"
9.74242424242424,1.30706734681952,0.239839869710867,"Max_SWE"
9.91717171717172,1.30706734681952,0.239839869710867,"Max_SWE"
10.0919191919192,1.30706734681952,0.239839869710867,"Max_SWE"
10.2666666666667,1.30706734681952,0.239839869710867,"Max_SWE"
10.4414141414141,1.30706734681952,0.239839869710867,"Max_SWE"
10.6161616161616,1.30706734681952,0.239839869710867,"Max_SWE"
10.7909090909091,1.30706734681952,0.239839869710867,"Max_SWE"
10.9656565656566,1.30706734681952,0.239839869710867,"Max_SWE"
11.140404040404,1.30706734681952,0.239839869710867,"Max_SWE"
11.3151515151515,1.30706734681952,0.239839869710867,"Max_SWE"
11.489898989899,1.30706734681952,0.239839869710867,"Max_SWE"
11.6646464646465,1.30706734681952,0.239839869710867,"Max_SWE"
11.8393939393939,1.30706734681952,0.239839869710867,"Max_SWE"
12.0141414141414,1.30706734681952,0.239839869710867,"Max_SWE"
12.1888888888889,1.30706734681952,0.239839869710867,"Max_SWE"
12.3636363636364,1.30706734681952,0.239839869710867,"Max_SWE"
12.5383838383838,1.30706734681952,0.239839869710867,"Max_SWE"
12.7131313131313,1.30706734681952,0.239839869710867,"Max_SWE"
12.8878787878788,1.30706734681952,0.239839869710867,"Max_SWE"
13.0626262626263,1.30706734681952,0.239839869710867,"Max_SWE"
13.2373737373737,1.30706734681952,0.239839869710867,"Max_SWE"
13.4121212121212,1.30706734681952,0.239839869710867,"Max_SWE"
13.5868686868687,1.30706734681952,0.239839869710867,"Max_SWE"
13.7616161616162,1.30706734681952,0.239839869710867,"Max_SWE"
13.9363636363636,1.30706734681952,0.239839869710867,"Max_SWE"
14.1111111111111,1.30706734681952,0.239839869710867,"Max_SWE"
14.2858585858586,1.30706734681952,0.239839869710867,"Max_SWE"
14.4606060606061,1.30706734681952,0.239839869710867,"Max_SWE"
14.6353535353535,1.30706734681952,0.239839869710867,"Max_SWE"
14.810101010101,1.30706734681952,0.239839869710867,"Max_SWE"
14.9848484848485,1.30706734681952,0.239839869710867,"Max_SWE"
15.159595959596,1.30706734681952,0.239839869710867,"Max_SWE"
15.3343434343434,1.30706734681952,0.239839869710867,"Max_SWE"
15.5090909090909,1.30706734681952,0.239839869710867,"Max_SWE"
15.6838383838384,1.30706734681952,0.239839869710867,"Max_SWE"
15.8585858585859,1.30706734681952,0.239839869710867,"Max_SWE"
16.0333333333333,1.30706734681952,0.239839869710867,"Max_SWE"
16.2080808080808,1.27639264799714,0.234211226483813,"Max_SWE"
16.3828282828283,1.29074781670922,0.236845323190429,"Max_SWE"
16.5575757575758,1.29074781670922,0.236845323190429,"Max_SWE"
16.7323232323232,1.29074781670922,0.236845323190429,"Max_SWE"
16.9070707070707,1.29074781670922,0.236845323190429,"Max_SWE"
17.0818181818182,1.29074781670922,0.236845323190429,"Max_SWE"
17.2565656565657,1.29074781670922,0.236845323190429,"Max_SWE"
17.4313131313131,1.29074781670922,0.236845323190429,"Max_SWE"
17.6060606060606,1.29074781670922,0.236845323190429,"Max_SWE"
17.7808080808081,1.29074781670922,0.236845323190429,"Max_SWE"
17.9555555555556,1.2364361909527,0.226879430249316,"Max_SWE"
18.130303030303,1.2364361909527,0.226879430249316,"Max_SWE"
18.3050505050505,1.2364361909527,0.226879430249316,"Max_SWE"
18.479797979798,1.2364361909527,0.226879430249316,"Max_SWE"
18.6545454545455,1.2364361909527,0.226879430249316,"Max_SWE"
18.8292929292929,1.2364361909527,0.226879430249316,"Max_SWE"
19.0040404040404,1.2364361909527,0.226879430249316,"Max_SWE"
19.1787878787879,1.2364361909527,0.226879430249316,"Max_SWE"
19.3535353535354,1.2364361909527,0.226879430249316,"Max_SWE"
19.5282828282828,1.2364361909527,0.226879430249316,"Max_SWE"
19.7030303030303,1.2364361909527,0.226879430249316,"Max_SWE"
19.8777777777778,1.37189016271834,0.251734509843447,"Max_SWE"
20.0525252525253,1.37189016271834,0.251734509843447,"Max_SWE"
20.2272727272727,1.37189016271834,0.251734509843447,"Max_SWE"
20.4020202020202,1.37189016271834,0.251734509843447,"Max_SWE"
20.5767676767677,1.37189016271834,0.251734509843447,"Max_SWE"
20.7515151515152,1.37189016271834,0.251734509843447,"Max_SWE"
20.9262626262626,1.37189016271834,0.251734509843447,"Max_SWE"
21.1010101010101,1.37189016271834,0.251734509843447,"Max_SWE"
21.2757575757576,1.37189016271834,0.251734509843447,"Max_SWE"
21.4505050505051,1.37189016271834,0.251734509843447,"Max_SWE"
21.6252525252525,1.37189016271834,0.251734509843447,"Max_SWE"
21.8,1.37189016271834,0.251734509843447,"Max_SWE"
-8,1.49799499804183,0.274874072886998,"Difference_SnowFree"
-7.80808080808081,1.49799499804183,0.274874072886998,"Difference_SnowFree"
-7.61616161616162,1.49799499804183,0.274874072886998,"Difference_SnowFree"
-7.42424242424242,1.49799499804183,0.274874072886998,"Difference_SnowFree"
-7.23232323232323,1.49799499804183,0.274874072886998,"Difference_SnowFree"
-7.04040404040404,1.49799499804183,0.274874072886998,"Difference_SnowFree"
-6.84848484848485,1.41683020672004,0.259980767639112,"Difference_SnowFree"
-6.65656565656566,1.41683020672004,0.259980767639112,"Difference_SnowFree"
-6.46464646464646,1.41683020672004,0.259980767639112,"Difference_SnowFree"
-6.27272727272727,1.41683020672004,0.259980767639112,"Difference_SnowFree"
-6.08080808080808,1.41683020672004,0.259980767639112,"Difference_SnowFree"
-5.88888888888889,1.41683020672004,0.259980767639112,"Difference_SnowFree"
-5.6969696969697,1.41683020672004,0.259980767639112,"Difference_SnowFree"
-5.50505050505051,1.41683020672004,0.259980767639112,"Difference_SnowFree"
-5.31313131313131,1.41683020672004,0.259980767639112,"Difference_SnowFree"
-5.12121212121212,1.41683020672004,0.259980767639112,"Difference_SnowFree"
-4.92929292929293,1.41683020672004,0.259980767639112,"Difference_SnowFree"
-4.73737373737374,1.41683020672004,0.259980767639112,"Difference_SnowFree"
-4.54545454545455,1.41683020672004,0.259980767639112,"Difference_SnowFree"
-4.35353535353535,1.41683020672004,0.259980767639112,"Difference_SnowFree"
-4.16161616161616,1.41683020672004,0.259980767639112,"Difference_SnowFree"
-3.96969696969697,1.34935704679609,0.247599803548381,"Difference_SnowFree"
-3.77777777777778,1.34935704679609,0.247599803548381,"Difference_SnowFree"
-3.58585858585859,1.34935704679609,0.247599803548381,"Difference_SnowFree"
-3.39393939393939,1.34935704679609,0.247599803548381,"Difference_SnowFree"
-3.2020202020202,1.34935704679609,0.247599803548381,"Difference_SnowFree"
-3.01010101010101,1.34935704679609,0.247599803548381,"Difference_SnowFree"
-2.81818181818182,1.34935704679609,0.247599803548381,"Difference_SnowFree"
-2.62626262626263,1.34935704679609,0.247599803548381,"Difference_SnowFree"
-2.43434343434344,1.34935704679609,0.247599803548381,"Difference_SnowFree"
-2.24242424242424,1.34935704679609,0.247599803548381,"Difference_SnowFree"
-2.05050505050505,1.34935704679609,0.247599803548381,"Difference_SnowFree"
-1.85858585858586,1.34935704679609,0.247599803548381,"Difference_SnowFree"
-1.66666666666667,1.34935704679609,0.247599803548381,"Difference_SnowFree"
-1.47474747474747,1.29904047748458,0.238366982104761,"Difference_SnowFree"
-1.28282828282828,1.29904047748458,0.238366982104761,"Difference_SnowFree"
-1.09090909090909,1.29904047748458,0.238366982104761,"Difference_SnowFree"
-0.8989898989899,1.29904047748458,0.238366982104761,"Difference_SnowFree"
-0.707070707070708,1.29904047748458,0.238366982104761,"Difference_SnowFree"
-0.515151515151516,1.29904047748458,0.238366982104761,"Difference_SnowFree"
-0.323232323232324,1.29904047748458,0.238366982104761,"Difference_SnowFree"
-0.131313131313131,1.29904047748458,0.238366982104761,"Difference_SnowFree"
0.0606060606060606,1.29904047748458,0.238366982104761,"Difference_SnowFree"
0.252525252525253,1.29904047748458,0.238366982104761,"Difference_SnowFree"
0.444444444444445,1.29904047748458,0.238366982104761,"Difference_SnowFree"
0.636363636363635,1.29904047748458,0.238366982104761,"Difference_SnowFree"
0.828282828282827,1.29904047748458,0.238366982104761,"Difference_SnowFree"
1.02020202020202,1.26563551526187,0.232237350141505,"Difference_SnowFree"
1.21212121212121,1.26563551526187,0.232237350141505,"Difference_SnowFree"
1.4040404040404,1.26563551526187,0.232237350141505,"Difference_SnowFree"
1.5959595959596,1.26563551526187,0.232237350141505,"Difference_SnowFree"
1.78787878787879,1.26563551526187,0.232237350141505,"Difference_SnowFree"
1.97979797979798,1.26563551526187,0.232237350141505,"Difference_SnowFree"
2.17171717171717,1.26563551526187,0.232237350141505,"Difference_SnowFree"
2.36363636363636,1.26563551526187,0.232237350141505,"Difference_SnowFree"
2.55555555555556,1.26563551526187,0.232237350141505,"Difference_SnowFree"
2.74747474747475,1.26563551526187,0.232237350141505,"Difference_SnowFree"
2.93939393939394,1.26563551526187,0.232237350141505,"Difference_SnowFree"
3.13131313131313,1.26563551526187,0.232237350141505,"Difference_SnowFree"
3.32323232323232,1.26563551526187,0.232237350141505,"Difference_SnowFree"
3.51515151515151,1.26563551526187,0.232237350141505,"Difference_SnowFree"
3.70707070707071,1.26563551526187,0.232237350141505,"Difference_SnowFree"
3.8989898989899,1.26563551526187,0.232237350141505,"Difference_SnowFree"
4.09090909090909,1.26563551526187,0.232237350141505,"Difference_SnowFree"
4.28282828282828,1.26563551526187,0.232237350141505,"Difference_SnowFree"
4.47474747474747,1.26563551526187,0.232237350141505,"Difference_SnowFree"
4.66666666666667,1.26563551526187,0.232237350141505,"Difference_SnowFree"
4.85858585858586,1.26563551526187,0.232237350141505,"Difference_SnowFree"
5.05050505050505,1.26563551526187,0.232237350141505,"Difference_SnowFree"
5.24242424242424,1.26563551526187,0.232237350141505,"Difference_SnowFree"
5.43434343434343,1.26563551526187,0.232237350141505,"Difference_SnowFree"
5.62626262626262,1.26563551526187,0.232237350141505,"Difference_SnowFree"
5.81818181818182,1.26563551526187,0.232237350141505,"Difference_SnowFree"
6.01010101010101,1.26563551526187,0.232237350141505,"Difference_SnowFree"
6.2020202020202,1.26563551526187,0.232237350141505,"Difference_SnowFree"
6.39393939393939,1.26563551526187,0.232237350141505,"Difference_SnowFree"
6.58585858585858,1.26563551526187,0.232237350141505,"Difference_SnowFree"
6.77777777777778,1.26563551526187,0.232237350141505,"Difference_SnowFree"
6.96969696969697,1.26563551526187,0.232237350141505,"Difference_SnowFree"
7.16161616161616,1.23352740494464,0.226345683569095,"Difference_SnowFree"
7.35353535353535,1.23352740494464,0.226345683569095,"Difference_SnowFree"
7.54545454545454,1.23352740494464,0.226345683569095,"Difference_SnowFree"
7.73737373737374,1.23352740494464,0.226345683569095,"Difference_SnowFree"
7.92929292929293,1.23352740494464,0.226345683569095,"Difference_SnowFree"
8.12121212121212,1.23352740494464,0.226345683569095,"Difference_SnowFree"
8.31313131313131,1.23352740494464,0.226345683569095,"Difference_SnowFree"
8.50505050505051,1.23352740494464,0.226345683569095,"Difference_SnowFree"
8.6969696969697,1.23352740494464,0.226345683569095,"Difference_SnowFree"
8.88888888888889,1.23352740494464,0.226345683569095,"Difference_SnowFree"
9.08080808080808,1.23352740494464,0.226345683569095,"Difference_SnowFree"
9.27272727272727,1.23352740494464,0.226345683569095,"Difference_SnowFree"
9.46464646464646,1.23352740494464,0.226345683569095,"Difference_SnowFree"
9.65656565656565,1.23352740494464,0.226345683569095,"Difference_SnowFree"
9.84848484848485,1.23352740494464,0.226345683569095,"Difference_SnowFree"
10.040404040404,1.23352740494464,0.226345683569095,"Difference_SnowFree"
10.2323232323232,1.23352740494464,0.226345683569095,"Difference_SnowFree"
10.4242424242424,1.23352740494464,0.226345683569095,"Difference_SnowFree"
10.6161616161616,1.23352740494464,0.226345683569095,"Difference_SnowFree"
10.8080808080808,1.23352740494464,0.226345683569095,"Difference_SnowFree"
11,1.23352740494464,0.226345683569095,"Difference_SnowFree"
