2.63398546678708
3.0417348637591
1.8713820069588
2.659378330973
1.55617037414324
2.73924771654698
1.22231987726703
1.59502419843126
0.746612511781429
1.76378760037064
0.266826322086624
-0.00634342041409158
1.22478350510128
1.41931935651067
0.97893389169481
0.897450188810337
0.746612511781429
1.87076424447925
1.15813097327699
0.360590325344552
0.639598035703617
0.500037496599359
0.506388280295674
1.21343366694459
0.131166908351399
0.829872024970046
0.804366414394274
0.515722433538273
2.34890961919713
1.98761441082697
2.20288117560161
1.72918394958896
1.76378760037064
0.746612511781429
2.56517027415345
1.88862147946356
1.65239003175717
1.97305545371618
1.28950599484277
2.68145728032119
0.961589717768777
0.531356146146179
2.46859767909615
1.2255900485123
1.24945712148253
2.05346703413412
2.16630195559021
1.23816313099828
2.07426538043795
0.937855846588825
2.27059790746347
1.62379259237005
1.68836518204792
1.66314114521083
1.41809235601676
1.53302642193441
1.17757540514688
0.984090217926031
0.876844117510305
2.19568309607606
1.81183361968568
0.144932773605239
-0.256267959256157
0.144932773605239
-0.256267959256157
1.80893185762016
1.70197346976065
2.16339740130966
1.31339626100513
0.984804598355414
1.81806771577037
1.36929601019395
1.44557928264288
1.96066440761164
1.1959473713941
1.70042426472983
0.807485403927911
1.70650396816426
1.70004749095142
1.68261697889445
1.37708208424894
0.835693970090381
0.814592701508821
0.354567915245287
0.652546985682236
1.64138576004228
1.47782822427505
3.05498584426647
0.594480494257886
1.22060134318456
2.75398652747054
1.15519271837144
0.497572929182876
0.303135984247138
1.2606053784821
1.89404566747976
1.10794935075415
-0.0160981300004588
1.55200486046657
1.67282839348114
1.68792254168443
1.50480209748747
1.47205986806344
1.94817921333828
2.02762321077496
1.7346676317511
1.7662278847635
1.77639884598839
1.49052094722408
0.911426665493899
1.23303810361105
1.80893185762016
0.144932773605239
1.70197346976065
2.16339740130966
-0.256267959256157
1.31339626100513
0.984804598355414
1.81806771577037
-0.471041628981624
-0.484795687431676
0.968748332127821
0.746888031706373
0.82846820807405
1.20790355205461
1.21954561554624
0.592908032717805
0.504369801849213
1.57124530909317
1.10465406796563
0.560372047665108
0.773952460842424
1.32478282975719
0.807286191417865
2.06361367622857
0.0148029197381244
0.805644470090661
-0.190863005054215
0.451421177834389
1.60321020394107
1.23429585795821
0.360590325344552
1.15813097327699
1.87958872835728
1.51123613226728
2.14179872052932
1.9957702769338
