"R2","CVR2"
0.76186014485097,0.785069519546591
0.742167952145261,0.783364705215695
0.72976914974586,0.780752280632859
0.712189646461616,0.774200244945779
0.699100975894408,0.768941864711924
0.685885366938571,0.770569071682177
0.671726661464684,0.762446459223082
0.661548157161275,0.755785861644396
0.651246247719939,0.751339398304239
0.640841102555505,0.746279451938736
0.629570961713173,0.743872615530663
0.616509575000257,0.737150566753214
0.603726065337808,0.731459117153985
0.592789078281811,0.725662452593125
0.58893553241163,0.726597926234876
0.582242801466671,0.720319464417212
0.572133961642344,0.715175778189865
0.562455785439254,0.70787041687403
0.556247610737954,0.705169675986157
0.548792567321874,0.70487881218204
0.54431850169106,0.701581965921844
0.541310819842162,0.699009541434034
0.533276717908484,0.696362488415556
0.526108010987075,0.689010730802068
0.520371859477568,0.68197404997625
0.513475387211227,0.690408208686057
0.512746111326729,0.689419759131608
0.508785632384218,0.69316969280884
0.503679445597959,0.688165488302463
0.49495124701331,0.690788159442597
0.489009092336569,0.691063955830634
0.486302386945229,0.689613464926062
0.477231050638146,0.687690204194214
0.472388926766466,0.685434236845505
0.47011241826678,0.683794362335079
0.464138191507996,0.681536919153219
0.460889692531219,0.681146624203637
0.45742482778404,0.680740529998025
0.453790666374822,0.677107221439118
0.449338131527441,0.677300427580994
0.444719873797514,0.673835968086607
0.440469990217863,0.671623935534278
0.439056243160184,0.669904544552211
0.432753288945573,0.670026796635348
0.424226527235105,0.668244678946232
0.421145260570801,0.661953126157275
0.418740211338966,0.654921386868094
0.415406819086173,0.652240780189461
0.412717472489434,0.651411618563956
0.409933237301098,0.647230892836427
0.407279071013848,0.64597487328168
0.403963680228101,0.642930413893472
0.400684367308132,0.639436343441764
0.396371481569475,0.64045627967941
0.391622183836994,0.64801923980811
0.38786689123731,0.646459544713983
0.382130770311827,0.643895069709858
0.380299784876201,0.647788950286799
0.378571416922572,0.650135577082426
0.374808791065483,0.646896137537207
0.372047178058703,0.645052183598317
0.370315263145295,0.644268745978372
0.368983042013937,0.644725214194417
0.366021445867018,0.644980972383985
0.364127233575397,0.650677555514098
0.360446457501649,0.644852707739691
0.357356193083711,0.643401609976733
0.356168033255281,0.646094076146745
0.352564197400988,0.640787455818176
0.350174192092453,0.639329467629959
0.349381925081997,0.637752132789448
0.347606576580971,0.633438745529148
0.345951027369976,0.625479988030303
0.344550492871477,0.622488513364856
0.343992129207594,0.619409719772606
0.341465034911747,0.620789730069292
0.341349685427727,0.621700398462647
0.340435210130345,0.624648381629909
0.338064041385729,0.62183159093693
0.336940762194707,0.623036678238925
0.336995445790306,0.619477415757623
0.335507654558669,0.619095098793719
0.332753721962808,0.615843893995561
0.329882610611133,0.614406023225616
0.328286513147631,0.616743989618311
0.324892196534768,0.613494533882313
0.322758318432402,0.61260217519477
0.320400752770991,0.612813984893145
0.318507615906678,0.604852062692838
0.316973693132259,0.600984896521496
0.315521697606861,0.605088438345522
0.314786449342256,0.604726354572996
0.313749769467291,0.60555888442701
0.313236562830628,0.60711541302073
0.312185645684068,0.60489653765939
0.310982429262691,0.604660165897161
0.309676056729976,0.606277398569651
0.30878224372832,0.606771356838499
0.308260983227301,0.608036733276019
0.306808777140879,0.607886203601378
0.30616978898646,0.607637526302815
0.304006557212386,0.60553182799689
0.301944075930607,0.602962536907989
0.300941610217051,0.598098901752855
0.299737512102155,0.594420774406998
0.298910471695034,0.598995138896958
0.295992107786625,0.599878601165183
0.294082467955566,0.599817318429485
0.292740627979408,0.599316157019299
0.291517316353607,0.598650976468579
0.290756844492244,0.599118149596848
0.290962127275156,0.602756684597948
0.28983021042783,0.59931123362755
0.287979115517099,0.60474443541916
0.285897970534168,0.601888560639052
0.284826306100968,0.60220281135057
0.282695044795927,0.602093415310283
0.281749010448869,0.6047753321762
0.280513820260339,0.602442370292809
0.28024155545983,0.597657331600001
0.278287069478389,0.596824743383541
0.27583896711483,0.592848608854471
0.275112644021981,0.588779150337726
0.273983652986524,0.585371919852283
0.274001677125157,0.587574465164291
0.271869075876541,0.58828411546716
0.270340572669307,0.585031488295379
0.270058672045928,0.585161632410416
0.269072370606368,0.590727562730255
0.267057308251108,0.589619588800321
0.266357159910893,0.590890985700841
0.263026075434971,0.591410270575686
0.261486877308555,0.589134205726829
0.259989950563558,0.587136803129507
0.258132891771564,0.58838778138422
0.257510759047416,0.584358906778968
0.257314446465921,0.581495815821714
0.257729559971289,0.583440592669575
0.256606614648017,0.582222675503616
0.255215256401893,0.581446626479409
0.255116470333884,0.581623945703973
0.253387687112387,0.579024241203581
0.252709526775075,0.57953525226706
0.250687757192801,0.58101941777646
0.249979565532267,0.577587245705104
0.249549130587972,0.576868905284243
0.248718481527936,0.577202210646119
0.248400164156238,0.574586778700689
0.24892692739537,0.573602263507885
0.248598184615717,0.570166748844269
0.245569172339372,0.575981973992913
0.244858802618998,0.578668553425147
0.244384797396635,0.575000749879782
0.243071620575359,0.5770070116671
0.242900377995882,0.576657497460908
0.241698191441909,0.580145792542746
0.24074722241755,0.580572629983637
0.240666732616089,0.5780432150666
0.239199527428909,0.575733434320201
0.238544166957214,0.575636847111579
0.237374271026101,0.575930148241468
0.237300006614505,0.574295491540536
0.237264902885844,0.574278326534276
0.236923215836558,0.575961017104443
0.234962027993061,0.572370323385595
0.234280066921572,0.57226226097365
0.234096140694865,0.570983330678446
0.233310048971497,0.573082309270684
0.232770507377246,0.576455207312111
0.232684555635551,0.578530720208191
0.232031674184905,0.581347998719437
0.231882572974371,0.580184866278841
0.230622088426821,0.578839097504117
0.229987876251278,0.579649518229451
0.229370567293928,0.577482055199828
0.228967872759221,0.57586327085447
0.22878323346807,0.574392157397578
0.228583243737887,0.575108371697965
0.226474537609962,0.576854746616502
0.225888173134457,0.574414036702978
0.225218005348433,0.573587451134731
0.223720822533561,0.5735654812688
0.223700980777957,0.572577498374021
0.223396700505021,0.57056944677876
0.222908037032711,0.568813410441403
0.222899509863674,0.568194700476187
0.222184106675565,0.56529664591567
0.22122898827498,0.564288849864597
0.219239606640728,0.563438756414929
0.218011498845824,0.562618836007111
0.218062571806234,0.563565476511265
0.217912541170632,0.563196652133158
0.217829539137876,0.56452222079255
0.217410871770728,0.566567496172497
0.216666396781581,0.56531913935118
0.215858619783934,0.562202347319742
0.215992247210454,0.559735100071486
0.215959458637338,0.561188907610584
0.215393590985985,0.560835424890904
0.215372789244527,0.561030982461024
0.214098032764328,0.560372716417512
0.213551264552608,0.560054536103709
0.212622121662816,0.562192879872022
0.211769276092992,0.562040231681431
0.210310481295881,0.558659902619072
0.209695015502184,0.555592533255539
0.208639526348236,0.554935997104839
0.208203305735498,0.552503510873247
0.207529664273695,0.553086940677904
0.207264360797123,0.552447870580428
0.206571408330923,0.553512188128147
0.205479532455855,0.551815545682327
0.204445073458971,0.551763414473346
0.204672652257821,0.554017614115728
0.204178470975989,0.555106898575804
0.204207494994832,0.551724318767097
0.20417807846485,0.550959061046229
0.203474212414353,0.553486319434257
0.203255385847169,0.555409501486787
0.202788251889035,0.555904595552663
0.202284870327176,0.555915322129329
0.201709245124513,0.556181440614517
0.201514215602596,0.556317515841937
0.201191206198062,0.55862343915448
0.201287098166237,0.557021808804041
0.200420782152734,0.552653767292398
0.200034711116095,0.552610548257689
0.198643005350738,0.554306884917101
0.19768851832282,0.553127885532001
0.196792974950909,0.556246612208195
0.196215608951207,0.557240614208624
0.196423872612179,0.554418707103749
0.195094099562371,0.552878960010554
0.193978499751175,0.55187324000821
0.193705613657041,0.553807953026142
0.19339931261359,0.554105994929801
0.193588331987245,0.555583787082512
0.193462871761788,0.552831811006717
0.193550968287785,0.552286401157883
0.193592138062976,0.553073898587305
0.192608636787552,0.550201929616609
0.192001132814084,0.548243857417711
0.191361789307871,0.54578525242326
0.191648334937426,0.544728186883842
0.19155037733271,0.543732348500258
0.190963341252113,0.546664979508845
0.190565970830671,0.543502168026119
0.190229640131547,0.540960767688033
0.189801842259288,0.541527708527243
0.189397668347607,0.541973016607766
0.189335869364249,0.540113303734782
0.188973223415134,0.542007777929515
0.18801628518393,0.538668194752623
0.188470054837039,0.5381738481201
0.188278186966539,0.539794773483469
0.188205045920275,0.543281249178797
0.187265497590949,0.542616416742272
0.186998271597912,0.545408181449383
0.186512187084222,0.546737662596093
0.18591043134719,0.546580542876893
0.185187484655285,0.546506614574737
0.185026722376912,0.546911090754766
0.185258566542583,0.543322984714525
0.184533764430923,0.54125176422773
0.184395292280585,0.54268496414123
0.184356470055357,0.541938627748942
0.184440463129195,0.541235888957158
0.183977915463447,0.540635410841208
0.183433526915794,0.540364291421106
0.183045011900419,0.543322949566479
0.18273371013256,0.543359597047068
0.182067202167587,0.540112509888735
0.181506375369224,0.54233607350251
0.181848611749035,0.54295541460106
0.182215956136577,0.540944831354745
0.181776510641025,0.53838924308526
0.18157649884861,0.537630881195172
0.181516607044781,0.536454846637411
0.181390983392258,0.537810100193451
0.181193834588323,0.537137407821507
0.181088573746314,0.533627185134941
0.181141466257824,0.535831866820354
0.180753512252549,0.533664940310444
0.17963802369068,0.534711500742951
0.17953221220723,0.533193390260497
0.179020761015064,0.53383782113795
0.179008406364137,0.532044786399373
0.178894594735145,0.531243056597297
0.178652459032662,0.531947233151996
0.178567303645603,0.529536729609243
0.178394374395774,0.530648310153424
0.17792514864912,0.532045834317654
0.177648824384918,0.532732278606774
0.177179841150481,0.531967244745327
0.176604292978614,0.529035199285354
0.176497848397903,0.529763023167398
0.176389192985414,0.528703559114791
0.175919998195349,0.528254850008083
0.175739635109932,0.527716335042577
0.175500427869316,0.529458235783016
0.175309697045821,0.52862529898181
0.175204022798622,0.531939054149871
0.174789949603479,0.528504594994314
0.17459549052601,0.528096607167566
0.17424762495791,0.527069020451496
0.173974954376852,0.525412283285019
0.174237532839869,0.525559886537266
0.173603950398536,0.522600399215242
0.173438912085431,0.523516182372188
0.172561685768332,0.520940300775613
0.172200753919866,0.522167259290834
0.172114948148587,0.523460060016414
0.171987038458896,0.520480924485644
0.171742563710384,0.5214100158778
0.171749692924379,0.521211000290791
0.170635901157002,0.519560121858556
0.170189694792761,0.518183550166889
0.169797611090976,0.516024471470895
0.169591943534858,0.516967853898569
0.169787353850073,0.518255057526467
0.169551134841675,0.51892662575791
0.1693520349448,0.519353425196867
0.169383695735941,0.517066401304776
0.169301470912599,0.516914398806713
0.16928024885336,0.517100729838979
0.169349267170176,0.515998792192812
0.168597656732183,0.514645215318064
0.16862291801063,0.514796702976139
0.168447845354233,0.514025809314937
0.168384168877411,0.514376657956664
0.168229394039535,0.514363486090817
0.168012207119742,0.51577500842981
0.167898669431691,0.520622205404601
0.167749600946985,0.521192678190921
0.167590343147388,0.522101511470472
0.167526159879148,0.522632219521723
0.166857876320779,0.527019598222779
0.166789484599916,0.526887623741537
0.165991507630963,0.529059527436149
0.165730223124479,0.527744735275697
0.165820081170944,0.52452705743078
0.165866777950039,0.520907758139746
0.165202064406706,0.519512972238608
0.165637801265923,0.519840645530444
0.165368485198836,0.519622968195427
0.165286717695821,0.516362392609056
0.164627707508689,0.520483934373289
0.164625565136333,0.517696959813602
0.163956062260892,0.518207636339379
0.163291544856122,0.518548095801126
0.163205242508296,0.521776545803466
0.163047179386049,0.521958991836527
0.16297774797683,0.52346842429102
0.163141243431151,0.524824492256831
0.163123015023765,0.526508688813744
0.161520590572185,0.524136635984611
0.161356189239258,0.524697378515948
0.160983333124551,0.522250526477451
0.160755961910367,0.522274676081864
0.160848174608395,0.522098050477879
0.161164324249478,0.521268446081359
0.160844895515344,0.520737778415646
0.15981953129496,0.519350705096232
0.159939591585494,0.519864982746198
0.159549598817159,0.519334220376701
0.159281376550062,0.521861978070731
0.159278619895594,0.519123683529689
0.158890207381484,0.518925471502791
0.158870952891491,0.519298857154575
0.158290731180588,0.519826602790521
0.15834502978368,0.519317010235745
0.15836096576377,0.519027882375933
0.158367791010357,0.520896146829492
0.158532137339472,0.519581128695411
0.158000416884584,0.517905673858507
0.158078678192565,0.522100633196491
0.156780577683119,0.523764052482137
0.15543091343756,0.521719906092724
0.155360299974779,0.52029427743924
0.155114134133552,0.521547878413166
0.154949359437133,0.520519952562583
0.154813399337163,0.522170782399036
0.154530977845816,0.521911537191296
0.154442133366829,0.524464184328511
0.154085360228509,0.524718297164778
0.153975958238057,0.525836772631276
0.153755977769128,0.525856400348805
0.153732917462527,0.526867276619102
0.153400243498685,0.524943604157314
0.153293296133431,0.525005483838865
0.152474215965458,0.523440529947109
0.152522561617553,0.524803295625544
0.152134167755753,0.524051851290327
0.152335968239584,0.524395266257903
0.151835806272315,0.524251013543474
0.151355341367236,0.52427075561183
0.15138416800078,0.523331223594396
0.151302627642094,0.522848468028858
0.15091516880279,0.522092702367756
0.15041767562781,0.523633984214905
0.150456515108825,0.523055043762504
0.150571538330454,0.523215873590631
0.15098395991136,0.522513934254629
0.151007346987469,0.522536263969176
0.150515893176359,0.52121260685199
0.150409514190893,0.522218888691631
0.150597911941862,0.52106824547032
0.150371672312933,0.520414853135612
0.150416537525662,0.521230839572498
0.150472776200987,0.520183456185294
0.150664164960937,0.519017271685852
0.150360536076328,0.519365633857154
0.150549653631273,0.51944776258372
0.150222331221489,0.521866593873003
0.149947076844176,0.521445306395571
