2.72246378208054
3.08844690197214
2.07931972918156
2.37292360905969
1.36909293925065
2.63466282068288
1.85935503647016
1.81568175700224
0.691861701836518
1.46381032368095
0.206203818898272
0.141811291040901
0.813567847639152
1.07058689452237
0.993441140672714
1.23561351884505
1.32381463547231
1.89119610375299
0.942685078071547
0.627430516469542
0.638716964812985
0.61036024665022
0.680398737170287
0.974139984936
0.609398729668336
0.623836064590486
1.0325967956533
0.691627156500374
2.19679276800943
1.7574212669407
2.14471949208297
1.98124432713018
1.62744407566242
1.08776252613125
2.1785804307221
1.93941191352943
1.75753015699544
2.11227759830705
1.39447665159378
2.29677491393332
1.13967064739981
0.976635039629724
1.87970427521118
0.847819480957597
1.23467487370117
2.10927896644835
2.13785174171016
1.46314161689862
1.77643703305785
0.745597653345155
1.230512681823
1.42293152280879
1.62210436517116
2.21114512742385
1.62414283456552
1.75072930027991
1.47827786382713
1.03208866433339
0.988932246878683
2.08550023467146
1.7098778758978
-0.504049291910518
-0.392668706917998
0.647355668064783
0.0281263107018411
2.11277250991257
1.68280447465025
2.06820043412342
1.27963033663931
1.17093486316465
1.83284159217482
1.19851128070734
1.29892443715597
1.72623055301056
1.03716208606718
1.49996198632942
0.973635886962352
2.0507912280112
1.93972220769805
1.57839546574087
1.57762922980093
0.83996430614452
0.942946492700948
0.0546667116370818
0.695204927661778
1.77193110171111
1.77625751165051
2.62581001898637
1.04422373168075
1.31351987776161
2.45392481699157
1.34223836677805
0.54073070569846
0.622205519425694
0.813468105914596
1.36484331563897
1.29516839378296
0.461650856798464
1.27575610621838
1.98584714818477
1.76871378568526
1.73644510702497
1.56534941059194
2.0414733101962
2.01853597280052
1.70841476878995
2.16085325829655
1.8348310789552
1.47656014594556
0.996662461544294
0.973829542041127
1.48571038111988
0.672709259918521
1.45113873627117
1.54864080392936
0.0461592499277067
1.33895539256711
1.29868352430636
1.2809805216888
-0.390954989704202
-0.192022077056162
0.921513110447515
0.690025105484957
0.898828426875521
0.978016537406622
1.03416913211445
0.46070155915587
0.566354276175856
1.24092478488476
0.648320836796413
0.497637214724793
0.673265902715614
0.864750732532691
1.04820951805375
1.78456711450554
-0.293684452945882
0.565030229521757
-0.221748820649993
0.40513503614204
1.68129191471262
1.38683096091345
-0.0844120900781399
1.17023376644963
1.99007044356925
1.35837581311326
1.90587126312534
1.57824811560856
