2.40382713782527
2.98096892523393
1.97291776464217
2.42903857599369
1.58590095338701
2.5144802577611
1.86081345425727
1.66725785145274
0.851365440400216
1.22408701496678
0.283294820355481
0.283333715171381
0.861428533939824
0.993789590235685
0.930014866388309
1.13910554145696
1.20154011307304
1.73765386129225
1.02128328866469
0.797816453457288
0.676718422096804
0.720506283586361
0.712304573781415
0.866921085940177
0.52598209022286
0.71486225901432
1.16995333784322
0.837158053286254
2.08449309833029
1.7693236621145
2.04828616339663
1.87899190084683
1.5467095744472
1.19056383006577
1.98067164572135
1.84740473055642
1.71604846237295
2.00442358711524
1.25955795236285
1.94222556601396
1.29555816748231
1.17546224816836
1.66762808590215
0.850813523515204
1.20128264021583
2.18610985119959
2.15522110745762
1.40986067823433
1.65775462538463
1.05329902635595
1.24419883010626
1.42859286907511
1.51737346261383
1.88360738306776
1.59444329658882
1.74172799254608
1.69488196004313
0.871893565545171
0.936164582008702
1.83008806687445
1.60427187118678
-0.127629854763295
-0.236710186731572
0.66547542048285
0.189571698500898
1.88175529206012
1.68101028875855
1.9819818856651
1.24401776798906
1.17763835053276
1.49133307878762
1.15138783196535
1.26787947808326
1.80571134856627
1.06974023039778
1.46631922662231
1.0219572020343
1.9743156992637
1.76594678754405
1.41568955970141
1.48348511540812
0.858247098424203
0.949141698886732
0.104270231508805
0.612912537373402
1.81320082244511
1.80688564999033
2.37570870925072
1.26751929980606
1.38027082373917
2.23955923122645
1.53200351444763
0.744390984190493
0.896557765062948
0.987031129484275
1.25957767638312
1.27220726914839
0.537613832186974
1.18357383565635
1.79392068555205
1.74970424832967
1.61064147549473
1.60680197221273
1.91768899616863
1.94380319731146
1.79098288669876
2.00573827999648
1.86668174650232
1.52465222560377
1.10694409573278
1.18162932099899
1.52477973251787
0.804179796799418
1.51314615175026
1.64456461423335
0.238234922152478
1.43367233266628
1.40033982312716
1.2213742688093
-0.0737451866877121
0.00170244857989393
0.717285351477225
0.660441911826878
0.907180572890987
0.997771196595897
1.03587371711324
0.506758242304911
0.519641776470926
1.24125731850844
0.594118932835673
0.609129016154064
0.572689818142582
0.680767880618682
1.07429721273268
1.68324386479362
-0.119047854009659
0.455783873085057
0.0142994250023454
0.446299262574521
1.56189894746573
1.24677770856334
0.294516451857314
1.21931070935256
1.92324810134774
1.58329986165671
1.95231084275343
1.65181573383353
