"Value","Chl_a","Chl_a_modified","Var"
17.6,0.940074122765873,0.177647455834903,"Max_SWE"
17.7191919191919,0.940074122765873,0.177647455834903,"Max_SWE"
17.8383838383838,0.940074122765873,0.177647455834903,"Max_SWE"
17.9575757575758,0.940074122765873,0.177647455834903,"Max_SWE"
18.0767676767677,0.940074122765873,0.177647455834903,"Max_SWE"
18.1959595959596,0.940074122765873,0.177647455834903,"Max_SWE"
18.3151515151515,0.940074122765873,0.177647455834903,"Max_SWE"
18.4343434343434,0.940074122765873,0.177647455834903,"Max_SWE"
18.5535353535354,0.940074122765873,0.177647455834903,"Max_SWE"
18.6727272727273,0.940074122765873,0.177647455834903,"Max_SWE"
18.7919191919192,0.910232351202162,0.172008203921126,"Max_SWE"
18.9111111111111,0.910232351202162,0.172008203921126,"Max_SWE"
19.030303030303,0.910232351202162,0.172008203921126,"Max_SWE"
19.149494949495,0.910232351202162,0.172008203921126,"Max_SWE"
19.2686868686869,0.910232351202162,0.172008203921126,"Max_SWE"
19.3878787878788,0.910232351202162,0.172008203921126,"Max_SWE"
19.5070707070707,0.91323550774136,0.172575715679765,"Max_SWE"
19.6262626262626,0.91323550774136,0.172575715679765,"Max_SWE"
19.7454545454545,0.91323550774136,0.172575715679765,"Max_SWE"
19.8646464646465,0.91323550774136,0.172575715679765,"Max_SWE"
19.9838383838384,0.91323550774136,0.172575715679765,"Max_SWE"
20.1030303030303,0.91323550774136,0.172575715679765,"Max_SWE"
20.2222222222222,0.91323550774136,0.172575715679765,"Max_SWE"
20.3414141414141,0.91323550774136,0.172575715679765,"Max_SWE"
20.4606060606061,0.91323550774136,0.172575715679765,"Max_SWE"
20.579797979798,0.91323550774136,0.172575715679765,"Max_SWE"
20.6989898989899,1.42202108343756,0.268721818310479,"Max_SWE"
20.8181818181818,1.4230410981302,0.268914572276016,"Max_SWE"
20.9373737373737,1.4230410981302,0.268914572276016,"Max_SWE"
21.0565656565657,1.4230410981302,0.268914572276016,"Max_SWE"
21.1757575757576,1.4230410981302,0.268914572276016,"Max_SWE"
21.2949494949495,1.4230410981302,0.268914572276016,"Max_SWE"
21.4141414141414,1.4230410981302,0.268914572276016,"Max_SWE"
21.5333333333333,1.4230410981302,0.268914572276016,"Max_SWE"
21.6525252525253,1.4230410981302,0.268914572276016,"Max_SWE"
21.7717171717172,1.4312947536947,0.270474280044652,"Max_SWE"
21.8909090909091,1.4312947536947,0.270474280044652,"Max_SWE"
22.010101010101,1.4312947536947,0.270474280044652,"Max_SWE"
22.1292929292929,1.4312947536947,0.270474280044652,"Max_SWE"
22.2484848484848,1.4312947536947,0.270474280044652,"Max_SWE"
22.3676767676768,1.4312947536947,0.270474280044652,"Max_SWE"
22.4868686868687,1.4312947536947,0.270474280044652,"Max_SWE"
22.6060606060606,1.4312947536947,0.270474280044652,"Max_SWE"
22.7252525252525,1.4312947536947,0.270474280044652,"Max_SWE"
22.8444444444444,1.4312947536947,0.270474280044652,"Max_SWE"
22.9636363636364,1.4312947536947,0.270474280044652,"Max_SWE"
23.0828282828283,1.4312947536947,0.270474280044652,"Max_SWE"
23.2020202020202,1.4312947536947,0.270474280044652,"Max_SWE"
23.3212121212121,1.4312947536947,0.270474280044652,"Max_SWE"
23.440404040404,1.4312947536947,0.270474280044652,"Max_SWE"
23.559595959596,1.4312947536947,0.270474280044652,"Max_SWE"
23.6787878787879,1.4312947536947,0.270474280044652,"Max_SWE"
23.7979797979798,1.4312947536947,0.270474280044652,"Max_SWE"
23.9171717171717,1.4312947536947,0.270474280044652,"Max_SWE"
24.0363636363636,1.4312947536947,0.270474280044652,"Max_SWE"
24.1555555555556,1.4312947536947,0.270474280044652,"Max_SWE"
24.2747474747475,1.4312947536947,0.270474280044652,"Max_SWE"
24.3939393939394,1.4312947536947,0.270474280044652,"Max_SWE"
24.5131313131313,1.4312947536947,0.270474280044652,"Max_SWE"
24.6323232323232,1.4312947536947,0.270474280044652,"Max_SWE"
24.7515151515152,1.4312947536947,0.270474280044652,"Max_SWE"
24.8707070707071,1.4312947536947,0.270474280044652,"Max_SWE"
24.989898989899,1.4312947536947,0.270474280044652,"Max_SWE"
25.1090909090909,-1.1854338801051,-0.224013519531391,"Max_SWE"
25.2282828282828,-1.1854338801051,-0.224013519531391,"Max_SWE"
25.3474747474747,-1.1854338801051,-0.224013519531391,"Max_SWE"
25.4666666666667,-1.1854338801051,-0.224013519531391,"Max_SWE"
25.5858585858586,-1.1854338801051,-0.224013519531391,"Max_SWE"
25.7050505050505,-1.1854338801051,-0.224013519531391,"Max_SWE"
25.8242424242424,-1.1854338801051,-0.224013519531391,"Max_SWE"
25.9434343434343,-1.1854338801051,-0.224013519531391,"Max_SWE"
26.0626262626263,-1.1854338801051,-0.224013519531391,"Max_SWE"
26.1818181818182,-1.1854338801051,-0.224013519531391,"Max_SWE"
26.3010101010101,-1.1854338801051,-0.224013519531391,"Max_SWE"
26.420202020202,-1.1854338801051,-0.224013519531391,"Max_SWE"
26.5393939393939,-1.1854338801051,-0.224013519531391,"Max_SWE"
26.6585858585859,-1.1854338801051,-0.224013519531391,"Max_SWE"
26.7777777777778,-1.1854338801051,-0.224013519531391,"Max_SWE"
26.8969696969697,-1.1854338801051,-0.224013519531391,"Max_SWE"
27.0161616161616,-1.1854338801051,-0.224013519531391,"Max_SWE"
27.1353535353535,-1.1854338801051,-0.224013519531391,"Max_SWE"
27.2545454545455,-1.1854338801051,-0.224013519531391,"Max_SWE"
27.3737373737374,-1.1854338801051,-0.224013519531391,"Max_SWE"
27.4929292929293,-1.1854338801051,-0.224013519531391,"Max_SWE"
27.6121212121212,-1.1854338801051,-0.224013519531391,"Max_SWE"
27.7313131313131,-1.1854338801051,-0.224013519531391,"Max_SWE"
27.850505050505,-1.1854338801051,-0.224013519531391,"Max_SWE"
27.969696969697,-1.1854338801051,-0.224013519531391,"Max_SWE"
28.0888888888889,-1.1854338801051,-0.224013519531391,"Max_SWE"
28.2080808080808,-1.1854338801051,-0.224013519531391,"Max_SWE"
28.3272727272727,-1.1854338801051,-0.224013519531391,"Max_SWE"
28.4464646464646,-1.1854338801051,-0.224013519531391,"Max_SWE"
28.5656565656566,-1.1854338801051,-0.224013519531391,"Max_SWE"
28.6848484848485,-1.1854338801051,-0.224013519531391,"Max_SWE"
28.8040404040404,-1.1854338801051,-0.224013519531391,"Max_SWE"
28.9232323232323,-1.1854338801051,-0.224013519531391,"Max_SWE"
29.0424242424242,-1.1854338801051,-0.224013519531391,"Max_SWE"
29.1616161616162,-1.1854338801051,-0.224013519531391,"Max_SWE"
29.2808080808081,-1.1854338801051,-0.224013519531391,"Max_SWE"
29.4,-1.1854338801051,-0.224013519531391,"Max_SWE"
0.001,-0.466980486173701,-0.0882461215390404,"NO3_N"
0.00323232323232323,-0.466980486173701,-0.0882461215390404,"NO3_N"
0.00546464646464646,-0.466980486173701,-0.0882461215390404,"NO3_N"
0.0076969696969697,-0.466980486173701,-0.0882461215390404,"NO3_N"
0.00992929292929293,-0.466980486173701,-0.0882461215390404,"NO3_N"
0.0121616161616162,-0.466980486173701,-0.0882461215390404,"NO3_N"
0.0143939393939394,-0.466980486173701,-0.0882461215390404,"NO3_N"
0.0166262626262626,-0.466980486173701,-0.0882461215390404,"NO3_N"
0.0188585858585859,-0.466980486173701,-0.0882461215390404,"NO3_N"
0.0210909090909091,-0.466980486173701,-0.0882461215390404,"NO3_N"
0.0233232323232323,-0.466980486173701,-0.0882461215390404,"NO3_N"
0.0255555555555556,-0.466980486173701,-0.0882461215390404,"NO3_N"
0.0277878787878788,-0.461544717085575,-0.0872189147203158,"NO3_N"
0.030020202020202,-0.452562595093189,-0.0855215473730992,"NO3_N"
0.0322525252525253,-0.452562595093189,-0.0855215473730992,"NO3_N"
0.0344848484848485,-0.427321046008453,-0.0807516075697972,"NO3_N"
0.0367171717171717,0.0637025514917046,0.0120379828873469,"NO3_N"
0.0389494949494949,0.19363674342505,0.0365918750368402,"NO3_N"
0.0411818181818182,0.236921718010738,0.0447715126045695,"NO3_N"
0.0434141414141414,0.238738625120244,0.0451148567278419,"NO3_N"
0.0456464646464646,0.243907874251678,0.046091698802884,"NO3_N"
0.0478787878787879,0.242558549316113,0.0458367145031433,"NO3_N"
0.0501111111111111,0.242737487021722,0.0458705286752226,"NO3_N"
0.0523434343434343,0.412642863012531,0.0779778455840584,"NO3_N"
0.0545757575757576,0.477267741751383,0.0901901222690273,"NO3_N"
0.0568080808080808,0.50461486399866,0.0953579559259534,"NO3_N"
0.059040404040404,0.507914931577244,0.095981575484477,"NO3_N"
0.0612727272727273,0.515684819427488,0.0974498648196384,"NO3_N"
0.0635050505050505,0.515486886077071,0.0974124610072423,"NO3_N"
0.0657373737373737,0.522606817693257,0.0987579269728541,"NO3_N"
0.067969696969697,0.60349598411229,0.114043694627716,"NO3_N"
0.0702020202020202,0.614970364860877,0.116212028483423,"NO3_N"
0.0724343434343434,0.689935342568101,0.130378291806603,"NO3_N"
0.0746666666666667,0.733119044227473,0.138538791651817,"NO3_N"
0.0768989898989899,0.781079664575865,0.147601994200238,"NO3_N"
0.0791313131313131,0.803417721079314,0.151823255917833,"NO3_N"
0.0813636363636364,0.874279168026836,0.165214067835908,"NO3_N"
0.0835959595959596,1.06372056907126,0.201013141664603,"NO3_N"
0.0858282828282828,1.08147536458087,0.20436829651332,"NO3_N"
0.0880606060606061,1.09900385605265,0.20768068629108,"NO3_N"
0.0902929292929293,1.10119453381288,0.208094662509798,"NO3_N"
0.0925252525252525,1.11338191076707,0.21039773250905,"NO3_N"
0.0947575757575758,1.11413690434517,0.210540404969733,"NO3_N"
0.096989898989899,1.11571160868203,0.210837979610244,"NO3_N"
0.0992222222222222,1.11349819822488,0.210419707553915,"NO3_N"
0.101454545454545,1.11526602253709,0.210753776414893,"NO3_N"
0.103686868686869,1.11822452950092,0.211312850664961,"NO3_N"
0.105919191919192,1.11759841291609,0.211194532315741,"NO3_N"
0.108151515151515,1.11588582581794,0.210870901727987,"NO3_N"
0.110383838383838,1.11590797742493,0.210875087756013,"NO3_N"
0.112616161616162,1.11477389859086,0.210660778889607,"NO3_N"
0.114848484848485,1.11727759983186,0.211133907704519,"NO3_N"
0.117080808080808,1.12043946194966,0.21173141033471,"NO3_N"
0.119313131313131,1.12242441084681,0.212106509609333,"NO3_N"
0.121545454545455,1.12952210794224,0.213447773878559,"NO3_N"
0.123777777777778,1.12952210794224,0.213447773878559,"NO3_N"
0.126010101010101,1.11873021201988,0.211408410377518,"NO3_N"
0.128242424242424,1.11643455699711,0.210974596421369,"NO3_N"
0.130474747474747,1.11374891771513,0.21046708645574,"NO3_N"
0.132707070707071,1.09472228701635,0.206871590680573,"NO3_N"
0.134939393939394,1.0868801347218,0.205389645406622,"NO3_N"
0.137171717171717,1.08699387599407,0.205411139294341,"NO3_N"
0.13940404040404,1.08737026945372,0.205482267026592,"NO3_N"
0.141636363636364,1.08663790093394,0.205343870062861,"NO3_N"
0.143868686868687,1.07747086946402,0.203611560047351,"NO3_N"
0.14610101010101,1.04367663482274,0.197225404253328,"NO3_N"
0.148333333333333,1.00877766131711,0.190630484018439,"NO3_N"
0.150565656565657,0.552337174279648,0.104376124602949,"NO3_N"
0.15279797979798,0.546454750929381,0.103264512744892,"NO3_N"
0.155030303030303,0.541569582329016,0.102341353866073,"NO3_N"
0.157262626262626,0.541569582329016,0.102341353866073,"NO3_N"
0.159494949494949,0.540109722139267,0.102065481525475,"NO3_N"
0.161727272727273,0.540109722139267,0.102065481525475,"NO3_N"
0.163959595959596,0.540109722139267,0.102065481525475,"NO3_N"
0.166191919191919,0.540109722139267,0.102065481525475,"NO3_N"
0.168424242424242,0.540109722139267,0.102065481525475,"NO3_N"
0.170656565656566,0.540109722139267,0.102065481525475,"NO3_N"
0.172888888888889,0.540109722139267,0.102065481525475,"NO3_N"
0.175121212121212,0.540109722139267,0.102065481525475,"NO3_N"
0.177353535353535,0.540109722139267,0.102065481525475,"NO3_N"
0.179585858585859,0.540109722139267,0.102065481525475,"NO3_N"
0.181818181818182,0.540109722139267,0.102065481525475,"NO3_N"
0.184050505050505,0.540109722139267,0.102065481525475,"NO3_N"
0.186282828282828,0.540109722139267,0.102065481525475,"NO3_N"
0.188515151515152,0.540109722139267,0.102065481525475,"NO3_N"
0.190747474747475,0.540109722139267,0.102065481525475,"NO3_N"
0.192979797979798,0.540109722139267,0.102065481525475,"NO3_N"
0.195212121212121,0.540109722139267,0.102065481525475,"NO3_N"
0.197444444444444,0.540109722139267,0.102065481525475,"NO3_N"
0.199676767676768,0.540109722139267,0.102065481525475,"NO3_N"
0.201909090909091,0.540109722139267,0.102065481525475,"NO3_N"
0.204141414141414,0.540109722139267,0.102065481525475,"NO3_N"
0.206373737373737,0.540109722139267,0.102065481525475,"NO3_N"
0.208606060606061,0.540109722139267,0.102065481525475,"NO3_N"
0.210838383838384,0.540109722139267,0.102065481525475,"NO3_N"
0.213070707070707,0.540109722139267,0.102065481525475,"NO3_N"
0.21530303030303,0.540109722139267,0.102065481525475,"NO3_N"
0.217535353535354,0.540109722139267,0.102065481525475,"NO3_N"
0.219767676767677,0.540109722139267,0.102065481525475,"NO3_N"
0.222,0.540109722139267,0.102065481525475,"NO3_N"
33.2,-0.0473586792958707,-0.00894945269194248,"NtoP"
49.8858585858586,-0.0473586792958707,-0.00894945269194248,"NtoP"
66.5717171717172,-0.0473586792958707,-0.00894945269194248,"NtoP"
83.2575757575758,0.274783754872564,0.0519263681189849,"NtoP"
99.9434343434343,0.807817392775673,0.152654669595158,"NtoP"
116.629292929293,0.882829731303686,0.166829882775712,"NtoP"
133.315151515152,0.926662579213243,0.175113052926403,"NtoP"
150.00101010101,0.770123785038379,0.145531642427824,"NtoP"
166.686868686869,0.768407193489171,0.145207255111931,"NtoP"
183.372727272727,0.603783927239847,0.114098107745572,"NtoP"
200.058585858586,0.596577803990825,0.112736353995926,"NtoP"
216.744444444444,0.397858387799555,0.0751839973716304,"NtoP"
233.430303030303,0.431713958142772,0.0815817438808276,"NtoP"
250.116161616162,0.694655420121877,0.131270253140784,"NtoP"
266.80202020202,0.70411535307572,0.133057913263451,"NtoP"
283.487878787879,0.631971934907285,0.119424844995229,"NtoP"
300.173737373737,0.62998986047316,0.119050288912926,"NtoP"
316.859595959596,0.62886242149482,0.118837234791702,"NtoP"
333.545454545455,0.629117240259845,0.118885388340671,"NtoP"
350.231313131313,0.630948440770634,0.119231433513054,"NtoP"
366.917171717172,0.632403069963069,0.119506317342915,"NtoP"
383.60303030303,0.732100770774584,0.13834636673141,"NtoP"
400.288888888889,0.766413765738384,0.144830553573465,"NtoP"
416.974747474747,0.770921911093858,0.145682465708412,"NtoP"
433.660606060606,0.770311680705629,0.145567149401627,"NtoP"
450.346464646465,0.768877222163401,0.145296077254914,"NtoP"
467.032323232323,0.767386668110465,0.145014404641153,"NtoP"
483.718181818182,0.757239254402413,0.143096830074547,"NtoP"
500.40404040404,0.689836303538681,0.130359576227503,"NtoP"
517.089898989899,0.687791611023377,0.129973187096569,"NtoP"
533.775757575758,0.662596444304781,0.12521201225035,"NtoP"
550.461616161616,0.644719610759728,0.121833795660025,"NtoP"
567.147474747475,0.644719610759728,0.121833795660025,"NtoP"
583.833333333333,0.642806776204148,0.121472323959015,"NtoP"
600.519191919192,0.642806776204148,0.121472323959015,"NtoP"
617.205050505051,0.642806776204148,0.121472323959015,"NtoP"
633.890909090909,0.642806776204148,0.121472323959015,"NtoP"
650.576767676768,0.642806776204148,0.121472323959015,"NtoP"
667.262626262626,0.642806776204148,0.121472323959015,"NtoP"
683.948484848485,0.642806776204148,0.121472323959015,"NtoP"
700.634343434343,0.642806776204148,0.121472323959015,"NtoP"
717.320202020202,0.642806776204148,0.121472323959015,"NtoP"
734.006060606061,0.642806776204148,0.121472323959015,"NtoP"
750.691919191919,0.642806776204148,0.121472323959015,"NtoP"
767.377777777778,0.642806776204148,0.121472323959015,"NtoP"
784.063636363636,0.642806776204148,0.121472323959015,"NtoP"
800.749494949495,0.642806776204148,0.121472323959015,"NtoP"
817.435353535354,0.642806776204148,0.121472323959015,"NtoP"
834.121212121212,0.642806776204148,0.121472323959015,"NtoP"
850.807070707071,0.642806776204148,0.121472323959015,"NtoP"
867.492929292929,0.642806776204148,0.121472323959015,"NtoP"
884.178787878788,0.642806776204148,0.121472323959015,"NtoP"
900.864646464647,0.642806776204148,0.121472323959015,"NtoP"
917.550505050505,0.642806776204148,0.121472323959015,"NtoP"
934.236363636364,0.642806776204148,0.121472323959015,"NtoP"
950.922222222222,0.642806776204148,0.121472323959015,"NtoP"
967.608080808081,0.642806776204148,0.121472323959015,"NtoP"
984.293939393939,0.642806776204148,0.121472323959015,"NtoP"
1000.9797979798,0.642806776204148,0.121472323959015,"NtoP"
1017.66565656566,0.642806776204148,0.121472323959015,"NtoP"
1034.35151515152,0.642806776204148,0.121472323959015,"NtoP"
1051.03737373737,0.642806776204148,0.121472323959015,"NtoP"
1067.72323232323,0.642806776204148,0.121472323959015,"NtoP"
1084.40909090909,0.642806776204148,0.121472323959015,"NtoP"
1101.09494949495,0.642806776204148,0.121472323959015,"NtoP"
1117.78080808081,0.642806776204148,0.121472323959015,"NtoP"
1134.46666666667,0.642806776204148,0.121472323959015,"NtoP"
1151.15252525253,0.642806776204148,0.121472323959015,"NtoP"
1167.83838383838,0.642806776204148,0.121472323959015,"NtoP"
1184.52424242424,0.642806776204148,0.121472323959015,"NtoP"
1201.2101010101,0.642806776204148,0.121472323959015,"NtoP"
1217.89595959596,0.642806776204148,0.121472323959015,"NtoP"
1234.58181818182,0.642806776204148,0.121472323959015,"NtoP"
1251.26767676768,0.642806776204148,0.121472323959015,"NtoP"
1267.95353535354,0.642806776204148,0.121472323959015,"NtoP"
1284.63939393939,0.642806776204148,0.121472323959015,"NtoP"
1301.32525252525,0.642806776204148,0.121472323959015,"NtoP"
1318.01111111111,0.642806776204148,0.121472323959015,"NtoP"
1334.69696969697,0.642806776204148,0.121472323959015,"NtoP"
1351.38282828283,0.642806776204148,0.121472323959015,"NtoP"
1368.06868686869,0.642806776204148,0.121472323959015,"NtoP"
1384.75454545455,0.642806776204148,0.121472323959015,"NtoP"
1401.4404040404,0.642806776204148,0.121472323959015,"NtoP"
1418.12626262626,0.642806776204148,0.121472323959015,"NtoP"
1434.81212121212,0.642806776204148,0.121472323959015,"NtoP"
1451.49797979798,0.642806776204148,0.121472323959015,"NtoP"
1468.18383838384,0.642806776204148,0.121472323959015,"NtoP"
1484.8696969697,0.642806776204148,0.121472323959015,"NtoP"
1501.55555555556,0.642806776204148,0.121472323959015,"NtoP"
1518.24141414141,0.642806776204148,0.121472323959015,"NtoP"
1534.92727272727,0.642806776204148,0.121472323959015,"NtoP"
1551.61313131313,0.642806776204148,0.121472323959015,"NtoP"
1568.29898989899,0.642806776204148,0.121472323959015,"NtoP"
1584.98484848485,0.642806776204148,0.121472323959015,"NtoP"
1601.67070707071,0.642806776204148,0.121472323959015,"NtoP"
1618.35656565657,0.642806776204148,0.121472323959015,"NtoP"
1635.04242424242,0.642806776204148,0.121472323959015,"NtoP"
1651.72828282828,0.642806776204148,0.121472323959015,"NtoP"
1668.41414141414,0.642806776204148,0.121472323959015,"NtoP"
1685.1,0.642806776204148,0.121472323959015,"NtoP"
5.75,0.669470711735369,0.126511054623923,"TEMP"
5.82909090909091,0.669470711735369,0.126511054623923,"TEMP"
5.90818181818182,0.669470711735369,0.126511054623923,"TEMP"
5.98727272727273,0.669470711735369,0.126511054623923,"TEMP"
6.06636363636364,0.669470711735369,0.126511054623923,"TEMP"
6.14545454545455,0.669470711735369,0.126511054623923,"TEMP"
6.22454545454545,0.669470711735369,0.126511054623923,"TEMP"
6.30363636363636,0.669470711735369,0.126511054623923,"TEMP"
6.38272727272727,0.669470711735369,0.126511054623923,"TEMP"
6.46181818181818,0.669470711735369,0.126511054623923,"TEMP"
6.54090909090909,0.669470711735369,0.126511054623923,"TEMP"
6.62,0.669470711735369,0.126511054623923,"TEMP"
6.69909090909091,0.669470711735369,0.126511054623923,"TEMP"
6.77818181818182,0.669470711735369,0.126511054623923,"TEMP"
6.85727272727273,0.669470711735369,0.126511054623923,"TEMP"
6.93636363636364,0.669470711735369,0.126511054623923,"TEMP"
7.01545454545455,0.669470711735369,0.126511054623923,"TEMP"
7.09454545454545,0.669470711735369,0.126511054623923,"TEMP"
7.17363636363636,0.669470711735369,0.126511054623923,"TEMP"
7.25272727272727,0.669470711735369,0.126511054623923,"TEMP"
7.33181818181818,0.669470711735369,0.126511054623923,"TEMP"
7.41090909090909,0.669470711735369,0.126511054623923,"TEMP"
7.49,0.669836324771713,0.126580145160673,"TEMP"
7.56909090909091,0.670118279410206,0.126633426623247,"TEMP"
7.64818181818182,0.670118279410206,0.126633426623247,"TEMP"
7.72727272727273,0.670118279410206,0.126633426623247,"TEMP"
7.80636363636364,0.670001695280502,0.126611395515773,"TEMP"
7.88545454545454,0.670161386723947,0.126641572687933,"TEMP"
7.96454545454545,0.670161386723947,0.126641572687933,"TEMP"
8.04363636363636,0.76705740384448,0.144952182995292,"TEMP"
8.12272727272727,0.772924890750466,0.146060972287275,"TEMP"
8.20181818181818,0.772839451932724,0.14604482676403,"TEMP"
8.28090909090909,0.771487945641896,0.145789430249759,"TEMP"
8.36,0.778184383764448,0.147054867907087,"TEMP"
8.43909090909091,0.782949733541518,0.14795538441271,"TEMP"
8.51818181818182,0.806861996890721,0.152474126759049,"TEMP"
8.59727272727273,0.812974495968831,0.153629216430941,"TEMP"
8.67636363636364,0.829278416019115,0.156710196799326,"TEMP"
8.75545454545455,0.829900021923719,0.156827662757393,"TEMP"
8.83454545454545,0.834797967927732,0.157753236204591,"TEMP"
8.91363636363636,0.879535615550371,0.166207387944049,"TEMP"
8.99272727272727,0.896911623858945,0.169490962711007,"TEMP"
9.07181818181818,0.903565064628213,0.170748275083068,"TEMP"
9.15090909090909,0.90591787703117,0.171192890169603,"TEMP"
9.23,0.907716105027495,0.171532704468095,"TEMP"
9.30909090909091,0.870970899679904,0.164588898563806,"TEMP"
9.38818181818182,0.841401475285013,0.159001112572208,"TEMP"
9.46727272727273,0.826668185543552,0.15621693696811,"TEMP"
9.54636363636364,0.819254985191789,0.154816051495153,"TEMP"
9.62545454545455,0.794738916284059,0.150183206953366,"TEMP"
9.70454545454545,0.715224991920116,0.135157321201779,"TEMP"
9.78363636363636,0.625957635897329,0.118288312362456,"TEMP"
9.86272727272727,0.555645806537372,0.105001362643912,"TEMP"
9.94181818181818,0.611885406163402,0.115629058427456,"TEMP"
10.0209090909091,0.618755389577323,0.116927291242886,"TEMP"
10.1,0.618269656269904,0.116835501367824,"TEMP"
10.1790909090909,0.61684899432397,0.116567036388112,"TEMP"
10.2581818181818,0.605657412134232,0.114452143472089,"TEMP"
10.3372727272727,0.611324668935293,0.115523094929948,"TEMP"
10.4163636363636,0.590918660529486,0.111666935730105,"TEMP"
10.4954545454545,0.578284300008835,0.109279398462309,"TEMP"
10.5745454545455,0.595993897551801,0.112626012171993,"TEMP"
10.6536363636364,0.600387047267111,0.11345619337912,"TEMP"
10.7327272727273,0.594888835051535,0.112417186573079,"TEMP"
10.8118181818182,0.526334273011232,0.099462310742113,"TEMP"
10.8909090909091,0.519278354903146,0.0981289415214042,"TEMP"
10.97,0.534125520212525,0.100934636391306,"TEMP"
11.0490909090909,0.536442119536502,0.101372408228789,"TEMP"
11.1281818181818,0.531317015930427,0.100403908411103,"TEMP"
11.2072727272727,0.362571963127093,0.0685158598101691,"TEMP"
11.2863636363636,0.355922921786755,0.0672593788059087,"TEMP"
11.3654545454545,0.341011450933064,0.0644415320045089,"TEMP"
11.4445454545455,0.209787204976781,0.0396438560835933,"TEMP"
11.5236363636364,0.178436148003561,0.0337193918587496,"TEMP"
11.6027272727273,0.175944659793696,0.0332485709617517,"TEMP"
11.6818181818182,0.178895397401767,0.0338061770230354,"TEMP"
11.7609090909091,0.178867750996554,0.0338009526333515,"TEMP"
11.84,0.177629419247969,0.0335669429108324,"TEMP"
11.9190909090909,0.177629419247969,0.0335669429108324,"TEMP"
11.9981818181818,0.177629419247969,0.0335669429108324,"TEMP"
12.0772727272727,0.177629419247969,0.0335669429108324,"TEMP"
12.1563636363636,0.177629419247969,0.0335669429108324,"TEMP"
12.2354545454545,0.177629419247969,0.0335669429108324,"TEMP"
12.3145454545455,0.177629419247969,0.0335669429108324,"TEMP"
12.3936363636364,0.177629419247969,0.0335669429108324,"TEMP"
12.4727272727273,0.177629419247969,0.0335669429108324,"TEMP"
12.5518181818182,0.177629419247969,0.0335669429108324,"TEMP"
12.6309090909091,0.177629419247969,0.0335669429108324,"TEMP"
12.71,0.177629419247969,0.0335669429108324,"TEMP"
12.7890909090909,0.177629419247969,0.0335669429108324,"TEMP"
12.8681818181818,0.177629419247969,0.0335669429108324,"TEMP"
12.9472727272727,0.177629419247969,0.0335669429108324,"TEMP"
13.0263636363636,0.177629419247969,0.0335669429108324,"TEMP"
13.1054545454545,0.177629419247969,0.0335669429108324,"TEMP"
13.1845454545455,0.177629419247969,0.0335669429108324,"TEMP"
13.2636363636364,0.177629419247969,0.0335669429108324,"TEMP"
13.3427272727273,0.177629419247969,0.0335669429108324,"TEMP"
13.4218181818182,0.177629419247969,0.0335669429108324,"TEMP"
13.5009090909091,0.177629419247969,0.0335669429108324,"TEMP"
13.58,0.177629419247969,0.0335669429108324,"TEMP"
0.3,0.668667945355481,0.126359354453093,"TDP_P"
0.418383838383838,0.668667945355481,0.126359354453093,"TDP_P"
0.536767676767677,0.668667945355481,0.126359354453093,"TDP_P"
0.655151515151515,0.67512042311334,0.127578690492407,"TDP_P"
0.773535353535354,0.577005358880085,0.109037714713993,"TDP_P"
0.891919191919192,0.581310720010791,0.109851306358309,"TDP_P"
1.01030303030303,0.603632128927866,0.114069422152308,"TDP_P"
1.12868686868687,0.618110565478808,0.116805437701991,"TDP_P"
1.24707070707071,0.618697108031345,0.116916277676919,"TDP_P"
1.36545454545455,0.618697108031345,0.116916277676919,"TDP_P"
1.48383838383838,0.620094681758393,0.117180379635412,"TDP_P"
1.60222222222222,0.44709907189111,0.0844890958107812,"TDP_P"
1.72060606060606,0.438962326602944,0.0829514807821211,"TDP_P"
1.8389898989899,0.374606782723662,0.0707901007779688,"TDP_P"
1.95737373737374,0.260629042661832,0.0492515273256723,"TDP_P"
2.07575757575758,0.278967173919766,0.0527169161538996,"TDP_P"
2.19414141414141,0.344877097852769,0.0651720300831297,"TDP_P"
2.31252525252525,0.495953903600634,0.0937212790485287,"TDP_P"
2.43090909090909,0.508972248364104,0.0961813784921852,"TDP_P"
2.54929292929293,0.515998336925036,0.0975091107710483,"TDP_P"
2.66767676767677,0.515938733561952,0.0974978474189843,"TDP_P"
2.78606060606061,0.514487981856507,0.0972236963246406,"TDP_P"
2.90444444444444,0.510558468023324,0.0964811292033596,"TDP_P"
3.02282828282828,0.523404840331838,0.0989087307105695,"TDP_P"
3.14121212121212,0.523487483398495,0.0989243479158286,"TDP_P"
3.25959595959596,0.527768582745374,0.0997333547683009,"TDP_P"
3.3779797979798,0.553253343924527,0.10454925478767,"TDP_P"
3.49636363636364,0.554002384332305,0.104690802267318,"TDP_P"
3.61474747474747,0.559912062872689,0.105807564586455,"TDP_P"
3.73313131313131,0.788382050005432,0.148981938782981,"TDP_P"
3.85151515151515,0.801787915292322,0.151515268659645,"TDP_P"
3.96989898989899,0.799528479248328,0.151088299067443,"TDP_P"
4.08828282828283,0.798427973477134,0.150880334561613,"TDP_P"
4.20666666666667,0.783687329862015,0.148094769283111,"TDP_P"
4.3250505050505,0.782630507107925,0.147895059633642,"TDP_P"
4.44343434343434,0.782371103102493,0.14784603960375,"TDP_P"
4.56181818181818,0.776738145256606,0.14678156967961,"TDP_P"
4.68020202020202,0.776738145256606,0.14678156967961,"TDP_P"
4.79858585858586,0.776738145256606,0.14678156967961,"TDP_P"
4.9169696969697,0.776738145256606,0.14678156967961,"TDP_P"
5.03535353535353,0.776738145256606,0.14678156967961,"TDP_P"
5.15373737373737,0.776738145256606,0.14678156967961,"TDP_P"
5.27212121212121,0.776738145256606,0.14678156967961,"TDP_P"
5.39050505050505,0.776738145256606,0.14678156967961,"TDP_P"
5.50888888888889,0.776738145256606,0.14678156967961,"TDP_P"
5.62727272727273,0.776738145256606,0.14678156967961,"TDP_P"
5.74565656565656,0.776738145256606,0.14678156967961,"TDP_P"
5.8640404040404,0.776738145256606,0.14678156967961,"TDP_P"
5.98242424242424,0.776738145256606,0.14678156967961,"TDP_P"
6.10080808080808,0.776738145256606,0.14678156967961,"TDP_P"
6.21919191919192,0.776738145256606,0.14678156967961,"TDP_P"
6.33757575757576,0.776738145256606,0.14678156967961,"TDP_P"
6.4559595959596,0.776738145256606,0.14678156967961,"TDP_P"
6.57434343434343,0.776738145256606,0.14678156967961,"TDP_P"
6.69272727272727,0.776738145256606,0.14678156967961,"TDP_P"
6.81111111111111,0.776738145256606,0.14678156967961,"TDP_P"
6.92949494949495,0.776738145256606,0.14678156967961,"TDP_P"
7.04787878787879,0.776738145256606,0.14678156967961,"TDP_P"
7.16626262626263,0.776738145256606,0.14678156967961,"TDP_P"
7.28464646464646,0.776738145256606,0.14678156967961,"TDP_P"
7.4030303030303,0.776738145256606,0.14678156967961,"TDP_P"
7.52141414141414,0.776738145256606,0.14678156967961,"TDP_P"
7.63979797979798,0.776738145256606,0.14678156967961,"TDP_P"
7.75818181818182,0.776738145256606,0.14678156967961,"TDP_P"
7.87656565656566,0.776738145256606,0.14678156967961,"TDP_P"
7.99494949494949,0.776738145256606,0.14678156967961,"TDP_P"
8.11333333333333,0.776738145256606,0.14678156967961,"TDP_P"
8.23171717171717,0.776738145256606,0.14678156967961,"TDP_P"
8.35010101010101,0.776738145256606,0.14678156967961,"TDP_P"
8.46848484848485,0.776738145256606,0.14678156967961,"TDP_P"
8.58686868686869,0.776738145256606,0.14678156967961,"TDP_P"
8.70525252525253,0.776738145256606,0.14678156967961,"TDP_P"
8.82363636363636,0.776738145256606,0.14678156967961,"TDP_P"
8.9420202020202,0.776738145256606,0.14678156967961,"TDP_P"
9.06040404040404,0.776738145256606,0.14678156967961,"TDP_P"
9.17878787878788,0.776738145256606,0.14678156967961,"TDP_P"
9.29717171717172,0.776738145256606,0.14678156967961,"TDP_P"
9.41555555555555,0.776738145256606,0.14678156967961,"TDP_P"
9.53393939393939,0.776738145256606,0.14678156967961,"TDP_P"
9.65232323232323,0.776738145256606,0.14678156967961,"TDP_P"
9.77070707070707,0.776738145256606,0.14678156967961,"TDP_P"
9.88909090909091,0.776738145256606,0.14678156967961,"TDP_P"
10.0074747474747,0.776738145256606,0.14678156967961,"TDP_P"
10.1258585858586,0.776738145256606,0.14678156967961,"TDP_P"
10.2442424242424,0.776738145256606,0.14678156967961,"TDP_P"
10.3626262626263,0.776738145256606,0.14678156967961,"TDP_P"
10.4810101010101,0.776738145256606,0.14678156967961,"TDP_P"
10.5993939393939,0.776738145256606,0.14678156967961,"TDP_P"
10.7177777777778,0.776738145256606,0.14678156967961,"TDP_P"
10.8361616161616,0.776738145256606,0.14678156967961,"TDP_P"
10.9545454545455,0.776738145256606,0.14678156967961,"TDP_P"
11.0729292929293,0.776738145256606,0.14678156967961,"TDP_P"
11.1913131313131,0.776738145256606,0.14678156967961,"TDP_P"
11.309696969697,0.776738145256606,0.14678156967961,"TDP_P"
11.4280808080808,0.776738145256606,0.14678156967961,"TDP_P"
11.5464646464646,0.776738145256606,0.14678156967961,"TDP_P"
11.6648484848485,0.776738145256606,0.14678156967961,"TDP_P"
11.7832323232323,0.776738145256606,0.14678156967961,"TDP_P"
11.9016161616162,0.776738145256606,0.14678156967961,"TDP_P"
12.02,0.776738145256606,0.14678156967961,"TDP_P"
-16,0.900992409871903,0.170262116001426,"Difference_SnowFree"
-15.7777777777778,0.900992409871903,0.170262116001426,"Difference_SnowFree"
-15.5555555555556,0.900992409871903,0.170262116001426,"Difference_SnowFree"
-15.3333333333333,0.900992409871903,0.170262116001426,"Difference_SnowFree"
-15.1111111111111,0.900992409871903,0.170262116001426,"Difference_SnowFree"
-14.8888888888889,0.900992409871903,0.170262116001426,"Difference_SnowFree"
-14.6666666666667,0.900992409871903,0.170262116001426,"Difference_SnowFree"
-14.4444444444444,0.900992409871903,0.170262116001426,"Difference_SnowFree"
-14.2222222222222,0.900992409871903,0.170262116001426,"Difference_SnowFree"
-14,0.900992409871903,0.170262116001426,"Difference_SnowFree"
-13.7777777777778,0.900992409871903,0.170262116001426,"Difference_SnowFree"
-13.5555555555556,0.900992409871903,0.170262116001426,"Difference_SnowFree"
-13.3333333333333,0.900992409871903,0.170262116001426,"Difference_SnowFree"
-13.1111111111111,0.900992409871903,0.170262116001426,"Difference_SnowFree"
-12.8888888888889,0.900992409871903,0.170262116001426,"Difference_SnowFree"
-12.6666666666667,0.900992409871903,0.170262116001426,"Difference_SnowFree"
-12.4444444444444,0.900992409871903,0.170262116001426,"Difference_SnowFree"
-12.2222222222222,0.900992409871903,0.170262116001426,"Difference_SnowFree"
-12,0.900992409871903,0.170262116001426,"Difference_SnowFree"
-11.7777777777778,0.900992409871903,0.170262116001426,"Difference_SnowFree"
-11.5555555555556,0.900992409871903,0.170262116001426,"Difference_SnowFree"
-11.3333333333333,0.900992409871903,0.170262116001426,"Difference_SnowFree"
-11.1111111111111,0.900992409871903,0.170262116001426,"Difference_SnowFree"
-10.8888888888889,0.900992409871903,0.170262116001426,"Difference_SnowFree"
-10.6666666666667,0.900992409871903,0.170262116001426,"Difference_SnowFree"
-10.4444444444444,0.900992409871903,0.170262116001426,"Difference_SnowFree"
-10.2222222222222,0.900992409871903,0.170262116001426,"Difference_SnowFree"
-10,0.900992409871903,0.170262116001426,"Difference_SnowFree"
-9.77777777777778,0.900992409871903,0.170262116001426,"Difference_SnowFree"
-9.55555555555556,0.900992409871903,0.170262116001426,"Difference_SnowFree"
-9.33333333333333,0.900992409871903,0.170262116001426,"Difference_SnowFree"
-9.11111111111111,0.900992409871903,0.170262116001426,"Difference_SnowFree"
-8.88888888888889,0.900992409871903,0.170262116001426,"Difference_SnowFree"
-8.66666666666667,0.900992409871903,0.170262116001426,"Difference_SnowFree"
-8.44444444444444,0.900992409871903,0.170262116001426,"Difference_SnowFree"
-8.22222222222222,0.900992409871903,0.170262116001426,"Difference_SnowFree"
-8,0.900992409871903,0.170262116001426,"Difference_SnowFree"
-7.77777777777778,0.900992409871903,0.170262116001426,"Difference_SnowFree"
-7.55555555555556,0.900992409871903,0.170262116001426,"Difference_SnowFree"
-7.33333333333333,0.900992409871903,0.170262116001426,"Difference_SnowFree"
-7.11111111111111,0.900992409871903,0.170262116001426,"Difference_SnowFree"
-6.88888888888889,0.900992409871903,0.170262116001426,"Difference_SnowFree"
-6.66666666666667,0.900992409871903,0.170262116001426,"Difference_SnowFree"
-6.44444444444444,0.900992409871903,0.170262116001426,"Difference_SnowFree"
-6.22222222222222,0.900992409871903,0.170262116001426,"Difference_SnowFree"
-6,0.900992409871903,0.170262116001426,"Difference_SnowFree"
-5.77777777777778,0.900992409871903,0.170262116001426,"Difference_SnowFree"
-5.55555555555556,0.900992409871903,0.170262116001426,"Difference_SnowFree"
-5.33333333333333,0.869315257472117,0.164276028951864,"Difference_SnowFree"
-5.11111111111111,0.869315257472117,0.164276028951864,"Difference_SnowFree"
-4.88888888888889,0.851909747460976,0.160986879196427,"Difference_SnowFree"
-4.66666666666667,0.851909747460976,0.160986879196427,"Difference_SnowFree"
-4.44444444444444,0.437007012710148,0.08258198168625,"Difference_SnowFree"
-4.22222222222222,0.437007012710148,0.08258198168625,"Difference_SnowFree"
-4,0.437007012710148,0.08258198168625,"Difference_SnowFree"
-3.77777777777778,0.437007012710148,0.08258198168625,"Difference_SnowFree"
-3.55555555555556,0.437007012710148,0.08258198168625,"Difference_SnowFree"
-3.33333333333333,0.405036714135119,0.0765404982897853,"Difference_SnowFree"
-3.11111111111111,0.405036714135119,0.0765404982897853,"Difference_SnowFree"
-2.88888888888889,0.347384621942247,0.0656458813084244,"Difference_SnowFree"
-2.66666666666667,0.347384621942247,0.0656458813084244,"Difference_SnowFree"
-2.44444444444444,0.347384621942247,0.0656458813084244,"Difference_SnowFree"
-2.22222222222222,0.347384621942247,0.0656458813084244,"Difference_SnowFree"
-2,0.347384621942247,0.0656458813084244,"Difference_SnowFree"
-1.77777777777778,0.347384621942247,0.0656458813084244,"Difference_SnowFree"
-1.55555555555556,0.347384621942247,0.0656458813084244,"Difference_SnowFree"
-1.33333333333333,0.347384621942247,0.0656458813084244,"Difference_SnowFree"
-1.11111111111111,0.347384621942247,0.0656458813084244,"Difference_SnowFree"
-0.888888888888889,0.347415410450027,0.0656516994667416,"Difference_SnowFree"
-0.666666666666668,0.347415410450027,0.0656516994667416,"Difference_SnowFree"
-0.444444444444445,0.34727988991404,0.0656260899133581,"Difference_SnowFree"
-0.222222222222223,0.34727988991404,0.0656260899133581,"Difference_SnowFree"
0,0.393286375486613,0.0743200161857102,"Difference_SnowFree"
0.222222222222221,0.393286375486613,0.0743200161857102,"Difference_SnowFree"
0.444444444444443,0.393286375486613,0.0743200161857102,"Difference_SnowFree"
0.666666666666664,0.393286375486613,0.0743200161857102,"Difference_SnowFree"
0.888888888888889,0.393286375486613,0.0743200161857102,"Difference_SnowFree"
1.11111111111111,0.393286375486613,0.0743200161857102,"Difference_SnowFree"
1.33333333333333,0.393286375486613,0.0743200161857102,"Difference_SnowFree"
1.55555555555555,0.393286375486613,0.0743200161857102,"Difference_SnowFree"
1.77777777777778,0.393286375486613,0.0743200161857102,"Difference_SnowFree"
2,0.393286375486613,0.0743200161857102,"Difference_SnowFree"
2.22222222222222,0.393286375486613,0.0743200161857102,"Difference_SnowFree"
2.44444444444444,0.393286375486613,0.0743200161857102,"Difference_SnowFree"
2.66666666666666,0.396214291628913,0.0748733096345791,"Difference_SnowFree"
2.88888888888889,0.396214291628913,0.0748733096345791,"Difference_SnowFree"
3.11111111111111,0.396214291628913,0.0748733096345791,"Difference_SnowFree"
3.33333333333333,0.396214291628913,0.0748733096345791,"Difference_SnowFree"
3.55555555555555,0.396214291628913,0.0748733096345791,"Difference_SnowFree"
3.77777777777778,0.396214291628913,0.0748733096345791,"Difference_SnowFree"
4,0.396214291628913,0.0748733096345791,"Difference_SnowFree"
4.22222222222222,0.396214291628913,0.0748733096345791,"Difference_SnowFree"
4.44444444444444,0.396214291628913,0.0748733096345791,"Difference_SnowFree"
4.66666666666666,0.383323613267492,0.0724373355348403,"Difference_SnowFree"
4.88888888888889,0.383323613267492,0.0724373355348403,"Difference_SnowFree"
5.11111111111111,0.383323613267492,0.0724373355348403,"Difference_SnowFree"
5.33333333333333,0.383323613267492,0.0724373355348403,"Difference_SnowFree"
5.55555555555555,0.383323613267492,0.0724373355348403,"Difference_SnowFree"
5.77777777777778,0.383323613267492,0.0724373355348403,"Difference_SnowFree"
6,0.383323613267492,0.0724373355348403,"Difference_SnowFree"
7.482333,0.452860414487339,0.0855778268263761,"tmean_month"
7.52562627272727,0.452860414487339,0.0855778268263761,"tmean_month"
7.56891954545454,0.452860414487339,0.0855778268263761,"tmean_month"
7.61221281818182,0.452860414487339,0.0855778268263761,"tmean_month"
7.65550609090909,0.452860414487339,0.0855778268263761,"tmean_month"
7.69879936363636,0.452860414487339,0.0855778268263761,"tmean_month"
7.74209263636364,0.452860414487339,0.0855778268263761,"tmean_month"
7.78538590909091,0.452860414487339,0.0855778268263761,"tmean_month"
7.82867918181818,0.452860414487339,0.0855778268263761,"tmean_month"
7.87197245454545,0.452860414487339,0.0855778268263761,"tmean_month"
7.91526572727273,0.452860414487339,0.0855778268263761,"tmean_month"
7.958559,0.452860414487339,0.0855778268263761,"tmean_month"
8.00185227272727,0.452860414487339,0.0855778268263761,"tmean_month"
8.04514554545455,0.452860414487339,0.0855778268263761,"tmean_month"
8.08843881818182,0.452860414487339,0.0855778268263761,"tmean_month"
8.13173209090909,0.452860414487339,0.0855778268263761,"tmean_month"
8.17502536363636,0.452860414487339,0.0855778268263761,"tmean_month"
8.21831863636364,0.452860414487339,0.0855778268263761,"tmean_month"
8.26161190909091,0.452860414487339,0.0855778268263761,"tmean_month"
8.30490518181818,0.452860414487339,0.0855778268263761,"tmean_month"
8.34819845454545,0.452860414487339,0.0855778268263761,"tmean_month"
8.39149172727273,0.452860414487339,0.0855778268263761,"tmean_month"
8.434785,0.452860414487339,0.0855778268263761,"tmean_month"
8.47807827272727,0.452860414487339,0.0855778268263761,"tmean_month"
8.52137154545455,0.452860414487339,0.0855778268263761,"tmean_month"
8.56466481818182,0.452860414487339,0.0855778268263761,"tmean_month"
8.60795809090909,0.452860414487339,0.0855778268263761,"tmean_month"
8.65125136363636,0.452860414487339,0.0855778268263761,"tmean_month"
8.69454463636364,0.452860414487339,0.0855778268263761,"tmean_month"
8.73783790909091,0.452860414487339,0.0855778268263761,"tmean_month"
8.78113118181818,0.452860414487339,0.0855778268263761,"tmean_month"
8.82442445454545,0.452860414487339,0.0855778268263761,"tmean_month"
8.86771772727273,0.452860414487339,0.0855778268263761,"tmean_month"
8.911011,0.452860414487339,0.0855778268263761,"tmean_month"
8.95430427272727,0.452860414487339,0.0855778268263761,"tmean_month"
8.99759754545454,0.512019071378862,0.0967571419813009,"tmean_month"
9.04089081818182,0.517196080878267,0.0977354505466898,"tmean_month"
9.08418409090909,0.553022842461392,0.10450569652189,"tmean_month"
9.12747736363636,0.375649757369787,0.0709871935261867,"tmean_month"
9.17077063636364,0.35223869733726,0.0665631644496919,"tmean_month"
9.21406390909091,0.354764920224322,0.067040549219563,"tmean_month"
9.25735718181818,0.352635543059276,0.0666381570818342,"tmean_month"
9.30065045454545,0.331707065006691,0.0626832658764476,"tmean_month"
9.34394372727273,0.331097300977348,0.0625680376983186,"tmean_month"
9.387237,0.377982742345841,0.0714280617890824,"tmean_month"
9.43053027272727,0.380868279517087,0.07197334680946,"tmean_month"
9.47382354545454,0.380449139817556,0.0718941412452839,"tmean_month"
9.51711681818182,0.376959865462119,0.0712347669502766,"tmean_month"
9.56041009090909,0.37686827616708,0.0712174591605487,"tmean_month"
9.60370336363636,0.374474770863562,0.0707651542652216,"tmean_month"
9.64699663636364,0.377065602007126,0.0712547481706447,"tmean_month"
9.69028990909091,0.390739428213755,0.0738387150923054,"tmean_month"
9.73358318181818,0.386622474532593,0.0730607271341891,"tmean_month"
9.77687645454546,0.406654646916653,0.076846241885307,"tmean_month"
9.82016972727273,0.45499333887904,0.0859808892897478,"tmean_month"
9.863463,0.681263059356282,0.128739475237196,"tmean_month"
9.90675627272727,0.716000913948531,0.135303948548427,"tmean_month"
9.95004954545455,0.716012111879085,0.135306064641005,"tmean_month"
9.99334281818182,0.716124889015683,0.135327376334315,"tmean_month"
10.0366360909091,0.722676114591227,0.136565372921937,"tmean_month"
10.0799293636364,0.724517068135854,0.136913261142231,"tmean_month"
10.1232226363636,0.720708142146553,0.136193481717315,"tmean_month"
10.1665159090909,0.735403599380105,0.138970508046037,"tmean_month"
10.2098091818182,0.734002145885668,0.138705672921095,"tmean_month"
10.2531024545455,0.737378749869115,0.139343755698287,"tmean_month"
10.2963957272727,0.794146640678455,0.150071283593345,"tmean_month"
10.339689,0.794146640678455,0.150071283593345,"tmean_month"
10.3829822727273,0.794146640678455,0.150071283593345,"tmean_month"
10.4262755454545,0.7972333766096,0.150654589496276,"tmean_month"
10.4695688181818,0.796445561146712,0.150505714626454,"tmean_month"
10.5128620909091,0.796445561146712,0.150505714626454,"tmean_month"
10.5561553636364,0.796445561146712,0.150505714626454,"tmean_month"
10.5994486363636,0.799620807236761,0.151105746449357,"tmean_month"
10.6427419090909,0.798225674143015,0.150842105701619,"tmean_month"
10.6860351818182,0.798225674143015,0.150842105701619,"tmean_month"
10.7293284545455,0.798225674143015,0.150842105701619,"tmean_month"
10.7726217272727,0.800773903734219,0.151323649116971,"tmean_month"
10.815915,0.800773903734219,0.151323649116971,"tmean_month"
10.8592082727273,0.800773903734219,0.151323649116971,"tmean_month"
10.9025015454545,0.815491474882822,0.154104854351007,"tmean_month"
10.9457948181818,0.819245791962186,0.154814314234431,"tmean_month"
10.9890880909091,0.819245791962186,0.154814314234431,"tmean_month"
11.0323813636364,0.8193848714131,0.15484059632221,"tmean_month"
11.0756746363636,0.8193848714131,0.15484059632221,"tmean_month"
11.1189679090909,0.8193848714131,0.15484059632221,"tmean_month"
11.1622611818182,0.8193848714131,0.15484059632221,"tmean_month"
11.2055544545455,0.8193848714131,0.15484059632221,"tmean_month"
11.2488477272727,0.8193848714131,0.15484059632221,"tmean_month"
11.292141,0.8193848714131,0.15484059632221,"tmean_month"
11.3354342727273,0.8193848714131,0.15484059632221,"tmean_month"
11.3787275454545,0.8193848714131,0.15484059632221,"tmean_month"
11.4220208181818,0.8193848714131,0.15484059632221,"tmean_month"
11.4653140909091,0.8193848714131,0.15484059632221,"tmean_month"
11.5086073636364,0.8193848714131,0.15484059632221,"tmean_month"
11.5519006363636,0.8193848714131,0.15484059632221,"tmean_month"
11.5951939090909,0.8193848714131,0.15484059632221,"tmean_month"
11.6384871818182,0.8193848714131,0.15484059632221,"tmean_month"
11.6817804545455,0.8193848714131,0.15484059632221,"tmean_month"
11.7250737272727,0.8193848714131,0.15484059632221,"tmean_month"
11.768367,0.8193848714131,0.15484059632221,"tmean_month"
0.298,0.637852448735791,0.120536096007609,"DOC"
0.320484848484848,0.637852448735791,0.120536096007609,"DOC"
0.342969696969697,0.637852448735791,0.120536096007609,"DOC"
0.365454545454545,0.637852448735791,0.120536096007609,"DOC"
0.387939393939394,0.637852448735791,0.120536096007609,"DOC"
0.410424242424242,0.637852448735791,0.120536096007609,"DOC"
0.432909090909091,0.637852448735791,0.120536096007609,"DOC"
0.455393939393939,0.637852448735791,0.120536096007609,"DOC"
0.477878787878788,0.637852448735791,0.120536096007609,"DOC"
0.500363636363636,0.648243265532853,0.122499666882865,"DOC"
0.522848484848485,0.697409776718883,0.131790748737962,"DOC"
0.545333333333333,0.690286524580992,0.130444655287539,"DOC"
0.567818181818182,0.598216472333506,0.113046016026807,"DOC"
0.59030303030303,0.539137372148156,0.101881734842188,"DOC"
0.612787878787879,0.545949958386078,0.103169121212597,"DOC"
0.635272727272727,0.540774092469579,0.102191028752075,"DOC"
0.657757575757576,0.478137970731187,0.0903545709656909,"DOC"
0.680242424242424,0.483873138443526,0.0914383556675672,"DOC"
0.702727272727273,0.471585646722659,0.0891163668052611,"DOC"
0.725212121212121,0.466527783876707,0.088160573591954,"DOC"
0.74769696969697,0.466336680043529,0.0881244603654092,"DOC"
0.770181818181818,0.458723578957774,0.0866857993001315,"DOC"
0.792666666666667,0.45450958985044,0.0858894743873349,"DOC"
0.815151515151515,0.452252138374835,0.0854628798225021,"DOC"
0.837636363636364,0.428314530202124,0.0809393480204104,"DOC"
0.860121212121212,0.431715717149718,0.0815820762834555,"DOC"
0.882606060606061,0.557412307969091,0.105335181517843,"DOC"
0.905090909090909,0.574581429979232,0.108579660618115,"DOC"
0.927575757575757,0.580274630357455,0.109655514679255,"DOC"
0.950060606060606,0.578978361545723,0.109410556488293,"DOC"
0.972545454545455,0.578785821827356,0.109374171920006,"DOC"
0.995030303030303,0.58103583839118,0.109799361496519,"DOC"
1.01751515151515,0.583049670078763,0.110179918802709,"DOC"
1.04,0.583501566615777,0.110265314483919,"DOC"
1.06248484848485,0.583371955298543,0.110240821605967,"DOC"
1.0849696969697,0.578864424780289,0.109389025657888,"DOC"
1.10745454545455,0.564127227148316,0.106604111572865,"DOC"
1.12993939393939,0.561547302108259,0.106116578612951,"DOC"
1.15242424242424,0.566978882495041,0.107142993885436,"DOC"
1.17490909090909,0.589053456697591,0.111314464890492,"DOC"
1.19739393939394,0.591854381295931,0.111843760524561,"DOC"
1.21987878787879,0.593893109701195,0.112229022607159,"DOC"
1.24236363636364,0.594847002628044,0.112409281426639,"DOC"
1.26484848484848,0.594847002628044,0.112409281426639,"DOC"
1.28733333333333,0.594847002628044,0.112409281426639,"DOC"
1.30981818181818,0.594847002628044,0.112409281426639,"DOC"
1.33230303030303,0.594847002628044,0.112409281426639,"DOC"
1.35478787878788,0.594847002628044,0.112409281426639,"DOC"
1.37727272727273,0.594847002628044,0.112409281426639,"DOC"
1.39975757575758,0.594847002628044,0.112409281426639,"DOC"
1.42224242424242,0.594847002628044,0.112409281426639,"DOC"
1.44472727272727,0.594847002628044,0.112409281426639,"DOC"
1.46721212121212,0.594847002628044,0.112409281426639,"DOC"
1.48969696969697,0.594847002628044,0.112409281426639,"DOC"
1.51218181818182,0.594847002628044,0.112409281426639,"DOC"
1.53466666666667,0.594847002628044,0.112409281426639,"DOC"
1.55715151515152,0.594847002628044,0.112409281426639,"DOC"
1.57963636363636,0.594847002628044,0.112409281426639,"DOC"
1.60212121212121,0.594847002628044,0.112409281426639,"DOC"
1.62460606060606,0.594847002628044,0.112409281426639,"DOC"
1.64709090909091,0.594847002628044,0.112409281426639,"DOC"
1.66957575757576,0.594847002628044,0.112409281426639,"DOC"
1.69206060606061,0.594847002628044,0.112409281426639,"DOC"
1.71454545454545,0.594847002628044,0.112409281426639,"DOC"
1.7370303030303,0.594847002628044,0.112409281426639,"DOC"
1.75951515151515,0.594847002628044,0.112409281426639,"DOC"
1.782,0.594847002628044,0.112409281426639,"DOC"
1.80448484848485,0.594847002628044,0.112409281426639,"DOC"
1.8269696969697,0.594847002628044,0.112409281426639,"DOC"
1.84945454545455,0.594847002628044,0.112409281426639,"DOC"
1.87193939393939,0.594847002628044,0.112409281426639,"DOC"
1.89442424242424,0.594847002628044,0.112409281426639,"DOC"
1.91690909090909,0.594847002628044,0.112409281426639,"DOC"
1.93939393939394,0.594847002628044,0.112409281426639,"DOC"
1.96187878787879,0.594847002628044,0.112409281426639,"DOC"
1.98436363636364,0.594847002628044,0.112409281426639,"DOC"
2.00684848484848,0.594847002628044,0.112409281426639,"DOC"
2.02933333333333,0.594847002628044,0.112409281426639,"DOC"
2.05181818181818,0.594847002628044,0.112409281426639,"DOC"
2.07430303030303,0.594847002628044,0.112409281426639,"DOC"
2.09678787878788,0.594847002628044,0.112409281426639,"DOC"
2.11927272727273,0.594847002628044,0.112409281426639,"DOC"
2.14175757575758,0.594847002628044,0.112409281426639,"DOC"
2.16424242424242,0.594847002628044,0.112409281426639,"DOC"
2.18672727272727,0.594847002628044,0.112409281426639,"DOC"
2.20921212121212,0.594847002628044,0.112409281426639,"DOC"
2.23169696969697,0.594847002628044,0.112409281426639,"DOC"
2.25418181818182,0.594847002628044,0.112409281426639,"DOC"
2.27666666666667,0.594847002628044,0.112409281426639,"DOC"
2.29915151515152,0.594847002628044,0.112409281426639,"DOC"
2.32163636363636,0.594847002628044,0.112409281426639,"DOC"
2.34412121212121,0.594847002628044,0.112409281426639,"DOC"
2.36660606060606,0.594847002628044,0.112409281426639,"DOC"
2.38909090909091,0.594847002628044,0.112409281426639,"DOC"
2.41157575757576,0.594847002628044,0.112409281426639,"DOC"
2.43406060606061,0.594847002628044,0.112409281426639,"DOC"
2.45654545454545,0.594847002628044,0.112409281426639,"DOC"
2.4790303030303,0.594847002628044,0.112409281426639,"DOC"
2.50151515151515,0.594847002628044,0.112409281426639,"DOC"
2.524,0.594847002628044,0.112409281426639,"DOC"
0,0.376331762458196,0.0711160732239555,"ppt_day"
0.162222222222222,0.392227337087768,0.0741198878419658,"ppt_day"
0.324444444444444,0.616461810665986,0.116493869613156,"ppt_day"
0.486666666666667,0.664848890032345,0.125637660870195,"ppt_day"
0.648888888888889,0.678678498395217,0.128251066219158,"ppt_day"
0.811111111111111,0.681571754276096,0.128797809857633,"ppt_day"
0.973333333333333,0.681620034903212,0.128806933532421,"ppt_day"
1.13555555555556,0.676943602531224,0.127923219904795,"ppt_day"
1.29777777777778,0.655221647396181,0.123818383943406,"ppt_day"
1.46,0.632216093993312,0.119470984165961,"ppt_day"
1.62222222222222,0.62423696742942,0.117963154624085,"ppt_day"
1.78444444444444,0.622598984801147,0.117653622173858,"ppt_day"
1.94666666666667,0.621383429092557,0.117423916479565,"ppt_day"
2.10888888888889,0.616880991929365,0.116573083031726,"ppt_day"
2.27111111111111,0.618750245289962,0.11692631911788,"ppt_day"
2.43333333333333,0.619323090453971,0.117034570673273,"ppt_day"
2.59555555555556,0.62132899007743,0.117413629043393,"ppt_day"
2.75777777777778,0.619923116584017,0.117147958663491,"ppt_day"
2.92,0.620219365364932,0.117203941315231,"ppt_day"
3.08222222222222,0.618947159109688,0.116963530267774,"ppt_day"
3.24444444444444,0.618947159109688,0.116963530267774,"ppt_day"
3.40666666666667,0.622318817434884,0.117600678455252,"ppt_day"
3.56888888888889,0.622416179002552,0.117619077041463,"ppt_day"
3.73111111111111,0.622416179002552,0.117619077041463,"ppt_day"
3.89333333333333,0.639431575397056,0.120834506342519,"ppt_day"
4.05555555555556,0.639431575397056,0.120834506342519,"ppt_day"
4.21777777777778,0.640807164508734,0.121094453829686,"ppt_day"
4.38,0.640734368509305,0.121080697441992,"ppt_day"
4.54222222222222,0.640734368509305,0.121080697441992,"ppt_day"
4.70444444444444,0.725152123549695,0.137033268677648,"ppt_day"
4.86666666666667,0.725152123549695,0.137033268677648,"ppt_day"
5.02888888888889,0.725152123549695,0.137033268677648,"ppt_day"
5.19111111111111,0.725152123549695,0.137033268677648,"ppt_day"
5.35333333333333,0.725152123549695,0.137033268677648,"ppt_day"
5.51555555555556,0.725152123549695,0.137033268677648,"ppt_day"
5.67777777777778,0.725152123549695,0.137033268677648,"ppt_day"
5.84,0.725152123549695,0.137033268677648,"ppt_day"
6.00222222222222,0.72574157487074,0.137144658327662,"ppt_day"
6.16444444444444,0.725982966591385,0.137190274544505,"ppt_day"
6.32666666666667,0.731613521725195,0.13825429042393,"ppt_day"
6.48888888888889,0.731613521725195,0.13825429042393,"ppt_day"
6.65111111111111,0.749271140642499,0.141591081641555,"ppt_day"
6.81333333333333,0.749271140642499,0.141591081641555,"ppt_day"
6.97555555555556,0.749271140642499,0.141591081641555,"ppt_day"
7.13777777777778,0.749271140642499,0.141591081641555,"ppt_day"
7.3,0.749271140642499,0.141591081641555,"ppt_day"
7.46222222222222,0.749271140642499,0.141591081641555,"ppt_day"
7.62444444444444,0.749271140642499,0.141591081641555,"ppt_day"
7.78666666666667,0.749271140642499,0.141591081641555,"ppt_day"
7.94888888888889,0.866246039697123,0.163696033485627,"ppt_day"
8.11111111111111,0.886198539555095,0.167466492379748,"ppt_day"
8.27333333333333,0.886198539555095,0.167466492379748,"ppt_day"
8.43555555555555,0.886198539555095,0.167466492379748,"ppt_day"
8.59777777777778,0.886198539555095,0.167466492379748,"ppt_day"
8.76,0.886198539555095,0.167466492379748,"ppt_day"
8.92222222222222,0.886198539555095,0.167466492379748,"ppt_day"
9.08444444444444,0.886198539555095,0.167466492379748,"ppt_day"
9.24666666666667,0.886198539555095,0.167466492379748,"ppt_day"
9.40888888888889,0.886198539555095,0.167466492379748,"ppt_day"
9.57111111111111,0.886198539555095,0.167466492379748,"ppt_day"
9.73333333333333,0.886198539555095,0.167466492379748,"ppt_day"
9.89555555555556,0.886198539555095,0.167466492379748,"ppt_day"
10.0577777777778,0.886198539555095,0.167466492379748,"ppt_day"
10.22,0.886198539555095,0.167466492379748,"ppt_day"
10.3822222222222,0.886198539555095,0.167466492379748,"ppt_day"
10.5444444444444,0.886198539555095,0.167466492379748,"ppt_day"
10.7066666666667,0.886198539555095,0.167466492379748,"ppt_day"
10.8688888888889,0.886198539555095,0.167466492379748,"ppt_day"
11.0311111111111,0.886198539555095,0.167466492379748,"ppt_day"
11.1933333333333,0.886198539555095,0.167466492379748,"ppt_day"
11.3555555555556,0.886198539555095,0.167466492379748,"ppt_day"
11.5177777777778,0.886198539555095,0.167466492379748,"ppt_day"
11.68,0.886198539555095,0.167466492379748,"ppt_day"
11.8422222222222,0.886198539555095,0.167466492379748,"ppt_day"
12.0044444444444,0.886198539555095,0.167466492379748,"ppt_day"
12.1666666666667,0.886198539555095,0.167466492379748,"ppt_day"
12.3288888888889,0.886198539555095,0.167466492379748,"ppt_day"
12.4911111111111,0.886198539555095,0.167466492379748,"ppt_day"
12.6533333333333,0.886198539555095,0.167466492379748,"ppt_day"
12.8155555555556,0.886198539555095,0.167466492379748,"ppt_day"
12.9777777777778,0.886198539555095,0.167466492379748,"ppt_day"
13.14,0.886198539555095,0.167466492379748,"ppt_day"
13.3022222222222,0.886198539555095,0.167466492379748,"ppt_day"
13.4644444444444,0.886198539555095,0.167466492379748,"ppt_day"
13.6266666666667,0.886198539555095,0.167466492379748,"ppt_day"
13.7888888888889,0.886198539555095,0.167466492379748,"ppt_day"
13.9511111111111,0.886198539555095,0.167466492379748,"ppt_day"
14.1133333333333,0.886198539555095,0.167466492379748,"ppt_day"
14.2755555555556,0.886198539555095,0.167466492379748,"ppt_day"
14.4377777777778,0.886198539555095,0.167466492379748,"ppt_day"
14.6,0.886198539555095,0.167466492379748,"ppt_day"
14.7622222222222,0.886198539555095,0.167466492379748,"ppt_day"
14.9244444444444,0.886198539555095,0.167466492379748,"ppt_day"
15.0866666666667,0.886198539555095,0.167466492379748,"ppt_day"
15.2488888888889,0.886198539555095,0.167466492379748,"ppt_day"
15.4111111111111,0.886198539555095,0.167466492379748,"ppt_day"
15.5733333333333,0.886198539555095,0.167466492379748,"ppt_day"
15.7355555555556,0.886198539555095,0.167466492379748,"ppt_day"
15.8977777777778,0.886198539555095,0.167466492379748,"ppt_day"
16.06,0.886198539555095,0.167466492379748,"ppt_day"
0,0.977253332918225,0.184673276388376,"ppt_week"
0.577676767676768,0.977253332918225,0.184673276388376,"ppt_week"
1.15535353535354,0.977253332918225,0.184673276388376,"ppt_week"
1.7330303030303,0.977253332918225,0.184673276388376,"ppt_week"
2.31070707070707,0.977253332918225,0.184673276388376,"ppt_week"
2.88838383838384,0.75606201869164,0.142874365777454,"ppt_week"
3.46606060606061,0.737250947877757,0.13931960473182,"ppt_week"
4.04373737373737,0.721205673626464,0.136287501113726,"ppt_week"
4.62141414141414,0.590484315543779,0.111584856796331,"ppt_week"
5.19909090909091,0.582433879253719,0.110063551730426,"ppt_week"
5.77676767676768,0.577535127864019,0.109137826088082,"ppt_week"
6.35444444444444,0.592798473288252,0.112022167244252,"ppt_week"
6.93212121212121,0.590598161750269,0.111606370513653,"ppt_week"
7.50979797979798,0.523226205974883,0.0988749738628174,"ppt_week"
8.08747474747475,0.520866632411287,0.0984290811078985,"ppt_week"
8.66515151515152,0.493941997374752,0.0933410856002135,"ppt_week"
9.24282828282828,0.49376560838778,0.0933077530639655,"ppt_week"
9.82050505050505,0.492295560474603,0.0930299555314018,"ppt_week"
10.3981818181818,0.51184797490794,0.0967248095810937,"ppt_week"
10.9758585858586,0.494903496861518,0.0935227818446628,"ppt_week"
11.5535353535354,0.450581759913053,0.085147225474796,"ppt_week"
12.1312121212121,0.439466112125833,0.083046682016003,"ppt_week"
12.7088888888889,0.442670891848711,0.0836522948613022,"ppt_week"
13.2865656565657,0.442527757325498,0.0836252464793979,"ppt_week"
13.8642424242424,0.442459027434211,0.0836122584712917,"ppt_week"
14.4419191919192,0.441227572331636,0.0833795482406307,"ppt_week"
15.019595959596,0.41800461930319,0.0789910660746299,"ppt_week"
15.5972727272727,0.41800461930319,0.0789910660746299,"ppt_week"
16.1749494949495,0.41800461930319,0.0789910660746299,"ppt_week"
16.7526262626263,0.418530538610095,0.0790904499684991,"ppt_week"
17.330303030303,0.418292488062686,0.0790454651390233,"ppt_week"
17.9079797979798,0.418292488062686,0.0790454651390233,"ppt_week"
18.4856565656566,0.408402717353969,0.0771765778218987,"ppt_week"
19.0633333333333,0.408280471764375,0.0771534768584188,"ppt_week"
19.6410101010101,0.404215178428645,0.0763852512463892,"ppt_week"
20.2186868686869,0.403859323403653,0.0763180046981597,"ppt_week"
20.7963636363636,0.403782809145461,0.0763035456645858,"ppt_week"
21.3740404040404,0.403782809145461,0.0763035456645858,"ppt_week"
21.9517171717172,0.404173826801735,0.0763774369569227,"ppt_week"
22.5293939393939,0.404173826801735,0.0763774369569227,"ppt_week"
23.1070707070707,0.404683314406079,0.0764737157231383,"ppt_week"
23.6847474747475,0.404683314406079,0.0764737157231383,"ppt_week"
24.2624242424242,0.407548910861106,0.0770152325113968,"ppt_week"
24.840101010101,0.407851423855493,0.0770723989225428,"ppt_week"
25.4177777777778,0.407215191876029,0.0769521690494559,"ppt_week"
25.9954545454545,0.406148740300295,0.0767506398246721,"ppt_week"
26.5731313131313,0.401268276537344,0.0758283700272313,"ppt_week"
27.1508080808081,0.40296611852721,0.0761492142060093,"ppt_week"
27.7284848484848,0.39439586783706,0.0745296789011834,"ppt_week"
28.3061616161616,0.39439586783706,0.0745296789011834,"ppt_week"
28.8838383838384,0.39439586783706,0.0745296789011834,"ppt_week"
29.4615151515152,0.39439586783706,0.0745296789011834,"ppt_week"
30.0391919191919,0.39439586783706,0.0745296789011834,"ppt_week"
30.6168686868687,0.39439586783706,0.0745296789011834,"ppt_week"
31.1945454545455,0.39439586783706,0.0745296789011834,"ppt_week"
31.7722222222222,0.39439586783706,0.0745296789011834,"ppt_week"
32.349898989899,0.39439586783706,0.0745296789011834,"ppt_week"
32.9275757575758,0.39439586783706,0.0745296789011834,"ppt_week"
33.5052525252525,0.39439586783706,0.0745296789011834,"ppt_week"
34.0829292929293,0.39439586783706,0.0745296789011834,"ppt_week"
34.6606060606061,0.39439586783706,0.0745296789011834,"ppt_week"
35.2382828282828,0.39439586783706,0.0745296789011834,"ppt_week"
35.8159595959596,0.39439586783706,0.0745296789011834,"ppt_week"
36.3936363636364,0.39439586783706,0.0745296789011834,"ppt_week"
36.9713131313131,0.39439586783706,0.0745296789011834,"ppt_week"
37.5489898989899,0.39439586783706,0.0745296789011834,"ppt_week"
38.1266666666667,0.39439586783706,0.0745296789011834,"ppt_week"
38.7043434343434,0.39439586783706,0.0745296789011834,"ppt_week"
39.2820202020202,0.39439586783706,0.0745296789011834,"ppt_week"
39.859696969697,0.39439586783706,0.0745296789011834,"ppt_week"
40.4373737373737,0.39439586783706,0.0745296789011834,"ppt_week"
41.0150505050505,0.39439586783706,0.0745296789011834,"ppt_week"
41.5927272727273,0.39439586783706,0.0745296789011834,"ppt_week"
42.170404040404,0.39439586783706,0.0745296789011834,"ppt_week"
42.7480808080808,0.39439586783706,0.0745296789011834,"ppt_week"
43.3257575757576,0.39439586783706,0.0745296789011834,"ppt_week"
43.9034343434343,0.39439586783706,0.0745296789011834,"ppt_week"
44.4811111111111,0.39439586783706,0.0745296789011834,"ppt_week"
45.0587878787879,0.39439586783706,0.0745296789011834,"ppt_week"
45.6364646464646,0.39439586783706,0.0745296789011834,"ppt_week"
46.2141414141414,0.39439586783706,0.0745296789011834,"ppt_week"
46.7918181818182,0.39439586783706,0.0745296789011834,"ppt_week"
47.3694949494949,0.39439586783706,0.0745296789011834,"ppt_week"
47.9471717171717,0.39439586783706,0.0745296789011834,"ppt_week"
48.5248484848485,0.39439586783706,0.0745296789011834,"ppt_week"
49.1025252525253,0.39439586783706,0.0745296789011834,"ppt_week"
49.680202020202,0.39439586783706,0.0745296789011834,"ppt_week"
50.2578787878788,0.39439586783706,0.0745296789011834,"ppt_week"
50.8355555555556,0.39439586783706,0.0745296789011834,"ppt_week"
51.4132323232323,0.39439586783706,0.0745296789011834,"ppt_week"
51.9909090909091,0.39439586783706,0.0745296789011834,"ppt_week"
52.5685858585859,0.39439586783706,0.0745296789011834,"ppt_week"
53.1462626262626,0.39439586783706,0.0745296789011834,"ppt_week"
53.7239393939394,0.39439586783706,0.0745296789011834,"ppt_week"
54.3016161616162,0.39439586783706,0.0745296789011834,"ppt_week"
54.8792929292929,0.39439586783706,0.0745296789011834,"ppt_week"
55.4569696969697,0.39439586783706,0.0745296789011834,"ppt_week"
56.0346464646465,0.39439586783706,0.0745296789011834,"ppt_week"
56.6123232323232,0.39439586783706,0.0745296789011834,"ppt_week"
57.19,0.39439586783706,0.0745296789011834,"ppt_week"
0.02,0.679922208953256,0.128486092384733,"TDN"
0.0237373737373737,0.679922208953256,0.128486092384733,"TDN"
0.0274747474747475,0.679922208953256,0.128486092384733,"TDN"
0.0312121212121212,0.679922208953256,0.128486092384733,"TDN"
0.034949494949495,0.679922208953256,0.128486092384733,"TDN"
0.0386868686868687,0.679922208953256,0.128486092384733,"TDN"
0.0424242424242424,0.679922208953256,0.128486092384733,"TDN"
0.0461616161616162,0.679922208953256,0.128486092384733,"TDN"
0.0498989898989899,0.679922208953256,0.128486092384733,"TDN"
0.0536363636363636,0.679922208953256,0.128486092384733,"TDN"
0.0573737373737374,0.679922208953256,0.128486092384733,"TDN"
0.0611111111111111,0.679922208953256,0.128486092384733,"TDN"
0.0648484848484848,0.679922208953256,0.128486092384733,"TDN"
0.0685858585858586,0.679922208953256,0.128486092384733,"TDN"
0.0723232323232323,0.679922208953256,0.128486092384733,"TDN"
0.0760606060606061,0.679922208953256,0.128486092384733,"TDN"
0.0797979797979798,0.679922208953256,0.128486092384733,"TDN"
0.0835353535353535,0.679922208953256,0.128486092384733,"TDN"
0.0872727272727273,0.679922208953256,0.128486092384733,"TDN"
0.091010101010101,0.679922208953256,0.128486092384733,"TDN"
0.0947474747474747,0.679922208953256,0.128486092384733,"TDN"
0.0984848484848485,0.679922208953256,0.128486092384733,"TDN"
0.102222222222222,0.679641181896186,0.128432986208848,"TDN"
0.105959595959596,0.679748372247728,0.128453242157587,"TDN"
0.10969696969697,0.67981663898185,0.128466142642071,"TDN"
0.113434343434343,0.678093867537915,0.128140587500632,"TDN"
0.117171717171717,0.654317105353306,0.12364745104703,"TDN"
0.120909090909091,0.637475559255739,0.120464874541513,"TDN"
0.124646464646465,0.546247244240701,0.103225299841973,"TDN"
0.128383838383838,0.486419962949812,0.0919196335615576,"TDN"
0.132121212121212,0.44108035924394,0.0833517291252423,"TDN"
0.135858585858586,0.411595113097931,0.0777798504449812,"TDN"
0.13959595959596,0.414371968795814,0.0783045977367142,"TDN"
0.143333333333333,0.416653544641512,0.0787357511260769,"TDN"
0.147070707070707,0.437321872013541,0.0826414812010639,"TDN"
0.150808080808081,0.503778471775422,0.0951999014205266,"TDN"
0.154545454545455,0.506745978548123,0.0957606763802629,"TDN"
0.158282828282828,0.551470725528977,0.104212390262815,"TDN"
0.162020202020202,0.56187448000049,0.106178405993104,"TDN"
0.165757575757576,0.561998592952175,0.106201859835274,"TDN"
0.169494949494949,0.570009334179213,0.107715663655496,"TDN"
0.173232323232323,0.569076034556678,0.107539296388852,"TDN"
0.176969696969697,0.566092104746868,0.106975417938988,"TDN"
0.180707070707071,0.55904717210037,0.105644124660223,"TDN"
0.184444444444444,0.55855765062465,0.105551618928353,"TDN"
0.188181818181818,0.557595212342117,0.105369745278021,"TDN"
0.191919191919192,0.557595212342117,0.105369745278021,"TDN"
0.195656565656566,0.557927311078533,0.105432502558731,"TDN"
0.199393939393939,0.55786606469447,0.105420928722111,"TDN"
0.203131313131313,0.55786606469447,0.105420928722111,"TDN"
0.206868686868687,0.562707350581702,0.10633579500766,"TDN"
0.210606060606061,0.563533255494666,0.10649186770767,"TDN"
0.214343434343434,0.563479428820202,0.106481695986587,"TDN"
0.218080808080808,0.568187685493174,0.10737142350819,"TDN"
0.221818181818182,0.568187685493174,0.10737142350819,"TDN"
0.225555555555556,0.567914842947197,0.10731986397372,"TDN"
0.229292929292929,0.563726633214812,0.106528410634624,"TDN"
0.233030303030303,0.573045379231902,0.108289390414215,"TDN"
0.236767676767677,0.574835811172467,0.108627731478376,"TDN"
0.24050505050505,0.574835811172467,0.108627731478376,"TDN"
0.244242424242424,0.574835811172467,0.108627731478376,"TDN"
0.247979797979798,0.574835811172467,0.108627731478376,"TDN"
0.251717171717172,0.574835811172467,0.108627731478376,"TDN"
0.255454545454545,0.575283463620554,0.108712325146657,"TDN"
0.259191919191919,0.575283463620554,0.108712325146657,"TDN"
0.262929292929293,0.575283463620554,0.108712325146657,"TDN"
0.266666666666667,0.575283463620554,0.108712325146657,"TDN"
0.27040404040404,0.575283463620554,0.108712325146657,"TDN"
0.274141414141414,0.575283463620554,0.108712325146657,"TDN"
0.277878787878788,0.575283463620554,0.108712325146657,"TDN"
0.281616161616162,0.575283463620554,0.108712325146657,"TDN"
0.285353535353535,0.575283463620554,0.108712325146657,"TDN"
0.289090909090909,0.575283463620554,0.108712325146657,"TDN"
0.292828282828283,0.575283463620554,0.108712325146657,"TDN"
0.296565656565657,0.575283463620554,0.108712325146657,"TDN"
0.30030303030303,0.575283463620554,0.108712325146657,"TDN"
0.304040404040404,0.575283463620554,0.108712325146657,"TDN"
0.307777777777778,0.575283463620554,0.108712325146657,"TDN"
0.311515151515152,0.575283463620554,0.108712325146657,"TDN"
0.315252525252525,0.575283463620554,0.108712325146657,"TDN"
0.318989898989899,0.575283463620554,0.108712325146657,"TDN"
0.322727272727273,0.575283463620554,0.108712325146657,"TDN"
0.326464646464646,0.575283463620554,0.108712325146657,"TDN"
0.33020202020202,0.575283463620554,0.108712325146657,"TDN"
0.333939393939394,0.575283463620554,0.108712325146657,"TDN"
0.337676767676768,0.575283463620554,0.108712325146657,"TDN"
0.341414141414141,0.575283463620554,0.108712325146657,"TDN"
0.345151515151515,0.575283463620554,0.108712325146657,"TDN"
0.348888888888889,0.575283463620554,0.108712325146657,"TDN"
0.352626262626263,0.575283463620554,0.108712325146657,"TDN"
0.356363636363636,0.575283463620554,0.108712325146657,"TDN"
0.36010101010101,0.575283463620554,0.108712325146657,"TDN"
0.363838383838384,0.575283463620554,0.108712325146657,"TDN"
0.367575757575758,0.575283463620554,0.108712325146657,"TDN"
0.371313131313131,0.575283463620554,0.108712325146657,"TDN"
0.375050505050505,0.575283463620554,0.108712325146657,"TDN"
0.378787878787879,0.575283463620554,0.108712325146657,"TDN"
0.382525252525253,0.575283463620554,0.108712325146657,"TDN"
0.386262626262626,0.575283463620554,0.108712325146657,"TDN"
0.39,0.575283463620554,0.108712325146657,"TDN"
