0.591682454294187
1.89371347854704
-1.85560021808826
0.613499182430001
0.408056511413459
1.46574258882177
-0.147923282189596
0.487747110154287
-0.424963708155946
-0.0485809025542908
3.02875894617084
1.51281641071689
-2.1435141195686
1.08529606490484
-0.00194148529558637
0.66014178073604
0.104954462788729
0.180665316345214
0.634632615729698
-1.32108070213054
1.67723896019773
2.84897068296182
1.78661029731199
0.0386118586342462
1.0158993217263
2.23105708345544
1.26423614107695
1.85814841209741
-2.7059310541687
1.29724525798969
1.34906482478738
-2.84644155853855
2.60234935380858
1.44005552373274
2.56434994393185
2.22787314987786
0.0480261183619951
-1.91741466119346
1.71744460387745
0.52946090005068
-0.363403039053834
1.03278728518983
2.35593595140903
-0.151823388234283
1.14873214331279
-1.30861545119076
-0.22554897517661
1.6909278177121
0.125683204042555
1.71899022823183
1.45061988543464
1.90692433914684
1.57311340762148
1.53221971907943
1.78692836271337
0.955971259377956
0.906064959101505
2.27281724139734
2.1665838908138
-3.48199466480501
1.73100637430472
1.10808142867933
0.392270534820355
-4.08790072804781
0.41561543023313
1.85373886533151
1.50737924653489
2.1541898702983
0.175578193409932
2.33755462792957
-4.15181849174516
1.71930993521469
-3.535628310171
-4.19599543760167
1.73357918187912
0.921451977188938
-4.02965883083386
1.7758927350662
2.19829292080258
0.242373272996184
1.98321770522926
-4.31004220982354
1.61761084881322
-3.62002757527223
1.53570344717513
2.62703005778612
0.853307504509507
0.98358774989606
-0.265737616227822
0.10441396540482
0.78111236696633
-0.59231404790498
0.430564894640605
0.580104459931159
-0.688096628250872
0.0206688659386133
0.453966844370287
0.12220736136078
-1.12149832378153
-1.19493946502569
0.489591228245738
-0.996719505851538
-0.29452943782089
-0.238919730267013
