"Value","Chl_a","Chl_a_modified","Var"
129,0.775227109386244,0.16221114823746,"Ordinal_date"
130.424242424242,0.775227109386244,0.16221114823746,"Ordinal_date"
131.848484848485,0.775227109386244,0.16221114823746,"Ordinal_date"
133.272727272727,0.775227109386244,0.16221114823746,"Ordinal_date"
134.69696969697,0.775227109386244,0.16221114823746,"Ordinal_date"
136.121212121212,0.775227109386244,0.16221114823746,"Ordinal_date"
137.545454545455,0.775227109386244,0.16221114823746,"Ordinal_date"
138.969696969697,0.775227109386244,0.16221114823746,"Ordinal_date"
140.393939393939,0.775227109386244,0.16221114823746,"Ordinal_date"
141.818181818182,0.775227109386244,0.16221114823746,"Ordinal_date"
143.242424242424,0.775227109386244,0.16221114823746,"Ordinal_date"
144.666666666667,0.775227109386244,0.16221114823746,"Ordinal_date"
146.090909090909,0.775227109386244,0.16221114823746,"Ordinal_date"
147.515151515152,0.775227109386244,0.16221114823746,"Ordinal_date"
148.939393939394,0.775227109386244,0.16221114823746,"Ordinal_date"
150.363636363636,0.775227109386244,0.16221114823746,"Ordinal_date"
151.787878787879,0.775227109386244,0.16221114823746,"Ordinal_date"
153.212121212121,0.775227109386244,0.16221114823746,"Ordinal_date"
154.636363636364,0.775227109386244,0.16221114823746,"Ordinal_date"
156.060606060606,0.775227109386244,0.16221114823746,"Ordinal_date"
157.484848484848,0.775227109386244,0.16221114823746,"Ordinal_date"
158.909090909091,0.775227109386244,0.16221114823746,"Ordinal_date"
160.333333333333,0.775227109386244,0.16221114823746,"Ordinal_date"
161.757575757576,0.775227109386244,0.16221114823746,"Ordinal_date"
163.181818181818,0.775227109386244,0.16221114823746,"Ordinal_date"
164.606060606061,0.775227109386244,0.16221114823746,"Ordinal_date"
166.030303030303,0.775227109386244,0.16221114823746,"Ordinal_date"
167.454545454545,0.775227109386244,0.16221114823746,"Ordinal_date"
168.878787878788,0.775227109386244,0.16221114823746,"Ordinal_date"
170.30303030303,0.775227109386244,0.16221114823746,"Ordinal_date"
171.727272727273,0.775227109386244,0.16221114823746,"Ordinal_date"
173.151515151515,0.775227109386244,0.16221114823746,"Ordinal_date"
174.575757575758,0.77795146839203,0.162781202350879,"Ordinal_date"
176,0.77795146839203,0.162781202350879,"Ordinal_date"
177.424242424242,0.778733664248115,0.162944871663299,"Ordinal_date"
178.848484848485,0.82259212816757,0.172121965325488,"Ordinal_date"
180.272727272727,0.843005020092816,0.17639322802767,"Ordinal_date"
181.69696969697,0.863676509151129,0.180718600470568,"Ordinal_date"
183.121212121212,0.863676509151129,0.180718600470568,"Ordinal_date"
184.545454545455,0.86406603813052,0.180800106834644,"Ordinal_date"
185.969696969697,0.864322134339747,0.180853693273579,"Ordinal_date"
187.393939393939,0.864322134339747,0.180853693273579,"Ordinal_date"
188.818181818182,0.864721033224815,0.18093716022848,"Ordinal_date"
190.242424242424,0.864721033224815,0.18093716022848,"Ordinal_date"
191.666666666667,0.86487065773731,0.180968468168673,"Ordinal_date"
193.090909090909,0.865441665312793,0.181087947729372,"Ordinal_date"
194.515151515152,0.865441665312793,0.181087947729372,"Ordinal_date"
195.939393939394,1.00315027693098,0.209902564429836,"Ordinal_date"
197.363636363636,1.00858231047146,0.211039181541384,"Ordinal_date"
198.787878787879,1.01020361524232,0.211378428847548,"Ordinal_date"
200.212121212121,1.01576907754734,0.212542965046088,"Ordinal_date"
201.636363636364,1.01635822940032,0.212666241176916,"Ordinal_date"
203.060606060606,1.01725717421305,0.21285433943678,"Ordinal_date"
204.484848484848,1.01790384860146,0.212989651777912,"Ordinal_date"
205.909090909091,1.02278559849782,0.21401112567441,"Ordinal_date"
207.333333333333,1.02312209221119,0.214081534759645,"Ordinal_date"
208.757575757576,1.02786516442028,0.21507399126677,"Ordinal_date"
210.181818181818,1.10096843236088,0.230370366856554,"Ordinal_date"
211.606060606061,1.11405016171525,0.233107632251187,"Ordinal_date"
213.030303030303,1.11330597891661,0.232951916919764,"Ordinal_date"
214.454545454545,1.11365265842621,0.23302445731553,"Ordinal_date"
215.878787878788,1.11365265842621,0.23302445731553,"Ordinal_date"
217.30303030303,1.14811754044327,0.240236006058042,"Ordinal_date"
218.727272727273,1.14861119414692,0.240339299832383,"Ordinal_date"
220.151515151515,1.14908473833238,0.240438385822973,"Ordinal_date"
221.575757575758,1.14936351664615,0.240496718342349,"Ordinal_date"
223,1.14370105623864,0.23931188593204,"Ordinal_date"
224.424242424242,1.35649258746294,0.283837107247416,"Ordinal_date"
225.848484848485,1.37241724877297,0.287169237361439,"Ordinal_date"
227.272727272727,1.37247265111792,0.287180829935899,"Ordinal_date"
228.69696969697,1.37259116873166,0.287205628963149,"Ordinal_date"
230.121212121212,1.37363079441192,0.287423163764616,"Ordinal_date"
231.545454545455,1.52322773785161,0.318725335314548,"Ordinal_date"
232.969696969697,1.52322773785161,0.318725335314548,"Ordinal_date"
234.393939393939,1.52322773785161,0.318725335314548,"Ordinal_date"
235.818181818182,1.52322773785161,0.318725335314548,"Ordinal_date"
237.242424242424,1.52322773785161,0.318725335314548,"Ordinal_date"
238.666666666667,1.52322773785161,0.318725335314548,"Ordinal_date"
240.090909090909,1.52322773785161,0.318725335314548,"Ordinal_date"
241.515151515152,1.52322773785161,0.318725335314548,"Ordinal_date"
242.939393939394,1.52322773785161,0.318725335314548,"Ordinal_date"
244.363636363636,1.52322773785161,0.318725335314548,"Ordinal_date"
245.787878787879,1.52322773785161,0.318725335314548,"Ordinal_date"
247.212121212121,1.52322773785161,0.318725335314548,"Ordinal_date"
248.636363636364,1.52322773785161,0.318725335314548,"Ordinal_date"
250.060606060606,1.52322773785161,0.318725335314548,"Ordinal_date"
251.484848484848,1.52322773785161,0.318725335314548,"Ordinal_date"
252.909090909091,1.52322773785161,0.318725335314548,"Ordinal_date"
254.333333333333,1.52322773785161,0.318725335314548,"Ordinal_date"
255.757575757576,1.52322773785161,0.318725335314548,"Ordinal_date"
257.181818181818,1.52322773785161,0.318725335314548,"Ordinal_date"
258.606060606061,1.52322773785161,0.318725335314548,"Ordinal_date"
260.030303030303,1.52322773785161,0.318725335314548,"Ordinal_date"
261.454545454545,1.52322773785161,0.318725335314548,"Ordinal_date"
262.878787878788,1.52322773785161,0.318725335314548,"Ordinal_date"
264.30303030303,1.52322773785161,0.318725335314548,"Ordinal_date"
265.727272727273,1.52322773785161,0.318725335314548,"Ordinal_date"
267.151515151515,1.52322773785161,0.318725335314548,"Ordinal_date"
268.575757575758,1.52322773785161,0.318725335314548,"Ordinal_date"
270,1.52322773785161,0.318725335314548,"Ordinal_date"
0,1.03230512279777,0.216003023208272,"ppt_week"
0.305030307384453,1.03230512279777,0.216003023208272,"ppt_week"
0.610060614768905,1.03230512279777,0.216003023208272,"ppt_week"
0.915090922153358,1.03230512279777,0.216003023208272,"ppt_week"
1.22012122953781,0.989166018612633,0.206976450815382,"ppt_week"
1.52515153692226,0.988321697645344,0.206799782234102,"ppt_week"
1.83018184430672,0.98857708947978,0.206853221287268,"ppt_week"
2.13521215169117,1.06802757078607,0.223477709317513,"ppt_week"
2.44024245907562,1.12222914036927,0.234819029469906,"ppt_week"
2.74527276646007,1.12218428273974,0.234809643307444,"ppt_week"
3.05030307384453,1.12344893422202,0.235074263270518,"ppt_week"
3.35533338122898,1.12344893422202,0.235074263270518,"ppt_week"
3.66036368861343,1.12329933602882,0.235042960837465,"ppt_week"
3.96539399599788,1.12228798953043,0.234831343267874,"ppt_week"
4.27042430338234,1.13236430182519,0.236939745009172,"ppt_week"
4.57545461076679,1.13349880841058,0.237177133012856,"ppt_week"
4.88048491815124,1.13369522838583,0.237218232594303,"ppt_week"
5.18551522553569,1.13405965089213,0.237294485594843,"ppt_week"
5.49054553292015,1.13405965089213,0.237294485594843,"ppt_week"
5.7955758403046,1.13434581298593,0.237354363121383,"ppt_week"
6.10060614768905,1.13674680189494,0.237856754179591,"ppt_week"
6.4056364550735,1.13677736314776,0.237863148919728,"ppt_week"
6.71066676245796,1.13150161302967,0.236759233081251,"ppt_week"
7.01569706984241,1.12330674594502,0.235044511313448,"ppt_week"
7.32072737722686,1.12327193958424,0.235037228312532,"ppt_week"
7.62575768461131,1.12240278583868,0.234855363636548,"ppt_week"
7.93078799199577,1.10255483906752,0.230702311973462,"ppt_week"
8.23581829938022,1.10260191970264,0.230712163285149,"ppt_week"
8.54084860676467,1.10406158489188,0.231017588577327,"ppt_week"
8.84587891414912,1.10406158489188,0.231017588577327,"ppt_week"
9.15090922153358,1.1050200499799,0.231218141061355,"ppt_week"
9.45593952891803,1.1050200499799,0.231218141061355,"ppt_week"
9.76096983630248,1.08766025821239,0.227585719385596,"ppt_week"
10.0660001436869,1.08866817606003,0.227796619532682,"ppt_week"
10.3710304510714,1.08866817606003,0.227796619532682,"ppt_week"
10.6760607584558,1.08866817606003,0.227796619532682,"ppt_week"
10.9810910658403,1.08866817606003,0.227796619532682,"ppt_week"
11.2861213732247,1.08866817606003,0.227796619532682,"ppt_week"
11.5911516806092,1.08866817606003,0.227796619532682,"ppt_week"
11.8961819879936,1.08875629243029,0.227815057300693,"ppt_week"
12.2012122953781,1.08875629243029,0.227815057300693,"ppt_week"
12.5062426027626,1.09294197663075,0.228690884051453,"ppt_week"
12.811272910147,1.09331379678532,0.228768684960995,"ppt_week"
13.1163032175315,1.09337811810975,0.228782143772955,"ppt_week"
13.4213335249159,1.09337811810975,0.228782143772955,"ppt_week"
13.7263638323004,1.09337811810975,0.228782143772955,"ppt_week"
14.0313941396848,1.09337811810975,0.228782143772955,"ppt_week"
14.3364244470693,1.09337811810975,0.228782143772955,"ppt_week"
14.6414547544537,1.09337811810975,0.228782143772955,"ppt_week"
14.9464850618382,1.09337811810975,0.228782143772955,"ppt_week"
15.2515153692226,1.10332163598942,0.230862759160694,"ppt_week"
15.5565456766071,1.22117610022087,0.255523026760248,"ppt_week"
15.8615759839915,1.22439485968582,0.256196530901664,"ppt_week"
16.166606291376,1.22439485968582,0.256196530901664,"ppt_week"
16.4716365987604,1.22512185659571,0.256348650199468,"ppt_week"
16.7766669061449,1.22512185659571,0.256348650199468,"ppt_week"
17.0816972135293,1.22512185659571,0.256348650199468,"ppt_week"
17.3867275209138,1.2254892112228,0.256425516726902,"ppt_week"
17.6917578282982,1.2254892112228,0.256425516726902,"ppt_week"
17.9967881356827,1.2254892112228,0.256425516726902,"ppt_week"
18.3018184430672,1.2254892112228,0.256425516726902,"ppt_week"
18.6068487504516,1.2254892112228,0.256425516726902,"ppt_week"
18.9118790578361,1.2254892112228,0.256425516726902,"ppt_week"
19.2169093652205,1.2254892112228,0.256425516726902,"ppt_week"
19.521939672605,1.2254892112228,0.256425516726902,"ppt_week"
19.8269699799894,1.2254892112228,0.256425516726902,"ppt_week"
20.1320002873739,1.2254892112228,0.256425516726902,"ppt_week"
20.4370305947583,1.2254892112228,0.256425516726902,"ppt_week"
20.7420609021428,1.2254892112228,0.256425516726902,"ppt_week"
21.0470912095272,1.2254892112228,0.256425516726902,"ppt_week"
21.3521215169117,1.2254892112228,0.256425516726902,"ppt_week"
21.6571518242961,1.2254892112228,0.256425516726902,"ppt_week"
21.9621821316806,1.2254892112228,0.256425516726902,"ppt_week"
22.267212439065,1.2254892112228,0.256425516726902,"ppt_week"
22.5722427464495,1.2254892112228,0.256425516726902,"ppt_week"
22.8772730538339,1.2254892112228,0.256425516726902,"ppt_week"
23.1823033612184,1.2254892112228,0.256425516726902,"ppt_week"
23.4873336686028,1.2254892112228,0.256425516726902,"ppt_week"
23.7923639759873,1.2254892112228,0.256425516726902,"ppt_week"
24.0973942833717,1.2254892112228,0.256425516726902,"ppt_week"
24.4024245907562,1.2254892112228,0.256425516726902,"ppt_week"
24.7074548981407,1.2254892112228,0.256425516726902,"ppt_week"
25.0124852055251,1.2254892112228,0.256425516726902,"ppt_week"
25.3175155129096,1.2254892112228,0.256425516726902,"ppt_week"
25.622545820294,1.2254892112228,0.256425516726902,"ppt_week"
25.9275761276785,1.2254892112228,0.256425516726902,"ppt_week"
26.2326064350629,1.2254892112228,0.256425516726902,"ppt_week"
26.5376367424474,1.2254892112228,0.256425516726902,"ppt_week"
26.8426670498318,1.2254892112228,0.256425516726902,"ppt_week"
27.1476973572163,1.2254892112228,0.256425516726902,"ppt_week"
27.4527276646007,1.2254892112228,0.256425516726902,"ppt_week"
27.7577579719852,1.2254892112228,0.256425516726902,"ppt_week"
28.0627882793696,1.2254892112228,0.256425516726902,"ppt_week"
28.3678185867541,1.2254892112228,0.256425516726902,"ppt_week"
28.6728488941385,1.2254892112228,0.256425516726902,"ppt_week"
28.977879201523,1.2254892112228,0.256425516726902,"ppt_week"
29.2829095089074,1.2254892112228,0.256425516726902,"ppt_week"
29.5879398162919,1.2254892112228,0.256425516726902,"ppt_week"
29.8929701236763,1.2254892112228,0.256425516726902,"ppt_week"
30.1980004310608,1.2254892112228,0.256425516726902,"ppt_week"
8.84999991394579,1.08724559252807,0.227498953332173,"ppt_month"
10.6430100430217,1.08724559252807,0.227498953332173,"ppt_month"
12.4360201720976,1.08724559252807,0.227498953332173,"ppt_month"
14.2290303011735,1.08724559252807,0.227498953332173,"ppt_month"
16.0220404302494,1.08782239265507,0.227619644945986,"ppt_month"
17.8150505593253,1.08782239265507,0.227619644945986,"ppt_month"
19.6080606884013,1.12716962547264,0.23585279332022,"ppt_month"
21.4010708174772,1.13306661901582,0.237086700238858,"ppt_month"
23.1940809465531,1.13632588896187,0.237768680930663,"ppt_month"
24.987091075629,1.13706756322905,0.237923871368459,"ppt_month"
26.7801012047049,1.13780202542788,0.238077552728628,"ppt_month"
28.5731113337808,1.13645545086758,0.237795790903004,"ppt_month"
30.3661214628567,1.1254086172236,0.235484313984715,"ppt_month"
32.1591315919326,1.11177971050694,0.232632555343971,"ppt_month"
33.9521417210085,1.1124540496362,0.232773656349256,"ppt_month"
35.7451518500845,1.11285177056182,0.23285687682393,"ppt_month"
37.5381619791604,1.12201666650827,0.234774570718985,"ppt_month"
39.3311721082363,1.1317064746774,0.236802099026862,"ppt_month"
41.1241822373122,1.13723101462275,0.237958072492145,"ppt_month"
42.9171923663881,1.13803792097615,0.238126912312786,"ppt_month"
44.710202495464,1.14666932859497,0.239932977301745,"ppt_month"
46.5032126245399,1.14666932859497,0.239932977301745,"ppt_month"
48.2962227536158,1.14666932859497,0.239932977301745,"ppt_month"
50.0892328826917,1.14666932859497,0.239932977301745,"ppt_month"
51.8822430117677,1.14671661058958,0.239942870746575,"ppt_month"
53.6752531408436,1.14800178079784,0.240211784117428,"ppt_month"
55.4682632699195,1.18578652350487,0.248117991764393,"ppt_month"
57.2612733989954,1.18578652350487,0.248117991764393,"ppt_month"
59.0542835280713,1.18586343880037,0.248134085781553,"ppt_month"
60.8472936571472,1.1877960040431,0.248538462283962,"ppt_month"
62.6403037862231,1.1877960040431,0.248538462283962,"ppt_month"
64.433313915299,1.1877960040431,0.248538462283962,"ppt_month"
66.2263240443749,1.1877960040431,0.248538462283962,"ppt_month"
68.0193341734509,1.1877960040431,0.248538462283962,"ppt_month"
69.8123443025268,1.21671053013053,0.254588635737129,"ppt_month"
71.6053544316027,1.21671053013053,0.254588635737129,"ppt_month"
73.3983645606786,1.21671053013053,0.254588635737129,"ppt_month"
75.1913746897545,1.21510465661585,0.254252617319319,"ppt_month"
76.9843848188304,0.983618975442332,0.205815768699028,"ppt_month"
78.7773949479063,0.983229897010298,0.205734356609009,"ppt_month"
80.5704050769822,0.982188476066835,0.205516446160583,"ppt_month"
82.3634152060581,0.982188476066835,0.205516446160583,"ppt_month"
84.1564253351341,0.982188476066835,0.205516446160583,"ppt_month"
85.94943546421,0.982188476066835,0.205516446160583,"ppt_month"
87.7424455932859,0.982188476066835,0.205516446160583,"ppt_month"
89.5354557223618,0.982188476066835,0.205516446160583,"ppt_month"
91.3284658514377,0.982188476066835,0.205516446160583,"ppt_month"
93.1214759805136,0.982188476066835,0.205516446160583,"ppt_month"
94.9144861095895,0.982188476066835,0.205516446160583,"ppt_month"
96.7074962386654,0.982188476066835,0.205516446160583,"ppt_month"
98.5005063677414,0.982188476066835,0.205516446160583,"ppt_month"
100.293516496817,0.982188476066835,0.205516446160583,"ppt_month"
102.086526625893,0.982188476066835,0.205516446160583,"ppt_month"
103.879536754969,0.982188476066835,0.205516446160583,"ppt_month"
105.672546884045,0.982188476066835,0.205516446160583,"ppt_month"
107.465557013121,0.982188476066835,0.205516446160583,"ppt_month"
109.258567142197,0.982188476066835,0.205516446160583,"ppt_month"
111.051577271273,0.982188476066835,0.205516446160583,"ppt_month"
112.844587400349,0.982188476066835,0.205516446160583,"ppt_month"
114.637597529425,0.982188476066835,0.205516446160583,"ppt_month"
116.4306076585,0.982188476066835,0.205516446160583,"ppt_month"
118.223617787576,0.982188476066835,0.205516446160583,"ppt_month"
120.016627916652,0.982188476066835,0.205516446160583,"ppt_month"
121.809638045728,0.982188476066835,0.205516446160583,"ppt_month"
123.602648174804,0.982188476066835,0.205516446160583,"ppt_month"
125.39565830388,0.982188476066835,0.205516446160583,"ppt_month"
127.188668432956,0.982188476066835,0.205516446160583,"ppt_month"
128.981678562032,0.982188476066835,0.205516446160583,"ppt_month"
130.774688691108,0.982188476066835,0.205516446160583,"ppt_month"
132.567698820184,0.982188476066835,0.205516446160583,"ppt_month"
134.36070894926,0.982188476066835,0.205516446160583,"ppt_month"
136.153719078335,0.982188476066835,0.205516446160583,"ppt_month"
137.946729207411,0.982188476066835,0.205516446160583,"ppt_month"
139.739739336487,0.982188476066835,0.205516446160583,"ppt_month"
141.532749465563,0.982188476066835,0.205516446160583,"ppt_month"
143.325759594639,0.982188476066835,0.205516446160583,"ppt_month"
145.118769723715,0.982188476066835,0.205516446160583,"ppt_month"
146.911779852791,0.982188476066835,0.205516446160583,"ppt_month"
148.704789981867,0.982188476066835,0.205516446160583,"ppt_month"
150.497800110943,0.982188476066835,0.205516446160583,"ppt_month"
152.290810240019,0.982188476066835,0.205516446160583,"ppt_month"
154.083820369095,0.982188476066835,0.205516446160583,"ppt_month"
155.876830498171,0.982188476066835,0.205516446160583,"ppt_month"
157.669840627246,0.982188476066835,0.205516446160583,"ppt_month"
159.462850756322,0.982188476066835,0.205516446160583,"ppt_month"
161.255860885398,0.982188476066835,0.205516446160583,"ppt_month"
163.048871014474,0.982188476066835,0.205516446160583,"ppt_month"
164.84188114355,0.982188476066835,0.205516446160583,"ppt_month"
166.634891272626,0.982188476066835,0.205516446160583,"ppt_month"
168.427901401702,0.982188476066835,0.205516446160583,"ppt_month"
170.220911530778,0.982188476066835,0.205516446160583,"ppt_month"
172.013921659854,0.982188476066835,0.205516446160583,"ppt_month"
173.80693178893,0.982188476066835,0.205516446160583,"ppt_month"
175.599941918006,0.982188476066835,0.205516446160583,"ppt_month"
177.392952047081,0.982188476066835,0.205516446160583,"ppt_month"
179.185962176157,0.982188476066835,0.205516446160583,"ppt_month"
180.978972305233,0.982188476066835,0.205516446160583,"ppt_month"
182.771982434309,0.982188476066835,0.205516446160583,"ppt_month"
184.564992563385,0.982188476066835,0.205516446160583,"ppt_month"
186.358002692461,0.982188476066835,0.205516446160583,"ppt_month"
3.37128589834486,0.840410095504602,0.175850257210541,"tmean_week"
3.4835889311924,0.840410095504602,0.175850257210541,"tmean_week"
3.59589196403994,0.840410095504602,0.175850257210541,"tmean_week"
3.70819499688747,0.840410095504602,0.175850257210541,"tmean_week"
3.82049802973501,0.840410095504602,0.175850257210541,"tmean_week"
3.93280106258255,0.840410095504602,0.175850257210541,"tmean_week"
4.04510409543009,0.840410095504602,0.175850257210541,"tmean_week"
4.15740712827762,0.840410095504602,0.175850257210541,"tmean_week"
4.26971016112516,0.840410095504602,0.175850257210541,"tmean_week"
4.3820131939727,0.840410095504602,0.175850257210541,"tmean_week"
4.49431622682024,0.840410095504602,0.175850257210541,"tmean_week"
4.60661925966778,0.840410095504602,0.175850257210541,"tmean_week"
4.71892229251531,0.840410095504602,0.175850257210541,"tmean_week"
4.83122532536285,0.840410095504602,0.175850257210541,"tmean_week"
4.94352835821039,0.840410095504602,0.175850257210541,"tmean_week"
5.05583139105793,0.840410095504602,0.175850257210541,"tmean_week"
5.16813442390546,0.840410095504602,0.175850257210541,"tmean_week"
5.280437456753,0.840410095504602,0.175850257210541,"tmean_week"
5.39274048960054,0.840410095504602,0.175850257210541,"tmean_week"
5.50504352244808,0.840410095504602,0.175850257210541,"tmean_week"
5.61734655529562,0.840410095504602,0.175850257210541,"tmean_week"
5.72964958814315,0.840410095504602,0.175850257210541,"tmean_week"
5.84195262099069,0.840410095504602,0.175850257210541,"tmean_week"
5.95425565383823,0.840410095504602,0.175850257210541,"tmean_week"
6.06655868668577,0.840410095504602,0.175850257210541,"tmean_week"
6.1788617195333,0.840410095504602,0.175850257210541,"tmean_week"
6.29116475238084,0.840410095504602,0.175850257210541,"tmean_week"
6.40346778522838,0.840410095504602,0.175850257210541,"tmean_week"
6.51577081807592,0.840410095504602,0.175850257210541,"tmean_week"
6.62807385092345,0.840410095504602,0.175850257210541,"tmean_week"
6.74037688377099,0.840410095504602,0.175850257210541,"tmean_week"
6.85267991661853,0.840410095504602,0.175850257210541,"tmean_week"
6.96498294946607,0.840410095504602,0.175850257210541,"tmean_week"
7.07728598231361,0.840410095504602,0.175850257210541,"tmean_week"
7.18958901516115,0.840410095504602,0.175850257210541,"tmean_week"
7.30189204800868,0.840410095504602,0.175850257210541,"tmean_week"
7.41419508085622,0.864771037088928,0.180947623206511,"tmean_week"
7.52649811370376,0.883999918117182,0.184971139455038,"tmean_week"
7.6388011465513,0.883999918117182,0.184971139455038,"tmean_week"
7.75110417939883,0.883999918117182,0.184971139455038,"tmean_week"
7.86340721224637,0.946331382833931,0.198013586423942,"tmean_week"
7.97571024509391,0.946331382833931,0.198013586423942,"tmean_week"
8.08801327794145,0.946331382833931,0.198013586423942,"tmean_week"
8.20031631078898,0.946331382833931,0.198013586423942,"tmean_week"
8.31261934363652,0.946331382833931,0.198013586423942,"tmean_week"
8.42492237648406,0.946331382833931,0.198013586423942,"tmean_week"
8.5372254093316,0.948152714476338,0.19839468803076,"tmean_week"
8.64952844217914,0.948152714476338,0.19839468803076,"tmean_week"
8.76183147502667,0.948152714476338,0.19839468803076,"tmean_week"
8.87413450787421,0.955906140508734,0.200017041176388,"tmean_week"
8.98643754072175,0.997259154067925,0.208669885912206,"tmean_week"
9.09874057356929,0.999238354693829,0.209084020560276,"tmean_week"
9.21104360641682,0.999414417142026,0.209120860463754,"tmean_week"
9.32334663926436,1.00031258425174,0.209308795994403,"tmean_week"
9.4356496721119,1.00031258425174,0.209308795994403,"tmean_week"
9.54795270495944,1.00031258425174,0.209308795994403,"tmean_week"
9.66025573780698,1.00031258425174,0.209308795994403,"tmean_week"
9.77255877065451,1.00031258425174,0.209308795994403,"tmean_week"
9.88486180350205,1.00031258425174,0.209308795994403,"tmean_week"
9.99716483634959,1.00031258425174,0.209308795994403,"tmean_week"
10.1094678691971,1.01114937293911,0.21157632239396,"tmean_week"
10.2217709020447,1.01114937293911,0.21157632239396,"tmean_week"
10.3340739348922,1.01919630685395,0.213260090123844,"tmean_week"
10.4463769677397,1.17751647809538,0.246387539429063,"tmean_week"
10.5586800005873,1.18135072641357,0.247189830544519,"tmean_week"
10.6709830334348,1.19678236790113,0.250418799519646,"tmean_week"
10.7832860662824,1.2076942151117,0.252702031419031,"tmean_week"
10.8955890991299,1.21214610000877,0.253633558905921,"tmean_week"
11.0078921319774,1.2150582523791,0.254242907539519,"tmean_week"
11.120195164825,1.21532647432502,0.254299031208705,"tmean_week"
11.2324981976725,1.20881048625245,0.252935603776464,"tmean_week"
11.34480123052,1.18348922110347,0.247637296422516,"tmean_week"
11.4571042633676,1.18273351898905,0.247479170750412,"tmean_week"
11.5694072962151,1.18234321301333,0.24739750180499,"tmean_week"
11.6817103290627,1.16488016534489,0.243743474514503,"tmean_week"
11.7940133619102,1.16465307284546,0.243695956910123,"tmean_week"
11.9063163947577,1.16657229620426,0.244097541711513,"tmean_week"
12.0186194276053,1.14977740796676,0.240583322365285,"tmean_week"
12.1309224604528,1.15060700571985,0.240756910211317,"tmean_week"
12.2432254933003,1.15130387354223,0.24090272519672,"tmean_week"
12.3555285261479,1.1528880784211,0.241234209595721,"tmean_week"
12.4678315589954,1.15220504716496,0.241091289820343,"tmean_week"
12.580134591843,1.15202005700498,0.241052581852188,"tmean_week"
12.6924376246905,1.14732751850451,0.240070699189555,"tmean_week"
12.804740657538,1.11644347266662,0.233608416747511,"tmean_week"
12.9170436903856,1.11535741810356,0.233381167009222,"tmean_week"
13.0293467232331,1.11535741810356,0.233381167009222,"tmean_week"
13.1416497560806,1.11529595419385,0.233368306092403,"tmean_week"
13.2539527889282,1.11519146673603,0.233346442782536,"tmean_week"
13.3662558217757,1.11353480865582,0.232999798030084,"tmean_week"
13.4785588546233,1.11339463053348,0.23297046668459,"tmean_week"
13.5908618874708,1.11339463053348,0.23297046668459,"tmean_week"
13.7031649203183,1.11339463053348,0.23297046668459,"tmean_week"
13.8154679531659,1.11339463053348,0.23297046668459,"tmean_week"
13.9277709860134,1.11339463053348,0.23297046668459,"tmean_week"
14.0400740188609,1.11339463053348,0.23297046668459,"tmean_week"
14.1523770517085,1.11339463053348,0.23297046668459,"tmean_week"
14.264680084556,1.11339463053348,0.23297046668459,"tmean_week"
14.3769831174036,1.11339463053348,0.23297046668459,"tmean_week"
14.4892861502511,1.11339463053348,0.23297046668459,"tmean_week"
0.239499762270692,1.14573537860868,0.239737554440705,"ppt_percent_normal"
0.255716490347626,1.14573537860868,0.239737554440705,"ppt_percent_normal"
0.27193321842456,1.14573537860868,0.239737554440705,"ppt_percent_normal"
0.288149946501494,1.14573537860868,0.239737554440705,"ppt_percent_normal"
0.304366674578428,1.14573537860868,0.239737554440705,"ppt_percent_normal"
0.320583402655363,1.14573537860868,0.239737554440705,"ppt_percent_normal"
0.336800130732297,1.14573537860868,0.239737554440705,"ppt_percent_normal"
0.353016858809231,1.14573537860868,0.239737554440705,"ppt_percent_normal"
0.369233586886165,1.1457201108966,0.239734359772875,"ppt_percent_normal"
0.385450314963099,1.15224784051105,0.241100244045139,"ppt_percent_normal"
0.401667043040033,1.15224784051105,0.241100244045139,"ppt_percent_normal"
0.417883771116967,1.15224784051105,0.241100244045139,"ppt_percent_normal"
0.434100499193901,1.15224784051105,0.241100244045139,"ppt_percent_normal"
0.450317227270836,1.15224784051105,0.241100244045139,"ppt_percent_normal"
0.46653395534777,1.15224784051105,0.241100244045139,"ppt_percent_normal"
0.482750683424704,1.15224784051105,0.241100244045139,"ppt_percent_normal"
0.498967411501638,1.15224784051105,0.241100244045139,"ppt_percent_normal"
0.515184139578572,1.15224784051105,0.241100244045139,"ppt_percent_normal"
0.531400867655506,1.15224784051105,0.241100244045139,"ppt_percent_normal"
0.54761759573244,1.15224784051105,0.241100244045139,"ppt_percent_normal"
0.563834323809374,1.15224784051105,0.241100244045139,"ppt_percent_normal"
0.580051051886309,1.15224784051105,0.241100244045139,"ppt_percent_normal"
0.596267779963243,1.15224784051105,0.241100244045139,"ppt_percent_normal"
0.612484508040177,1.15224784051105,0.241100244045139,"ppt_percent_normal"
0.628701236117111,1.15224784051105,0.241100244045139,"ppt_percent_normal"
0.644917964194045,1.15224784051105,0.241100244045139,"ppt_percent_normal"
0.661134692270979,1.15392573047316,0.241451331428532,"ppt_percent_normal"
0.677351420347913,1.15392573047316,0.241451331428532,"ppt_percent_normal"
0.693568148424847,1.15392573047316,0.241451331428532,"ppt_percent_normal"
0.709784876501782,1.15399739348757,0.241466326440592,"ppt_percent_normal"
0.726001604578716,1.15399739348757,0.241466326440592,"ppt_percent_normal"
0.74221833265565,1.15399739348757,0.241466326440592,"ppt_percent_normal"
0.758435060732584,1.15399739348757,0.241466326440592,"ppt_percent_normal"
0.774651788809518,1.15203638266892,0.241055997889451,"ppt_percent_normal"
0.790868516886452,1.15203638266892,0.241055997889451,"ppt_percent_normal"
0.807085244963386,1.15203638266892,0.241055997889451,"ppt_percent_normal"
0.82330197304032,1.15203638266892,0.241055997889451,"ppt_percent_normal"
0.839518701117255,1.15203638266892,0.241055997889451,"ppt_percent_normal"
0.855735429194189,1.15203638266892,0.241055997889451,"ppt_percent_normal"
0.871952157271123,1.15203638266892,0.241055997889451,"ppt_percent_normal"
0.888168885348057,1.15203638266892,0.241055997889451,"ppt_percent_normal"
0.904385613424991,1.15203638266892,0.241055997889451,"ppt_percent_normal"
0.920602341501925,1.15203638266892,0.241055997889451,"ppt_percent_normal"
0.936819069578859,1.15203638266892,0.241055997889451,"ppt_percent_normal"
0.953035797655793,1.15203638266892,0.241055997889451,"ppt_percent_normal"
0.969252525732727,1.15233635502039,0.24111876512112,"ppt_percent_normal"
0.985469253809662,1.15233635502039,0.24111876512112,"ppt_percent_normal"
1.0016859818866,1.15233635502039,0.24111876512112,"ppt_percent_normal"
1.01790270996353,1.15233635502039,0.24111876512112,"ppt_percent_normal"
1.03411943804046,1.15256807163239,0.241167250290489,"ppt_percent_normal"
1.0503361661174,1.15256807163239,0.241167250290489,"ppt_percent_normal"
1.06655289419433,1.15256807163239,0.241167250290489,"ppt_percent_normal"
1.08276962227127,1.15708263165726,0.242111892133578,"ppt_percent_normal"
1.0989863503482,1.15708263165726,0.242111892133578,"ppt_percent_normal"
1.11520307842513,1.15708263165726,0.242111892133578,"ppt_percent_normal"
1.13141980650207,1.15708263165726,0.242111892133578,"ppt_percent_normal"
1.147636534579,1.15708263165726,0.242111892133578,"ppt_percent_normal"
1.16385326265594,1.15708263165726,0.242111892133578,"ppt_percent_normal"
1.18006999073287,1.0225702502461,0.213966065476232,"ppt_percent_normal"
1.19628671880981,1.0225702502461,0.213966065476232,"ppt_percent_normal"
1.21250344688674,0.86606896633666,0.181219206322034,"ppt_percent_normal"
1.22872017496367,0.86606896633666,0.181219206322034,"ppt_percent_normal"
1.24493690304061,0.86606896633666,0.181219206322034,"ppt_percent_normal"
1.26115363111754,0.86606896633666,0.181219206322034,"ppt_percent_normal"
1.27737035919448,0.86606896633666,0.181219206322034,"ppt_percent_normal"
1.29358708727141,0.86606896633666,0.181219206322034,"ppt_percent_normal"
1.30980381534834,0.86606896633666,0.181219206322034,"ppt_percent_normal"
1.32602054342528,0.86606896633666,0.181219206322034,"ppt_percent_normal"
1.34223727150221,0.86606896633666,0.181219206322034,"ppt_percent_normal"
1.35845399957915,0.86606896633666,0.181219206322034,"ppt_percent_normal"
1.37467072765608,0.86606896633666,0.181219206322034,"ppt_percent_normal"
1.39088745573301,0.86606896633666,0.181219206322034,"ppt_percent_normal"
1.40710418380995,0.86606896633666,0.181219206322034,"ppt_percent_normal"
1.42332091188688,0.86606896633666,0.181219206322034,"ppt_percent_normal"
1.43953763996382,0.86606896633666,0.181219206322034,"ppt_percent_normal"
1.45575436804075,0.86606896633666,0.181219206322034,"ppt_percent_normal"
1.47197109611769,0.86606896633666,0.181219206322034,"ppt_percent_normal"
1.48818782419462,0.86606896633666,0.181219206322034,"ppt_percent_normal"
1.50440455227155,0.86606896633666,0.181219206322034,"ppt_percent_normal"
1.52062128034849,0.86606896633666,0.181219206322034,"ppt_percent_normal"
1.53683800842542,0.86606896633666,0.181219206322034,"ppt_percent_normal"
1.55305473650236,0.86606896633666,0.181219206322034,"ppt_percent_normal"
1.56927146457929,0.86606896633666,0.181219206322034,"ppt_percent_normal"
1.58548819265622,0.86606896633666,0.181219206322034,"ppt_percent_normal"
1.60170492073316,0.86606896633666,0.181219206322034,"ppt_percent_normal"
1.61792164881009,0.86606896633666,0.181219206322034,"ppt_percent_normal"
1.63413837688703,0.86606896633666,0.181219206322034,"ppt_percent_normal"
1.65035510496396,0.86606896633666,0.181219206322034,"ppt_percent_normal"
1.66657183304089,0.86606896633666,0.181219206322034,"ppt_percent_normal"
1.68278856111783,0.86606896633666,0.181219206322034,"ppt_percent_normal"
1.69900528919476,0.86606896633666,0.181219206322034,"ppt_percent_normal"
1.7152220172717,0.86606896633666,0.181219206322034,"ppt_percent_normal"
1.73143874534863,0.86606896633666,0.181219206322034,"ppt_percent_normal"
1.74765547342557,0.86606896633666,0.181219206322034,"ppt_percent_normal"
1.7638722015025,0.86606896633666,0.181219206322034,"ppt_percent_normal"
1.78008892957943,0.86606896633666,0.181219206322034,"ppt_percent_normal"
1.79630565765637,0.86606896633666,0.181219206322034,"ppt_percent_normal"
1.8125223857333,0.86606896633666,0.181219206322034,"ppt_percent_normal"
1.82873911381024,0.86606896633666,0.181219206322034,"ppt_percent_normal"
1.84495584188717,0.86606896633666,0.181219206322034,"ppt_percent_normal"
-0.551692965543728,0.977834071714984,0.204605315833416,"tmean_percent_normal"
-0.530987235693693,0.977834071714984,0.204605315833416,"tmean_percent_normal"
-0.510281505843658,0.977834071714984,0.204605315833416,"tmean_percent_normal"
-0.489575775993623,0.977834071714984,0.204605315833416,"tmean_percent_normal"
-0.468870046143588,0.977834071714984,0.204605315833416,"tmean_percent_normal"
-0.448164316293553,0.977834071714984,0.204605315833416,"tmean_percent_normal"
-0.427458586443518,0.977834071714984,0.204605315833416,"tmean_percent_normal"
-0.406752856593484,0.977834071714984,0.204605315833416,"tmean_percent_normal"
-0.386047126743449,0.977834071714984,0.204605315833416,"tmean_percent_normal"
-0.365341396893414,0.977834071714984,0.204605315833416,"tmean_percent_normal"
-0.344635667043379,0.977834071714984,0.204605315833416,"tmean_percent_normal"
-0.323929937193344,0.977834071714984,0.204605315833416,"tmean_percent_normal"
-0.303224207343309,0.977834071714984,0.204605315833416,"tmean_percent_normal"
-0.282518477493274,0.977834071714984,0.204605315833416,"tmean_percent_normal"
-0.261812747643239,0.977834071714984,0.204605315833416,"tmean_percent_normal"
-0.241107017793204,0.977834071714984,0.204605315833416,"tmean_percent_normal"
-0.220401287943169,0.977834071714984,0.204605315833416,"tmean_percent_normal"
-0.199695558093134,0.977834071714984,0.204605315833416,"tmean_percent_normal"
-0.178989828243099,0.977834071714984,0.204605315833416,"tmean_percent_normal"
-0.158284098393064,0.977834071714984,0.204605315833416,"tmean_percent_normal"
-0.137578368543029,0.977834071714984,0.204605315833416,"tmean_percent_normal"
-0.116872638692995,0.977834071714984,0.204605315833416,"tmean_percent_normal"
-0.0961669088429596,0.977834071714984,0.204605315833416,"tmean_percent_normal"
-0.0754611789929246,0.977834071714984,0.204605315833416,"tmean_percent_normal"
-0.0547554491428897,0.977834071714984,0.204605315833416,"tmean_percent_normal"
-0.0340497192928548,0.977834071714984,0.204605315833416,"tmean_percent_normal"
-0.0133439894428199,0.977834071714984,0.204605315833416,"tmean_percent_normal"
0.00736174040721504,0.977834071714984,0.204605315833416,"tmean_percent_normal"
0.02806747025725,0.977834071714984,0.204605315833416,"tmean_percent_normal"
0.0487732001072849,0.977834071714984,0.204605315833416,"tmean_percent_normal"
0.0694789299573199,0.977834071714984,0.204605315833416,"tmean_percent_normal"
0.0901846598073548,0.977834071714984,0.204605315833416,"tmean_percent_normal"
0.11089038965739,0.977834071714984,0.204605315833416,"tmean_percent_normal"
0.131596119507425,0.977834071714984,0.204605315833416,"tmean_percent_normal"
0.15230184935746,0.977834071714984,0.204605315833416,"tmean_percent_normal"
0.173007579207495,0.977834071714984,0.204605315833416,"tmean_percent_normal"
0.193713309057529,0.977834071714984,0.204605315833416,"tmean_percent_normal"
0.214419038907564,0.977834071714984,0.204605315833416,"tmean_percent_normal"
0.235124768757599,0.977834071714984,0.204605315833416,"tmean_percent_normal"
0.255830498607634,0.977834071714984,0.204605315833416,"tmean_percent_normal"
0.276536228457669,0.977834071714984,0.204605315833416,"tmean_percent_normal"
0.297241958307704,0.977834071714984,0.204605315833416,"tmean_percent_normal"
0.317947688157739,0.977834071714984,0.204605315833416,"tmean_percent_normal"
0.338653418007774,0.977834071714984,0.204605315833416,"tmean_percent_normal"
0.359359147857809,0.977834071714984,0.204605315833416,"tmean_percent_normal"
0.380064877707844,0.977834071714984,0.204605315833416,"tmean_percent_normal"
0.400770607557879,0.977834071714984,0.204605315833416,"tmean_percent_normal"
0.421476337407914,0.977834071714984,0.204605315833416,"tmean_percent_normal"
0.442182067257949,0.977834071714984,0.204605315833416,"tmean_percent_normal"
0.462887797107984,0.977834071714984,0.204605315833416,"tmean_percent_normal"
0.483593526958018,0.977834071714984,0.204605315833416,"tmean_percent_normal"
0.504299256808053,0.977834071714984,0.204605315833416,"tmean_percent_normal"
0.525004986658088,0.977834071714984,0.204605315833416,"tmean_percent_normal"
0.545710716508123,0.977834071714984,0.204605315833416,"tmean_percent_normal"
0.566416446358158,0.977834071714984,0.204605315833416,"tmean_percent_normal"
0.587122176208193,0.977834071714984,0.204605315833416,"tmean_percent_normal"
0.607827906058228,0.977834071714984,0.204605315833416,"tmean_percent_normal"
0.628533635908263,0.977834071714984,0.204605315833416,"tmean_percent_normal"
0.649239365758298,0.977834071714984,0.204605315833416,"tmean_percent_normal"
0.669945095608333,0.977834071714984,0.204605315833416,"tmean_percent_normal"
0.690650825458368,0.977834071714984,0.204605315833416,"tmean_percent_normal"
0.711356555308403,0.977834071714984,0.204605315833416,"tmean_percent_normal"
0.732062285158438,0.977834071714984,0.204605315833416,"tmean_percent_normal"
0.752768015008473,0.977834071714984,0.204605315833416,"tmean_percent_normal"
0.773473744858508,0.977834071714984,0.204605315833416,"tmean_percent_normal"
0.794179474708542,0.977834071714984,0.204605315833416,"tmean_percent_normal"
0.814885204558577,0.977834071714984,0.204605315833416,"tmean_percent_normal"
0.835590934408612,0.977834071714984,0.204605315833416,"tmean_percent_normal"
0.856296664258647,0.977834071714984,0.204605315833416,"tmean_percent_normal"
0.877002394108682,0.977834071714984,0.204605315833416,"tmean_percent_normal"
0.897708123958717,0.977834071714984,0.204605315833416,"tmean_percent_normal"
0.918413853808752,0.977834071714984,0.204605315833416,"tmean_percent_normal"
0.939119583658787,0.977834071714984,0.204605315833416,"tmean_percent_normal"
0.959825313508822,0.977834071714984,0.204605315833416,"tmean_percent_normal"
0.980531043358857,0.977834071714984,0.204605315833416,"tmean_percent_normal"
1.00123677320889,0.977834071714984,0.204605315833416,"tmean_percent_normal"
1.02194250305893,1.08604112043266,0.227246925508002,"tmean_percent_normal"
1.04264823290896,1.08604112043266,0.227246925508002,"tmean_percent_normal"
1.063353962759,1.13372322688752,0.237224091095706,"tmean_percent_normal"
1.08405969260903,1.13367387248115,0.237213764012416,"tmean_percent_normal"
1.10476542245907,1.14146172673293,0.238843321035373,"tmean_percent_normal"
1.1254711523091,1.14142135818966,0.238834874184538,"tmean_percent_normal"
1.14617688215914,1.14320653520584,0.239208410674806,"tmean_percent_normal"
1.16688261200917,1.13723708240857,0.23795934213622,"tmean_percent_normal"
1.18758834185921,1.13723708240857,0.23795934213622,"tmean_percent_normal"
1.20829407170924,1.13364142596286,0.237206974792942,"tmean_percent_normal"
1.22899980155928,1.13306605082004,0.237086581347647,"tmean_percent_normal"
1.24970553140931,1.13306605082004,0.237086581347647,"tmean_percent_normal"
1.27041126125935,1.13235611345879,0.23693803164763,"tmean_percent_normal"
1.29111699110938,1.13227084830413,0.236920190477637,"tmean_percent_normal"
1.31182272095942,1.12779728721535,0.235984127390915,"tmean_percent_normal"
1.33252845080945,1.12779728721535,0.235984127390915,"tmean_percent_normal"
1.35323418065949,1.12779728721535,0.235984127390915,"tmean_percent_normal"
1.37393991050952,1.12779728721535,0.235984127390915,"tmean_percent_normal"
1.39464564035956,1.12756401351301,0.235935316410685,"tmean_percent_normal"
1.41535137020959,1.12719047044155,0.235857154992175,"tmean_percent_normal"
1.43605710005963,1.12719047044155,0.235857154992175,"tmean_percent_normal"
1.45676282990966,1.12719047044155,0.235857154992175,"tmean_percent_normal"
1.4774685597597,1.12719047044155,0.235857154992175,"tmean_percent_normal"
1.49817428960973,1.12719047044155,0.235857154992175,"tmean_percent_normal"
0,1.06338401987481,0.222506076984103,"ppt_day"
0.0790505072083136,1.07873946815018,0.225719103033231,"ppt_day"
0.158101014416627,1.07873946815018,0.225719103033231,"ppt_day"
0.237151521624941,1.08022476426462,0.226029891427082,"ppt_day"
0.316202028833255,1.08037527401136,0.226061384596689,"ppt_day"
0.395252536041568,1.08373455920264,0.226764292817438,"ppt_day"
0.474303043249882,1.08416925923675,0.226855250926125,"ppt_day"
0.553353550458195,1.09117917869731,0.228322030236318,"ppt_day"
0.632404057666509,1.17556827040216,0.245979889847288,"ppt_day"
0.711454564874823,1.16943248478539,0.244696017265712,"ppt_day"
0.790505072083136,1.16943248478539,0.244696017265712,"ppt_day"
0.86955557929145,1.17116957820483,0.245059492581206,"ppt_day"
0.948606086499764,1.17116957820483,0.245059492581206,"ppt_day"
1.02765659370808,1.17116957820483,0.245059492581206,"ppt_day"
1.10670710091639,1.16813100499641,0.244423691222903,"ppt_day"
1.1857576081247,1.16765621130022,0.244324343780454,"ppt_day"
1.26480811533302,1.16765621130022,0.244324343780454,"ppt_day"
1.34385862254133,1.16666974005498,0.244117931193153,"ppt_day"
1.42290912974965,1.16666974005498,0.244117931193153,"ppt_day"
1.50195963695796,1.16666974005498,0.244117931193153,"ppt_day"
1.58101014416627,1.16666974005498,0.244117931193153,"ppt_day"
1.66006065137459,1.16666974005498,0.244117931193153,"ppt_day"
1.7391111585829,1.16666974005498,0.244117931193153,"ppt_day"
1.81816166579121,1.16666974005498,0.244117931193153,"ppt_day"
1.89721217299953,1.16666974005498,0.244117931193153,"ppt_day"
1.97626268020784,1.16666974005498,0.244117931193153,"ppt_day"
2.05531318741615,1.16666974005498,0.244117931193153,"ppt_day"
2.13436369462447,1.16666974005498,0.244117931193153,"ppt_day"
2.21341420183278,1.16666974005498,0.244117931193153,"ppt_day"
2.2924647090411,1.16666974005498,0.244117931193153,"ppt_day"
2.37151521624941,1.16666974005498,0.244117931193153,"ppt_day"
2.45056572345772,1.16666974005498,0.244117931193153,"ppt_day"
2.52961623066604,1.16666974005498,0.244117931193153,"ppt_day"
2.60866673787435,1.16666974005498,0.244117931193153,"ppt_day"
2.68771724508266,1.16666974005498,0.244117931193153,"ppt_day"
2.76676775229098,1.16666974005498,0.244117931193153,"ppt_day"
2.84581825949929,1.16666974005498,0.244117931193153,"ppt_day"
2.9248687667076,1.16666974005498,0.244117931193153,"ppt_day"
3.00391927391592,1.16666974005498,0.244117931193153,"ppt_day"
3.08296978112423,1.16666974005498,0.244117931193153,"ppt_day"
3.16202028833255,1.16666974005498,0.244117931193153,"ppt_day"
3.24107079554086,1.16666974005498,0.244117931193153,"ppt_day"
3.32012130274917,1.16666974005498,0.244117931193153,"ppt_day"
3.39917180995749,1.16666974005498,0.244117931193153,"ppt_day"
3.4782223171658,1.16666974005498,0.244117931193153,"ppt_day"
3.55727282437411,1.16666974005498,0.244117931193153,"ppt_day"
3.63632333158243,1.16666974005498,0.244117931193153,"ppt_day"
3.71537383879074,1.16666974005498,0.244117931193153,"ppt_day"
3.79442434599905,1.16666974005498,0.244117931193153,"ppt_day"
3.87347485320737,1.16666974005498,0.244117931193153,"ppt_day"
3.95252536041568,1.16666974005498,0.244117931193153,"ppt_day"
4.031575867624,1.16666974005498,0.244117931193153,"ppt_day"
4.11062637483231,1.16666974005498,0.244117931193153,"ppt_day"
4.18967688204062,1.16666974005498,0.244117931193153,"ppt_day"
4.26872738924894,1.16666974005498,0.244117931193153,"ppt_day"
4.34777789645725,1.16666974005498,0.244117931193153,"ppt_day"
4.42682840366556,1.16666974005498,0.244117931193153,"ppt_day"
4.50587891087388,1.16666974005498,0.244117931193153,"ppt_day"
4.58492941808219,1.16666974005498,0.244117931193153,"ppt_day"
4.6639799252905,1.16666974005498,0.244117931193153,"ppt_day"
4.74303043249882,1.16666974005498,0.244117931193153,"ppt_day"
4.82208093970713,1.16666974005498,0.244117931193153,"ppt_day"
4.90113144691545,1.16666974005498,0.244117931193153,"ppt_day"
4.98018195412376,1.16666974005498,0.244117931193153,"ppt_day"
5.05923246133207,1.16666974005498,0.244117931193153,"ppt_day"
5.13828296854039,1.16666974005498,0.244117931193153,"ppt_day"
5.2173334757487,1.16666974005498,0.244117931193153,"ppt_day"
5.29638398295701,1.16666974005498,0.244117931193153,"ppt_day"
5.37543449016533,1.16666974005498,0.244117931193153,"ppt_day"
5.45448499737364,1.16666974005498,0.244117931193153,"ppt_day"
5.53353550458195,1.16666974005498,0.244117931193153,"ppt_day"
5.61258601179027,1.16666974005498,0.244117931193153,"ppt_day"
5.69163651899858,1.16666974005498,0.244117931193153,"ppt_day"
5.77068702620689,1.16666974005498,0.244117931193153,"ppt_day"
5.84973753341521,1.16666974005498,0.244117931193153,"ppt_day"
5.92878804062352,1.16666974005498,0.244117931193153,"ppt_day"
6.00783854783184,1.16666974005498,0.244117931193153,"ppt_day"
6.08688905504015,1.16666974005498,0.244117931193153,"ppt_day"
6.16593956224846,1.16666974005498,0.244117931193153,"ppt_day"
6.24499006945678,1.16666974005498,0.244117931193153,"ppt_day"
6.32404057666509,1.16666974005498,0.244117931193153,"ppt_day"
6.4030910838734,1.16666974005498,0.244117931193153,"ppt_day"
6.48214159108172,1.16666974005498,0.244117931193153,"ppt_day"
6.56119209829003,1.16666974005498,0.244117931193153,"ppt_day"
6.64024260549835,1.16666974005498,0.244117931193153,"ppt_day"
6.71929311270666,1.16666974005498,0.244117931193153,"ppt_day"
6.79834361991497,1.16666974005498,0.244117931193153,"ppt_day"
6.87739412712329,1.16666974005498,0.244117931193153,"ppt_day"
6.9564446343316,1.16666974005498,0.244117931193153,"ppt_day"
7.03549514153991,1.16666974005498,0.244117931193153,"ppt_day"
7.11454564874823,1.16666974005498,0.244117931193153,"ppt_day"
7.19359615595654,1.16666974005498,0.244117931193153,"ppt_day"
7.27264666316485,1.16666974005498,0.244117931193153,"ppt_day"
7.35169717037317,1.16666974005498,0.244117931193153,"ppt_day"
7.43074767758148,1.16666974005498,0.244117931193153,"ppt_day"
7.5097981847898,1.16666974005498,0.244117931193153,"ppt_day"
7.58884869199811,1.16666974005498,0.244117931193153,"ppt_day"
7.66789919920642,1.16666974005498,0.244117931193153,"ppt_day"
7.74694970641474,1.16666974005498,0.244117931193153,"ppt_day"
7.82600021362305,1.16666974005498,0.244117931193153,"ppt_day"
0.081,1.00518430238529,0.210328170810847,"NO3_N"
0.0837676767676768,1.00518430238529,0.210328170810847,"NO3_N"
0.0865353535353535,1.00518430238529,0.210328170810847,"NO3_N"
0.0893030303030303,1.00518430238529,0.210328170810847,"NO3_N"
0.0920707070707071,1.00518430238529,0.210328170810847,"NO3_N"
0.0948383838383838,1.00518430238529,0.210328170810847,"NO3_N"
0.0976060606060606,1.00518430238529,0.210328170810847,"NO3_N"
0.100373737373737,1.00518430238529,0.210328170810847,"NO3_N"
0.103141414141414,1.00518430238529,0.210328170810847,"NO3_N"
0.105909090909091,1.00518430238529,0.210328170810847,"NO3_N"
0.108676767676768,1.00518430238529,0.210328170810847,"NO3_N"
0.111444444444444,1.00518430238529,0.210328170810847,"NO3_N"
0.114212121212121,1.00518430238529,0.210328170810847,"NO3_N"
0.116979797979798,1.00518430238529,0.210328170810847,"NO3_N"
0.119747474747475,1.00518430238529,0.210328170810847,"NO3_N"
0.122515151515152,1.00518430238529,0.210328170810847,"NO3_N"
0.125282828282828,1.00518430238529,0.210328170810847,"NO3_N"
0.128050505050505,1.00518430238529,0.210328170810847,"NO3_N"
0.130818181818182,1.00518430238529,0.210328170810847,"NO3_N"
0.133585858585859,1.02953392571013,0.215423168535834,"NO3_N"
0.136353535353535,1.03685485493427,0.216955024583223,"NO3_N"
0.139121212121212,1.03160140409491,0.215855774721415,"NO3_N"
0.141888888888889,1.02383555532081,0.214230822199203,"NO3_N"
0.144656565656566,1.02404212189372,0.214274044889139,"NO3_N"
0.147424242424242,1.02387757769789,0.214239615103831,"NO3_N"
0.150191919191919,1.02389425330161,0.21424310436368,"NO3_N"
0.152959595959596,1.0243993795758,0.214348798697572,"NO3_N"
0.155727272727273,1.0264361919726,0.214774988227876,"NO3_N"
0.158494949494949,1.05455141595149,0.220657912998374,"NO3_N"
0.161262626262626,1.05587399054762,0.22093465299014,"NO3_N"
0.164030303030303,1.06405927430619,0.222647369510306,"NO3_N"
0.16679797979798,1.06685616086285,0.223232599534324,"NO3_N"
0.169565656565657,1.09058931273815,0.228198604683492,"NO3_N"
0.172333333333333,1.08308196079776,0.226627740915018,"NO3_N"
0.17510101010101,1.0783236261566,0.225632090844872,"NO3_N"
0.177868686868687,1.08287984335515,0.226585449176189,"NO3_N"
0.180636363636364,1.09456419033569,0.229030321546065,"NO3_N"
0.18340404040404,1.09222714348578,0.228541309941056,"NO3_N"
0.186171717171717,1.08789422632497,0.227634675666579,"NO3_N"
0.188939393939394,1.08615486688764,0.227270726201821,"NO3_N"
0.191707070707071,1.08615486688764,0.227270726201821,"NO3_N"
0.194474747474747,1.08615486688764,0.227270726201821,"NO3_N"
0.197242424242424,1.08858087110361,0.227778351547655,"NO3_N"
0.200010101010101,1.08914201134958,0.227895766434878,"NO3_N"
0.202777777777778,1.09295444990582,0.228693494001812,"NO3_N"
0.205545454545455,1.09368763290899,0.228846907698742,"NO3_N"
0.208313131313131,1.0937754412297,0.228865281009422,"NO3_N"
0.211080808080808,1.09435540698451,0.228986635009929,"NO3_N"
0.213848484848485,1.09435540698451,0.228986635009929,"NO3_N"
0.216616161616162,1.09560448080275,0.229247995449775,"NO3_N"
0.219383838383838,1.09900181605932,0.229958865395169,"NO3_N"
0.222151515151515,1.10669445715023,0.231568499693591,"NO3_N"
0.224919191919192,1.10669445715023,0.231568499693591,"NO3_N"
0.227686868686869,1.10848473586376,0.231943103680308,"NO3_N"
0.230454545454545,1.10848473586376,0.231943103680308,"NO3_N"
0.233222222222222,1.12216861910776,0.234806365795991,"NO3_N"
0.235989898989899,1.12790479416384,0.236006622509245,"NO3_N"
0.238757575757576,1.14026112808524,0.238592103704533,"NO3_N"
0.241525252525253,1.14411484650371,0.239398468809773,"NO3_N"
0.244292929292929,1.21280769236738,0.253771992733704,"NO3_N"
0.247060606060606,1.21507869823699,0.254247185700132,"NO3_N"
0.249828282828283,1.21583155252302,0.25440471548297,"NO3_N"
0.25259595959596,1.22545040001847,0.256417395738946,"NO3_N"
0.255363636363636,1.22574644447182,0.256479341083898,"NO3_N"
0.258131313131313,1.22574644447182,0.256479341083898,"NO3_N"
0.26089898989899,1.22668598216986,0.256675933136686,"NO3_N"
0.263666666666667,1.22741210980986,0.256827870545512,"NO3_N"
0.266434343434343,1.22741210980986,0.256827870545512,"NO3_N"
0.26920202020202,1.22741210980986,0.256827870545512,"NO3_N"
0.271969696969697,1.22741210980986,0.256827870545512,"NO3_N"
0.274737373737374,1.22741210980986,0.256827870545512,"NO3_N"
0.27750505050505,1.22741210980986,0.256827870545512,"NO3_N"
0.280272727272727,1.22741210980986,0.256827870545512,"NO3_N"
0.283040404040404,1.22741210980986,0.256827870545512,"NO3_N"
0.285808080808081,1.22741210980986,0.256827870545512,"NO3_N"
0.288575757575758,1.22741210980986,0.256827870545512,"NO3_N"
0.291343434343434,1.22741210980986,0.256827870545512,"NO3_N"
0.294111111111111,1.22741210980986,0.256827870545512,"NO3_N"
0.296878787878788,1.22741210980986,0.256827870545512,"NO3_N"
0.299646464646465,1.22741210980986,0.256827870545512,"NO3_N"
0.302414141414141,1.22741210980986,0.256827870545512,"NO3_N"
0.305181818181818,1.22741210980986,0.256827870545512,"NO3_N"
0.307949494949495,1.22741210980986,0.256827870545512,"NO3_N"
0.310717171717172,1.22741210980986,0.256827870545512,"NO3_N"
0.313484848484848,1.22741210980986,0.256827870545512,"NO3_N"
0.316252525252525,1.22741210980986,0.256827870545512,"NO3_N"
0.319020202020202,1.22741210980986,0.256827870545512,"NO3_N"
0.321787878787879,1.22741210980986,0.256827870545512,"NO3_N"
0.324555555555556,1.22741210980986,0.256827870545512,"NO3_N"
0.327323232323232,1.22741210980986,0.256827870545512,"NO3_N"
0.330090909090909,1.22741210980986,0.256827870545512,"NO3_N"
0.332858585858586,1.22741210980986,0.256827870545512,"NO3_N"
0.335626262626263,1.22741210980986,0.256827870545512,"NO3_N"
0.338393939393939,1.22741210980986,0.256827870545512,"NO3_N"
0.341161616161616,1.22741210980986,0.256827870545512,"NO3_N"
0.343929292929293,1.22741210980986,0.256827870545512,"NO3_N"
0.34669696969697,1.22741210980986,0.256827870545512,"NO3_N"
0.349464646464646,1.22741210980986,0.256827870545512,"NO3_N"
0.352232323232323,1.22741210980986,0.256827870545512,"NO3_N"
0.355,1.22741210980986,0.256827870545512,"NO3_N"
22.3,1.37694280573276,0.288116180240466,"NtoTP"
23.3444444444444,1.37694280573276,0.288116180240466,"NtoTP"
24.3888888888889,1.37694280573276,0.288116180240466,"NtoTP"
25.4333333333333,1.37694280573276,0.288116180240466,"NtoTP"
26.4777777777778,1.37694280573276,0.288116180240466,"NtoTP"
27.5222222222222,1.37694280573276,0.288116180240466,"NtoTP"
28.5666666666667,1.37694280573276,0.288116180240466,"NtoTP"
29.6111111111111,1.37694280573276,0.288116180240466,"NtoTP"
30.6555555555556,1.37694280573276,0.288116180240466,"NtoTP"
31.7,1.37694280573276,0.288116180240466,"NtoTP"
32.7444444444444,1.37694280573276,0.288116180240466,"NtoTP"
33.7888888888889,1.37694280573276,0.288116180240466,"NtoTP"
34.8333333333333,1.37694280573276,0.288116180240466,"NtoTP"
35.8777777777778,1.37694280573276,0.288116180240466,"NtoTP"
36.9222222222222,1.37694280573276,0.288116180240466,"NtoTP"
37.9666666666667,1.37694280573276,0.288116180240466,"NtoTP"
39.0111111111111,1.37672862627397,0.288071364604481,"NtoTP"
40.0555555555556,1.33464450956594,0.279265541367502,"NtoTP"
41.1,1.31559769111286,0.275280120509362,"NtoTP"
42.1444444444444,1.24851985372087,0.261244526432608,"NtoTP"
43.1888888888889,1.16789439814037,0.244374182802293,"NtoTP"
44.2333333333333,1.16104282850542,0.242940537146384,"NtoTP"
45.2777777777778,1.17256275103376,0.245351004786516,"NtoTP"
46.3222222222222,1.18244464059883,0.247418724856799,"NtoTP"
47.3666666666667,1.18334005370989,0.247606084131436,"NtoTP"
48.4111111111111,1.1834840421106,0.247636212752492,"NtoTP"
49.4555555555556,1.18763596426308,0.248504975017888,"NtoTP"
50.5,1.18682042036996,0.248334327849155,"NtoTP"
51.5444444444445,1.18358294917681,0.247656908402302,"NtoTP"
52.5888888888889,1.18608656710374,0.248180773904112,"NtoTP"
53.6333333333333,1.18688764244741,0.24834839362451,"NtoTP"
54.6777777777778,1.19317905792774,0.249664830726292,"NtoTP"
55.7222222222222,1.19180646330892,0.249377624375422,"NtoTP"
56.7666666666667,1.19164717897168,0.249344295180754,"NtoTP"
57.8111111111111,1.1917058056828,0.249356562432522,"NtoTP"
58.8555555555556,1.19173000334825,0.249361625634067,"NtoTP"
59.9,1.19199972091939,0.249418062252941,"NtoTP"
60.9444444444444,1.19281495756118,0.249588645131365,"NtoTP"
61.9888888888889,1.19551412745758,0.250153428590149,"NtoTP"
63.0333333333333,1.19642669676754,0.250344377685999,"NtoTP"
64.0777777777778,1.19431454142321,0.249902423141954,"NtoTP"
65.1222222222222,1.14500340198695,0.239584393171115,"NtoTP"
66.1666666666667,0.932976814067578,0.195219231185873,"NtoTP"
67.2111111111111,0.866572420834627,0.181324550847802,"NtoTP"
68.2555555555556,0.861113717168574,0.180182353188771,"NtoTP"
69.3,0.830653683228764,0.1738087924336,"NtoTP"
70.3444444444444,0.830653683228764,0.1738087924336,"NtoTP"
71.3888888888889,0.746499613111627,0.156200109536321,"NtoTP"
72.4333333333333,0.745666270948102,0.156025738197157,"NtoTP"
73.4777777777778,0.744819057233256,0.155848464327572,"NtoTP"
74.5222222222222,0.623150394941955,0.130390100996583,"NtoTP"
75.5666666666667,0.614444014884445,0.128568348520411,"NtoTP"
76.6111111111111,0.610433440726953,0.127729162388629,"NtoTP"
77.6555555555556,0.609582163231427,0.127551038199799,"NtoTP"
78.7,0.593109206464782,0.124104180885819,"NtoTP"
79.7444444444445,0.593109206464782,0.124104180885819,"NtoTP"
80.7888888888889,0.593109206464782,0.124104180885819,"NtoTP"
81.8333333333333,0.593109206464782,0.124104180885819,"NtoTP"
82.8777777777778,0.593109206464782,0.124104180885819,"NtoTP"
83.9222222222222,0.593109206464782,0.124104180885819,"NtoTP"
84.9666666666667,0.593109206464782,0.124104180885819,"NtoTP"
86.0111111111111,0.593109206464782,0.124104180885819,"NtoTP"
87.0555555555556,0.593109206464782,0.124104180885819,"NtoTP"
88.1,0.593109206464782,0.124104180885819,"NtoTP"
89.1444444444444,0.593109206464782,0.124104180885819,"NtoTP"
90.1888888888889,0.593109206464782,0.124104180885819,"NtoTP"
91.2333333333333,0.593109206464782,0.124104180885819,"NtoTP"
92.2777777777778,0.593109206464782,0.124104180885819,"NtoTP"
93.3222222222222,0.593109206464782,0.124104180885819,"NtoTP"
94.3666666666667,0.593109206464782,0.124104180885819,"NtoTP"
95.4111111111111,0.593109206464782,0.124104180885819,"NtoTP"
96.4555555555556,0.593109206464782,0.124104180885819,"NtoTP"
97.5,0.593109206464782,0.124104180885819,"NtoTP"
98.5444444444445,0.593109206464782,0.124104180885819,"NtoTP"
99.5888888888889,0.593109206464782,0.124104180885819,"NtoTP"
100.633333333333,0.593109206464782,0.124104180885819,"NtoTP"
101.677777777778,0.593109206464782,0.124104180885819,"NtoTP"
102.722222222222,0.593109206464782,0.124104180885819,"NtoTP"
103.766666666667,0.593109206464782,0.124104180885819,"NtoTP"
104.811111111111,0.593109206464782,0.124104180885819,"NtoTP"
105.855555555556,0.593109206464782,0.124104180885819,"NtoTP"
106.9,0.593109206464782,0.124104180885819,"NtoTP"
107.944444444444,0.593109206464782,0.124104180885819,"NtoTP"
108.988888888889,0.593109206464782,0.124104180885819,"NtoTP"
110.033333333333,0.593109206464782,0.124104180885819,"NtoTP"
111.077777777778,0.593109206464782,0.124104180885819,"NtoTP"
112.122222222222,0.593109206464782,0.124104180885819,"NtoTP"
113.166666666667,0.593109206464782,0.124104180885819,"NtoTP"
114.211111111111,0.593109206464782,0.124104180885819,"NtoTP"
115.255555555556,0.593109206464782,0.124104180885819,"NtoTP"
116.3,0.593109206464782,0.124104180885819,"NtoTP"
117.344444444444,0.593109206464782,0.124104180885819,"NtoTP"
118.388888888889,0.593109206464782,0.124104180885819,"NtoTP"
119.433333333333,0.593109206464782,0.124104180885819,"NtoTP"
120.477777777778,0.593109206464782,0.124104180885819,"NtoTP"
121.522222222222,0.593109206464782,0.124104180885819,"NtoTP"
122.566666666667,0.593109206464782,0.124104180885819,"NtoTP"
123.611111111111,0.593109206464782,0.124104180885819,"NtoTP"
124.655555555556,0.593109206464782,0.124104180885819,"NtoTP"
125.7,0.593109206464782,0.124104180885819,"NtoTP"
35.2,1.03016426822336,0.215555063540042,"NtoP"
43.8838383838384,1.03016426822336,0.215555063540042,"NtoP"
52.5676767676768,1.0329203488348,0.216131755189757,"NtoP"
61.2515151515152,1.0363212199522,0.216843364990657,"NtoP"
69.9353535353535,1.04275096606268,0.218188746862403,"NtoP"
78.6191919191919,1.04378671191528,0.21840546983558,"NtoP"
87.3030303030303,1.0478840367851,0.219262807980478,"NtoP"
95.9868686868687,1.04808505867392,0.219304870481919,"NtoP"
104.670707070707,1.04808505867392,0.219304870481919,"NtoP"
113.354545454545,1.04592936755835,0.218853806365521,"NtoP"
122.038383838384,1.0379100158475,0.217175810029498,"NtoP"
130.722222222222,1.03726126408162,0.217040063010862,"NtoP"
139.406060606061,1.04288807590847,0.218217436191313,"NtoP"
148.089898989899,1.0417844393684,0.217986507540554,"NtoP"
156.773737373737,1.04117983238289,0.217859997525406,"NtoP"
165.457575757576,1.04018734671192,0.21765232645928,"NtoP"
174.141414141414,1.04092601257112,0.217806887407592,"NtoP"
182.825252525252,1.04982203466138,0.219668321225548,"NtoP"
191.509090909091,1.0677826310853,0.223426457304224,"NtoP"
200.192929292929,1.14808031781811,0.240228217469775,"NtoP"
208.876767676768,1.14760484909567,0.240128728782546,"NtoP"
217.560606060606,1.14584919211685,0.239761369164961,"NtoP"
226.244444444444,1.13529768888326,0.237553536860815,"NtoP"
234.928282828283,1.18263069105713,0.247457654685371,"NtoP"
243.612121212121,1.1825834827086,0.247447776650495,"NtoP"
252.29595959596,1.19130191193127,0.249272050334831,"NtoP"
260.979797979798,1.19501966628502,0.250049965858275,"NtoP"
269.663636363636,1.20876590758523,0.252926275985022,"NtoP"
278.347474747475,1.23003866796658,0.257377460477746,"NtoP"
287.031313131313,1.27189500333709,0.266135621975528,"NtoP"
295.715151515151,1.27371332957906,0.26651609472217,"NtoP"
304.39898989899,1.27388081596445,0.266551140141195,"NtoP"
313.082828282828,1.27342104883974,0.266454936909499,"NtoP"
321.766666666667,1.27225745011961,0.266211461568925,"NtoP"
330.450505050505,1.23339964032744,0.258080721727576,"NtoP"
339.134343434343,1.21781890570545,0.254820555999605,"NtoP"
347.818181818182,1.21627524660783,0.254497555537314,"NtoP"
356.50202020202,1.2112449318289,0.253444995421178,"NtoP"
365.185858585859,1.19207816649525,0.249434476471151,"NtoP"
373.869696969697,1.18717869983293,0.248409295458486,"NtoP"
382.553535353535,1.18550702923952,0.248059509436882,"NtoP"
391.237373737374,1.15139696742957,0.240922204477276,"NtoP"
399.921212121212,1.1315615806961,0.236771780919053,"NtoP"
408.60505050505,1.1315615806961,0.236771780919053,"NtoP"
417.288888888889,1.13139852620897,0.236737662845442,"NtoP"
425.972727272727,1.13139852620897,0.236737662845442,"NtoP"
434.656565656566,1.13139852620897,0.236737662845442,"NtoP"
443.340404040404,1.13139852620897,0.236737662845442,"NtoP"
452.024242424242,1.13139852620897,0.236737662845442,"NtoP"
460.708080808081,1.13139852620897,0.236737662845442,"NtoP"
469.391919191919,1.13139852620897,0.236737662845442,"NtoP"
478.075757575758,1.13139852620897,0.236737662845442,"NtoP"
486.759595959596,1.13139852620897,0.236737662845442,"NtoP"
495.443434343434,1.13139852620897,0.236737662845442,"NtoP"
504.127272727273,1.13139852620897,0.236737662845442,"NtoP"
512.811111111111,1.13139852620897,0.236737662845442,"NtoP"
521.494949494949,1.13139852620897,0.236737662845442,"NtoP"
530.178787878788,1.13139852620897,0.236737662845442,"NtoP"
538.862626262626,1.13139852620897,0.236737662845442,"NtoP"
547.546464646465,1.13139852620897,0.236737662845442,"NtoP"
556.230303030303,1.13139852620897,0.236737662845442,"NtoP"
564.914141414141,1.13139852620897,0.236737662845442,"NtoP"
573.59797979798,1.13139852620897,0.236737662845442,"NtoP"
582.281818181818,1.13139852620897,0.236737662845442,"NtoP"
590.965656565657,1.13139852620897,0.236737662845442,"NtoP"
599.649494949495,1.13139852620897,0.236737662845442,"NtoP"
608.333333333333,1.13139852620897,0.236737662845442,"NtoP"
617.017171717172,1.13139852620897,0.236737662845442,"NtoP"
625.70101010101,1.13139852620897,0.236737662845442,"NtoP"
634.384848484848,1.13139852620897,0.236737662845442,"NtoP"
643.068686868687,1.13139852620897,0.236737662845442,"NtoP"
651.752525252525,1.13139852620897,0.236737662845442,"NtoP"
660.436363636364,1.13139852620897,0.236737662845442,"NtoP"
669.120202020202,1.13139852620897,0.236737662845442,"NtoP"
677.80404040404,1.13139852620897,0.236737662845442,"NtoP"
686.487878787879,1.13139852620897,0.236737662845442,"NtoP"
695.171717171717,1.13139852620897,0.236737662845442,"NtoP"
703.855555555555,1.13139852620897,0.236737662845442,"NtoP"
712.539393939394,1.13139852620897,0.236737662845442,"NtoP"
721.223232323232,1.13139852620897,0.236737662845442,"NtoP"
729.907070707071,1.13139852620897,0.236737662845442,"NtoP"
738.590909090909,1.13139852620897,0.236737662845442,"NtoP"
747.274747474747,1.13139852620897,0.236737662845442,"NtoP"
755.958585858586,1.13139852620897,0.236737662845442,"NtoP"
764.642424242424,1.13139852620897,0.236737662845442,"NtoP"
773.326262626263,1.13139852620897,0.236737662845442,"NtoP"
782.010101010101,1.13139852620897,0.236737662845442,"NtoP"
790.693939393939,1.13139852620897,0.236737662845442,"NtoP"
799.377777777778,1.13139852620897,0.236737662845442,"NtoP"
808.061616161616,1.13139852620897,0.236737662845442,"NtoP"
816.745454545455,1.13139852620897,0.236737662845442,"NtoP"
825.429292929293,1.13139852620897,0.236737662845442,"NtoP"
834.113131313131,1.13139852620897,0.236737662845442,"NtoP"
842.79696969697,1.13139852620897,0.236737662845442,"NtoP"
851.480808080808,1.13139852620897,0.236737662845442,"NtoP"
860.164646464646,1.13139852620897,0.236737662845442,"NtoP"
868.848484848485,1.13139852620897,0.236737662845442,"NtoP"
877.532323232323,1.13139852620897,0.236737662845442,"NtoP"
886.216161616162,1.13139852620897,0.236737662845442,"NtoP"
894.9,1.13139852620897,0.236737662845442,"NtoP"
0.112,1.09401781097289,0.228915995276074,"TDN"
0.11569696969697,1.09401781097289,0.228915995276074,"TDN"
0.119393939393939,1.09401781097289,0.228915995276074,"TDN"
0.123090909090909,1.09401781097289,0.228915995276074,"TDN"
0.126787878787879,1.09401781097289,0.228915995276074,"TDN"
0.130484848484848,1.09401781097289,0.228915995276074,"TDN"
0.134181818181818,1.09401781097289,0.228915995276074,"TDN"
0.137878787878788,1.09401781097289,0.228915995276074,"TDN"
0.141575757575758,1.09401781097289,0.228915995276074,"TDN"
0.145272727272727,1.09401781097289,0.228915995276074,"TDN"
0.148969696969697,1.09401781097289,0.228915995276074,"TDN"
0.152666666666667,1.09401781097289,0.228915995276074,"TDN"
0.156363636363636,1.09401781097289,0.228915995276074,"TDN"
0.160060606060606,1.09401781097289,0.228915995276074,"TDN"
0.163757575757576,1.09401781097289,0.228915995276074,"TDN"
0.167454545454545,1.09401781097289,0.228915995276074,"TDN"
0.171151515151515,1.09401781097289,0.228915995276074,"TDN"
0.174848484848485,1.09401781097289,0.228915995276074,"TDN"
0.178545454545455,1.09401781097289,0.228915995276074,"TDN"
0.182242424242424,1.09401781097289,0.228915995276074,"TDN"
0.185939393939394,1.09401781097289,0.228915995276074,"TDN"
0.189636363636364,1.09401781097289,0.228915995276074,"TDN"
0.193333333333333,1.09423190707661,0.228960793470561,"TDN"
0.197030303030303,1.09433191986749,0.228981720485948,"TDN"
0.200727272727273,1.09505962670414,0.229133988331234,"TDN"
0.204424242424242,1.09442278512035,0.229000733439471,"TDN"
0.208121212121212,1.09427701000447,0.228970230960076,"TDN"
0.211818181818182,1.09563164516893,0.229253679413838,"TDN"
0.215515151515151,1.09414820814074,0.228943280021495,"TDN"
0.219212121212121,1.09179484025001,0.228450853346579,"TDN"
0.222909090909091,1.09161450364148,0.228413119103304,"TDN"
0.226606060606061,1.09629898801028,0.229393316492124,"TDN"
0.23030303030303,1.07560567110216,0.225063376715941,"TDN"
0.234,1.07480735810476,0.224896334998239,"TDN"
0.23769696969697,1.07480735810476,0.224896334998239,"TDN"
0.241393939393939,1.07547745038515,0.225036547378469,"TDN"
0.245090909090909,1.08710439006491,0.227469407650132,"TDN"
0.248787878787879,1.08597059124371,0.227232167741427,"TDN"
0.252484848484848,1.08617581499733,0.227275109455302,"TDN"
0.256181818181818,1.09160533470594,0.22841120056415,"TDN"
0.259878787878788,1.11589360441508,0.233493360450613,"TDN"
0.263575757575758,1.12034019156263,0.234423779418434,"TDN"
0.267272727272727,1.12046914609233,0.234450762301359,"TDN"
0.270969696969697,1.12186311433819,0.234742440942404,"TDN"
0.274666666666667,1.12384204828768,0.235156519790197,"TDN"
0.278363636363636,1.1256656546922,0.235538097375951,"TDN"
0.282060606060606,1.13122893896593,0.236702177835841,"TDN"
0.285757575757576,1.13171407120289,0.236803688549606,"TDN"
0.289454545454545,1.13182466859381,0.236826830322587,"TDN"
0.293151515151515,1.13041130827632,0.236531094018738,"TDN"
0.296848484848485,1.13013321740817,0.236472905342813,"TDN"
0.300545454545455,1.13058697488885,0.236567851096219,"TDN"
0.304242424242424,1.13058697488885,0.236567851096219,"TDN"
0.307939393939394,1.13048297106119,0.236546088982766,"TDN"
0.311636363636364,1.13048297106119,0.236546088982766,"TDN"
0.315333333333333,1.12929438981182,0.236297386213088,"TDN"
0.319030303030303,1.12929438981182,0.236297386213088,"TDN"
0.322727272727273,1.12920895109986,0.236279508727377,"TDN"
0.326424242424242,1.12344479760254,0.235073397710235,"TDN"
0.330121212121212,1.09998651485803,0.230164907109748,"TDN"
0.333818181818182,1.09998651485803,0.230164907109748,"TDN"
0.337515151515151,1.09991093494058,0.230149092511619,"TDN"
0.341212121212121,1.09894272855263,0.229946501724972,"TDN"
0.344909090909091,1.09894272855263,0.229946501724972,"TDN"
0.348606060606061,1.09894272855263,0.229946501724972,"TDN"
0.35230303030303,1.09899208565146,0.229956829371643,"TDN"
0.356,1.09899208565146,0.229956829371643,"TDN"
0.35969696969697,1.09859267012172,0.229873254312259,"TDN"
0.363393939393939,1.09859267012172,0.229873254312259,"TDN"
0.367090909090909,1.09859267012172,0.229873254312259,"TDN"
0.370787878787879,1.09859267012172,0.229873254312259,"TDN"
0.374484848484848,1.09859267012172,0.229873254312259,"TDN"
0.378181818181818,1.09859267012172,0.229873254312259,"TDN"
0.381878787878788,1.09859267012172,0.229873254312259,"TDN"
0.385575757575758,1.09859267012172,0.229873254312259,"TDN"
0.389272727272727,1.09859267012172,0.229873254312259,"TDN"
0.392969696969697,1.09859267012172,0.229873254312259,"TDN"
0.396666666666667,1.09859267012172,0.229873254312259,"TDN"
0.400363636363636,1.09859267012172,0.229873254312259,"TDN"
0.404060606060606,1.09859267012172,0.229873254312259,"TDN"
0.407757575757576,1.09859267012172,0.229873254312259,"TDN"
0.411454545454545,1.09859267012172,0.229873254312259,"TDN"
0.415151515151515,1.09859267012172,0.229873254312259,"TDN"
0.418848484848485,1.09859267012172,0.229873254312259,"TDN"
0.422545454545455,1.09859267012172,0.229873254312259,"TDN"
0.426242424242424,1.09859267012172,0.229873254312259,"TDN"
0.429939393939394,1.09859267012172,0.229873254312259,"TDN"
0.433636363636364,1.09859267012172,0.229873254312259,"TDN"
0.437333333333333,1.09859267012172,0.229873254312259,"TDN"
0.441030303030303,1.09859267012172,0.229873254312259,"TDN"
0.444727272727273,1.09859267012172,0.229873254312259,"TDN"
0.448424242424242,1.09859267012172,0.229873254312259,"TDN"
0.452121212121212,1.09859267012172,0.229873254312259,"TDN"
0.455818181818182,1.09859267012172,0.229873254312259,"TDN"
0.459515151515151,1.09859267012172,0.229873254312259,"TDN"
0.463212121212121,1.09859267012172,0.229873254312259,"TDN"
0.466909090909091,1.09859267012172,0.229873254312259,"TDN"
0.470606060606061,1.09859267012172,0.229873254312259,"TDN"
0.47430303030303,1.09859267012172,0.229873254312259,"TDN"
0.478,1.09859267012172,0.229873254312259,"TDN"
3.2,1.35121490942722,0.282732788004917,"TEMP"
3.31313131313131,1.35121490942722,0.282732788004917,"TEMP"
3.42626262626263,1.35121490942722,0.282732788004917,"TEMP"
3.53939393939394,1.35121490942722,0.282732788004917,"TEMP"
3.65252525252525,1.35121490942722,0.282732788004917,"TEMP"
3.76565656565657,1.35121490942722,0.282732788004917,"TEMP"
3.87878787878788,1.35121490942722,0.282732788004917,"TEMP"
3.99191919191919,1.35121490942722,0.282732788004917,"TEMP"
4.1050505050505,1.35121490942722,0.282732788004917,"TEMP"
4.21818181818182,1.35121490942722,0.282732788004917,"TEMP"
4.33131313131313,1.35121490942722,0.282732788004917,"TEMP"
4.44444444444444,1.35121490942722,0.282732788004917,"TEMP"
4.55757575757576,1.35121490942722,0.282732788004917,"TEMP"
4.67070707070707,1.35121490942722,0.282732788004917,"TEMP"
4.78383838383838,1.35121490942722,0.282732788004917,"TEMP"
4.8969696969697,1.35121490942722,0.282732788004917,"TEMP"
5.01010101010101,1.35121490942722,0.282732788004917,"TEMP"
5.12323232323232,1.35121490942722,0.282732788004917,"TEMP"
5.23636363636364,1.35121490942722,0.282732788004917,"TEMP"
5.34949494949495,1.35121490942722,0.282732788004917,"TEMP"
5.46262626262626,1.35121490942722,0.282732788004917,"TEMP"
5.57575757575758,1.35121490942722,0.282732788004917,"TEMP"
5.68888888888889,1.35131122568561,0.282752941545316,"TEMP"
5.8020202020202,1.35136672975808,0.282764555405587,"TEMP"
5.91515151515152,1.35147411956989,0.282787026013842,"TEMP"
6.02828282828283,1.35253875311709,0.283009793546159,"TEMP"
6.14141414141414,1.3532190389235,0.283152138854329,"TEMP"
6.25454545454545,1.35385322367948,0.283284837822433,"TEMP"
6.36767676767677,1.35335234354682,0.28318003196559,"TEMP"
6.48080808080808,1.34605568561351,0.281653254525369,"TEMP"
6.59393939393939,1.34605568561351,0.281653254525369,"TEMP"
6.70707070707071,1.341922911446,0.280788498849257,"TEMP"
6.82020202020202,1.34132205394049,0.280662773388013,"TEMP"
6.93333333333333,1.34127366349651,0.280652648007481,"TEMP"
7.04646464646465,1.34169564417159,0.280740944674366,"TEMP"
7.15959595959596,1.34022500592217,0.280433223341879,"TEMP"
7.27272727272727,1.33394508326872,0.279119191038152,"TEMP"
7.38585858585859,1.33388385949721,0.279106380368666,"TEMP"
7.4989898989899,1.33417026542267,0.27916630891537,"TEMP"
7.61212121212121,1.3340340524768,0.279137807256839,"TEMP"
7.72525252525253,1.33240586723535,0.278797120257686,"TEMP"
7.83838383838384,1.33190476815436,0.278692268587351,"TEMP"
7.95151515151515,1.33182686287341,0.278675967422281,"TEMP"
8.06464646464647,1.33073859540079,0.278448254647296,"TEMP"
8.17777777777778,1.33061443255801,0.278422274393185,"TEMP"
8.29090909090909,1.32673682463336,0.277610910566692,"TEMP"
8.4040404040404,1.31550593569906,0.275260921295544,"TEMP"
8.51717171717172,1.31412871126204,0.274972746185818,"TEMP"
8.63030303030303,1.31553415634226,0.27526682627859,"TEMP"
8.74343434343434,1.32519732705528,0.277288780874856,"TEMP"
8.85656565656566,1.06910028016295,0.223702166663806,"TEMP"
8.96969696969697,1.05954035892674,0.221701816338064,"TEMP"
9.08282828282828,1.0606077395957,0.221925158687451,"TEMP"
9.1959595959596,1.06165204535975,0.222143672765513,"TEMP"
9.30909090909091,0.984697706903995,0.206041486126756,"TEMP"
9.42222222222222,0.940296405904107,0.196750807393745,"TEMP"
9.53535353535354,0.938674804923998,0.196411498107754,"TEMP"
9.64848484848485,0.939123436631148,0.196505371326933,"TEMP"
9.76161616161616,0.989284116527387,0.207001162023394,"TEMP"
9.87474747474747,0.989602613675121,0.207067805446229,"TEMP"
9.98787878787879,0.984537913719512,0.206008050459167,"TEMP"
10.1010101010101,0.9881395562771,0.206761670356786,"TEMP"
10.2141414141414,0.985957490715724,0.206305087561945,"TEMP"
10.3272727272727,0.966969749362804,0.202332028196501,"TEMP"
10.440404040404,0.99517319702313,0.208233413189163,"TEMP"
10.5535353535354,0.993571418822483,0.207898251688742,"TEMP"
10.6666666666667,0.969828962529168,0.202930299651609,"TEMP"
10.779797979798,0.861697990083764,0.180304608434117,"TEMP"
10.8929292929293,0.849899488816707,0.177835850034368,"TEMP"
11.0060606060606,0.801651457122062,0.167740268331115,"TEMP"
11.1191919191919,0.685708836493662,0.143480041367841,"TEMP"
11.2323232323232,0.685874881345485,0.143514785155496,"TEMP"
11.3454545454545,0.685761206872248,0.143490999523382,"TEMP"
11.4585858585859,0.68468760055845,0.143266354498965,"TEMP"
11.5717171717172,0.684869982348527,0.14330451668296,"TEMP"
11.6848484848485,0.684869982348527,0.14330451668296,"TEMP"
11.7979797979798,0.684869982348527,0.14330451668296,"TEMP"
11.9111111111111,0.686570122818485,0.14366025983804,"TEMP"
12.0242424242424,0.686570122818485,0.14366025983804,"TEMP"
12.1373737373737,0.686570122818485,0.14366025983804,"TEMP"
12.2505050505051,0.686570122818485,0.14366025983804,"TEMP"
12.3636363636364,0.686570122818485,0.14366025983804,"TEMP"
12.4767676767677,0.686570122818485,0.14366025983804,"TEMP"
12.589898989899,0.686570122818485,0.14366025983804,"TEMP"
12.7030303030303,0.686570122818485,0.14366025983804,"TEMP"
12.8161616161616,0.686570122818485,0.14366025983804,"TEMP"
12.9292929292929,0.686570122818485,0.14366025983804,"TEMP"
13.0424242424242,0.686570122818485,0.14366025983804,"TEMP"
13.1555555555556,0.686570122818485,0.14366025983804,"TEMP"
13.2686868686869,0.686570122818485,0.14366025983804,"TEMP"
13.3818181818182,0.686570122818485,0.14366025983804,"TEMP"
13.4949494949495,0.686570122818485,0.14366025983804,"TEMP"
13.6080808080808,0.686570122818485,0.14366025983804,"TEMP"
13.7212121212121,0.686570122818485,0.14366025983804,"TEMP"
13.8343434343434,0.686570122818485,0.14366025983804,"TEMP"
13.9474747474747,0.686570122818485,0.14366025983804,"TEMP"
14.0606060606061,0.686570122818485,0.14366025983804,"TEMP"
14.1737373737374,0.686570122818485,0.14366025983804,"TEMP"
14.2868686868687,0.686570122818485,0.14366025983804,"TEMP"
14.4,0.686570122818485,0.14366025983804,"TEMP"
0,1.09794879333417,0.229738527350615,"site_type_num"
0.0101010101010101,1.09794879333417,0.229738527350615,"site_type_num"
0.0202020202020202,1.09794879333417,0.229738527350615,"site_type_num"
0.0303030303030303,1.09794879333417,0.229738527350615,"site_type_num"
0.0404040404040404,1.09794879333417,0.229738527350615,"site_type_num"
0.0505050505050505,1.09794879333417,0.229738527350615,"site_type_num"
0.0606060606060606,1.09794879333417,0.229738527350615,"site_type_num"
0.0707070707070707,1.09794879333417,0.229738527350615,"site_type_num"
0.0808080808080808,1.09794879333417,0.229738527350615,"site_type_num"
0.0909090909090909,1.09794879333417,0.229738527350615,"site_type_num"
0.101010101010101,1.09794879333417,0.229738527350615,"site_type_num"
0.111111111111111,1.09794879333417,0.229738527350615,"site_type_num"
0.121212121212121,1.09794879333417,0.229738527350615,"site_type_num"
0.131313131313131,1.09794879333417,0.229738527350615,"site_type_num"
0.141414141414141,1.09794879333417,0.229738527350615,"site_type_num"
0.151515151515152,1.09794879333417,0.229738527350615,"site_type_num"
0.161616161616162,1.09794879333417,0.229738527350615,"site_type_num"
0.171717171717172,1.09794879333417,0.229738527350615,"site_type_num"
0.181818181818182,1.09794879333417,0.229738527350615,"site_type_num"
0.191919191919192,1.09794879333417,0.229738527350615,"site_type_num"
0.202020202020202,1.09794879333417,0.229738527350615,"site_type_num"
0.212121212121212,1.09794879333417,0.229738527350615,"site_type_num"
0.222222222222222,1.09794879333417,0.229738527350615,"site_type_num"
0.232323232323232,1.09794879333417,0.229738527350615,"site_type_num"
0.242424242424242,1.09794879333417,0.229738527350615,"site_type_num"
0.252525252525253,1.09794879333417,0.229738527350615,"site_type_num"
0.262626262626263,1.09794879333417,0.229738527350615,"site_type_num"
0.272727272727273,1.09794879333417,0.229738527350615,"site_type_num"
0.282828282828283,1.09794879333417,0.229738527350615,"site_type_num"
0.292929292929293,1.09794879333417,0.229738527350615,"site_type_num"
0.303030303030303,1.09794879333417,0.229738527350615,"site_type_num"
0.313131313131313,1.09794879333417,0.229738527350615,"site_type_num"
0.323232323232323,1.09794879333417,0.229738527350615,"site_type_num"
0.333333333333333,1.09794879333417,0.229738527350615,"site_type_num"
0.343434343434343,1.09794879333417,0.229738527350615,"site_type_num"
0.353535353535354,1.09794879333417,0.229738527350615,"site_type_num"
0.363636363636364,1.09794879333417,0.229738527350615,"site_type_num"
0.373737373737374,1.09794879333417,0.229738527350615,"site_type_num"
0.383838383838384,1.09794879333417,0.229738527350615,"site_type_num"
0.393939393939394,1.09794879333417,0.229738527350615,"site_type_num"
0.404040404040404,1.09794879333417,0.229738527350615,"site_type_num"
0.414141414141414,1.09794879333417,0.229738527350615,"site_type_num"
0.424242424242424,1.09794879333417,0.229738527350615,"site_type_num"
0.434343434343434,1.09794879333417,0.229738527350615,"site_type_num"
0.444444444444444,1.09794879333417,0.229738527350615,"site_type_num"
0.454545454545455,1.09794879333417,0.229738527350615,"site_type_num"
0.464646464646465,1.09794879333417,0.229738527350615,"site_type_num"
0.474747474747475,1.09794879333417,0.229738527350615,"site_type_num"
0.484848484848485,1.09794879333417,0.229738527350615,"site_type_num"
0.494949494949495,1.09794879333417,0.229738527350615,"site_type_num"
0.505050505050505,1.09450373944477,0.229017672596734,"site_type_num"
0.515151515151515,1.09450373944477,0.229017672596734,"site_type_num"
0.525252525252525,1.09450373944477,0.229017672596734,"site_type_num"
0.535353535353535,1.09450373944477,0.229017672596734,"site_type_num"
0.545454545454546,1.09450373944477,0.229017672596734,"site_type_num"
0.555555555555556,1.09450373944477,0.229017672596734,"site_type_num"
0.565656565656566,1.09450373944477,0.229017672596734,"site_type_num"
0.575757575757576,1.09450373944477,0.229017672596734,"site_type_num"
0.585858585858586,1.09450373944477,0.229017672596734,"site_type_num"
0.595959595959596,1.09450373944477,0.229017672596734,"site_type_num"
0.606060606060606,1.09450373944477,0.229017672596734,"site_type_num"
0.616161616161616,1.09450373944477,0.229017672596734,"site_type_num"
0.626262626262626,1.09450373944477,0.229017672596734,"site_type_num"
0.636363636363636,1.09450373944477,0.229017672596734,"site_type_num"
0.646464646464647,1.09450373944477,0.229017672596734,"site_type_num"
0.656565656565657,1.09450373944477,0.229017672596734,"site_type_num"
0.666666666666667,1.09450373944477,0.229017672596734,"site_type_num"
0.676767676767677,1.09450373944477,0.229017672596734,"site_type_num"
0.686868686868687,1.09450373944477,0.229017672596734,"site_type_num"
0.696969696969697,1.09450373944477,0.229017672596734,"site_type_num"
0.707070707070707,1.09450373944477,0.229017672596734,"site_type_num"
0.717171717171717,1.09450373944477,0.229017672596734,"site_type_num"
0.727272727272727,1.09450373944477,0.229017672596734,"site_type_num"
0.737373737373737,1.09450373944477,0.229017672596734,"site_type_num"
0.747474747474748,1.09450373944477,0.229017672596734,"site_type_num"
0.757575757575758,1.09450373944477,0.229017672596734,"site_type_num"
0.767676767676768,1.09450373944477,0.229017672596734,"site_type_num"
0.777777777777778,1.09450373944477,0.229017672596734,"site_type_num"
0.787878787878788,1.09450373944477,0.229017672596734,"site_type_num"
0.797979797979798,1.09450373944477,0.229017672596734,"site_type_num"
0.808080808080808,1.09450373944477,0.229017672596734,"site_type_num"
0.818181818181818,1.09450373944477,0.229017672596734,"site_type_num"
0.828282828282828,1.09450373944477,0.229017672596734,"site_type_num"
0.838383838383838,1.09450373944477,0.229017672596734,"site_type_num"
0.848484848484849,1.09450373944477,0.229017672596734,"site_type_num"
0.858585858585859,1.09450373944477,0.229017672596734,"site_type_num"
0.868686868686869,1.09450373944477,0.229017672596734,"site_type_num"
0.878787878787879,1.09450373944477,0.229017672596734,"site_type_num"
0.888888888888889,1.09450373944477,0.229017672596734,"site_type_num"
0.898989898989899,1.09450373944477,0.229017672596734,"site_type_num"
0.909090909090909,1.09450373944477,0.229017672596734,"site_type_num"
0.919191919191919,1.09450373944477,0.229017672596734,"site_type_num"
0.929292929292929,1.09450373944477,0.229017672596734,"site_type_num"
0.939393939393939,1.09450373944477,0.229017672596734,"site_type_num"
0.94949494949495,1.09450373944477,0.229017672596734,"site_type_num"
0.95959595959596,1.09450373944477,0.229017672596734,"site_type_num"
0.96969696969697,1.09450373944477,0.229017672596734,"site_type_num"
0.97979797979798,1.09450373944477,0.229017672596734,"site_type_num"
0.98989898989899,1.09450373944477,0.229017672596734,"site_type_num"
1,1.09450373944477,0.229017672596734,"site_type_num"
