-0.50305627299339
0.208843854408241
0.0659412978258749
1.07459314480028
0.987410922393467
0.561592297604673
0.546064692249807
1.23127580606321
0.611618040219196
0.692631181150423
1.49858048488165
0.277735185863475
1.50584119593342
2.13680499352374
1.93985678913654
0.986082476216384
1.54806947706914
1.35808980011758
1.17578065403382
2.02513670742333
-0.552587476338536
-0.717929113338737
-0.56606490755741
-0.685965167538703
-0.224307305973424
0.954210442925652
0.778284935560021
1.5090404378016
1.52050909230547
1.29462457878154
0.543861072359799
1.60699339214468
1.76331840683918
0.782214030681162
0.929062140791305
1.43087206587975
1.50227544284991
0.615471825260137
0.367949402148031
1.41849890151455
1.53095180782783
0.848637175288531
0.983556044219836
1.67522625061699
1.46703017301614
1.06583006301507
0.753276053436741
1.58938709953646
1.38215736994034
1.04395625316243
0.413172602375793
1.6347687260788
1.4382859251319
1.11101417583251
1.23092287802795
1.88454728493924
2.11098111992011
1.78142701407714
1.20057072473382
2.30691018559447
2.28626973453983
1.07813972486226
1.1415925662651
2.00080681144633
1.54595600451368
1.28063709521219
1.14590428926058
0.998623909142014
1.26351436872125
0.410722125028396
0.508171836595387
1.50914667196141
0.65633150822366
0.953317320244972
0.472171934607219
1.80154752884719
2.11151845930157
1.27903174254131
0.810911160945037
2.24065719759701
2.15868369074582
