"Value","Chl_a","Chl_a_modified","Var"
0,1.61000308291551,0.295426957593388,"ppt_week"
0.273141414141414,1.32164416642127,0.242514638170648,"ppt_week"
0.546282828282828,1.32164416642127,0.242514638170648,"ppt_week"
0.819424242424242,1.29862287002475,0.238290353368682,"ppt_week"
1.09256565656566,1.29862287002475,0.238290353368682,"ppt_week"
1.36570707070707,1.29862287002475,0.238290353368682,"ppt_week"
1.63884848484848,1.29862287002475,0.238290353368682,"ppt_week"
1.9119898989899,1.3615995092614,0.249846229954612,"ppt_week"
2.18513131313131,1.37842597378862,0.252933796230155,"ppt_week"
2.45827272727273,1.37842597378862,0.252933796230155,"ppt_week"
2.73141414141414,1.36653650949773,0.25075214310157,"ppt_week"
3.00455555555556,1.36653650949773,0.25075214310157,"ppt_week"
3.27769696969697,1.36653650949773,0.25075214310157,"ppt_week"
3.55083838383838,1.35579073459784,0.248780350861329,"ppt_week"
3.8239797979798,1.3192910443288,0.242082852847999,"ppt_week"
4.09712121212121,1.3192910443288,0.242082852847999,"ppt_week"
4.37026262626263,1.33313112420997,0.244622433508141,"ppt_week"
4.64340404040404,1.30633929596802,0.23970627627225,"ppt_week"
4.91654545454545,1.30633929596802,0.23970627627225,"ppt_week"
5.18968686868687,1.30633929596802,0.23970627627225,"ppt_week"
5.46282828282828,1.25573937979188,0.230421462193927,"ppt_week"
5.7359696969697,1.20327248920011,0.220794068292392,"ppt_week"
6.00911111111111,1.10702724861783,0.203133581235077,"ppt_week"
6.28225252525252,0.968458023715518,0.177706869346531,"ppt_week"
6.55539393939394,0.997035606159259,0.182950702930651,"ppt_week"
6.82853535353535,0.997035606159259,0.182950702930651,"ppt_week"
7.10167676767677,0.997035606159259,0.182950702930651,"ppt_week"
7.37481818181818,1.04461431698883,0.191681141981204,"ppt_week"
7.6479595959596,1.04461431698883,0.191681141981204,"ppt_week"
7.92110101010101,1.04461431698883,0.191681141981204,"ppt_week"
8.19424242424242,1.04461431698883,0.191681141981204,"ppt_week"
8.46738383838384,1.04461431698883,0.191681141981204,"ppt_week"
8.74052525252525,1.04461431698883,0.191681141981204,"ppt_week"
9.01366666666667,1.04461431698883,0.191681141981204,"ppt_week"
9.28680808080808,1.02010189285857,0.187183243212633,"ppt_week"
9.55994949494949,0.938535497907141,0.172216245845941,"ppt_week"
9.83309090909091,0.938535497907141,0.172216245845941,"ppt_week"
10.1062323232323,0.998233976724144,0.18317059752204,"ppt_week"
10.3793737373737,1.0214821529257,0.187436513555184,"ppt_week"
10.6525151515152,1.0214821529257,0.187436513555184,"ppt_week"
10.9256565656566,1.0214821529257,0.187436513555184,"ppt_week"
11.198797979798,1.0214821529257,0.187436513555184,"ppt_week"
11.4719393939394,1.00345427724347,0.184128494756221,"ppt_week"
11.7450808080808,1.00345427724347,0.184128494756221,"ppt_week"
12.0182222222222,1.00345427724347,0.184128494756221,"ppt_week"
12.2913636363636,1.00345427724347,0.184128494756221,"ppt_week"
12.564505050505,1.00345427724347,0.184128494756221,"ppt_week"
12.8376464646465,1.00345427724347,0.184128494756221,"ppt_week"
13.1107878787879,1.00345427724347,0.184128494756221,"ppt_week"
13.3839292929293,1.00345427724347,0.184128494756221,"ppt_week"
13.6570707070707,1.00345427724347,0.184128494756221,"ppt_week"
13.9302121212121,1.00345427724347,0.184128494756221,"ppt_week"
14.2033535353535,1.00345427724347,0.184128494756221,"ppt_week"
14.4764949494949,1.12658216237055,0.206721803355439,"ppt_week"
14.7496363636364,1.12658216237055,0.206721803355439,"ppt_week"
15.0227777777778,1.12658216237055,0.206721803355439,"ppt_week"
15.2959191919192,1.12658216237055,0.206721803355439,"ppt_week"
15.5690606060606,1.12658216237055,0.206721803355439,"ppt_week"
15.842202020202,1.12658216237055,0.206721803355439,"ppt_week"
16.1153434343434,1.12775986231032,0.206937904997638,"ppt_week"
16.3884848484848,1.12775986231032,0.206937904997638,"ppt_week"
16.6616262626263,1.1953782593312,0.219345519319124,"ppt_week"
16.9347676767677,1.1953782593312,0.219345519319124,"ppt_week"
17.2079090909091,1.1953782593312,0.219345519319124,"ppt_week"
17.4810505050505,1.27153424566432,0.233319735631914,"ppt_week"
17.7541919191919,1.27153424566432,0.233319735631914,"ppt_week"
18.0273333333333,1.27153424566432,0.233319735631914,"ppt_week"
18.3004747474747,1.27153424566432,0.233319735631914,"ppt_week"
18.5736161616162,1.63590418043047,0.3001796705033,"ppt_week"
18.8467575757576,1.60990236553833,0.295408476493175,"ppt_week"
19.119898989899,1.60990236553833,0.295408476493175,"ppt_week"
19.3930404040404,1.60990236553833,0.295408476493175,"ppt_week"
19.6661818181818,1.60990236553833,0.295408476493175,"ppt_week"
19.9393232323232,1.60990236553833,0.295408476493175,"ppt_week"
20.2124646464646,1.60990236553833,0.295408476493175,"ppt_week"
20.4856060606061,1.60990236553833,0.295408476493175,"ppt_week"
20.7587474747475,1.60990236553833,0.295408476493175,"ppt_week"
21.0318888888889,1.60990236553833,0.295408476493175,"ppt_week"
21.3050303030303,1.60990236553833,0.295408476493175,"ppt_week"
21.5781717171717,1.60990236553833,0.295408476493175,"ppt_week"
21.8513131313131,1.60990236553833,0.295408476493175,"ppt_week"
22.1244545454545,1.60990236553833,0.295408476493175,"ppt_week"
22.397595959596,1.60990236553833,0.295408476493175,"ppt_week"
22.6707373737374,1.60990236553833,0.295408476493175,"ppt_week"
22.9438787878788,1.60990236553833,0.295408476493175,"ppt_week"
23.2170202020202,1.60990236553833,0.295408476493175,"ppt_week"
23.4901616161616,1.60990236553833,0.295408476493175,"ppt_week"
23.763303030303,1.60990236553833,0.295408476493175,"ppt_week"
24.0364444444444,1.60990236553833,0.295408476493175,"ppt_week"
24.3095858585859,1.60990236553833,0.295408476493175,"ppt_week"
24.5827272727273,1.60990236553833,0.295408476493175,"ppt_week"
24.8558686868687,1.60990236553833,0.295408476493175,"ppt_week"
25.1290101010101,1.60990236553833,0.295408476493175,"ppt_week"
25.4021515151515,1.60990236553833,0.295408476493175,"ppt_week"
25.6752929292929,1.60990236553833,0.295408476493175,"ppt_week"
25.9484343434343,1.60990236553833,0.295408476493175,"ppt_week"
26.2215757575758,1.60990236553833,0.295408476493175,"ppt_week"
26.4947171717172,1.60990236553833,0.295408476493175,"ppt_week"
26.7678585858586,1.60990236553833,0.295408476493175,"ppt_week"
27.041,1.60990236553833,0.295408476493175,"ppt_week"
5.619,1.23793670776378,0.227154767061411,"tmean_day"
5.72810101010101,1.23793670776378,0.227154767061411,"tmean_day"
5.83720202020202,1.23793670776378,0.227154767061411,"tmean_day"
5.94630303030303,1.23793670776378,0.227154767061411,"tmean_day"
6.05540404040404,1.23793670776378,0.227154767061411,"tmean_day"
6.16450505050505,1.23793670776378,0.227154767061411,"tmean_day"
6.27360606060606,1.23793670776378,0.227154767061411,"tmean_day"
6.38270707070707,1.23793670776378,0.227154767061411,"tmean_day"
6.49180808080808,1.23793670776378,0.227154767061411,"tmean_day"
6.60090909090909,1.23793670776378,0.227154767061411,"tmean_day"
6.7100101010101,1.23793670776378,0.227154767061411,"tmean_day"
6.81911111111111,1.23793670776378,0.227154767061411,"tmean_day"
6.92821212121212,1.23793670776378,0.227154767061411,"tmean_day"
7.03731313131313,1.23793670776378,0.227154767061411,"tmean_day"
7.14641414141414,1.23793670776378,0.227154767061411,"tmean_day"
7.25551515151515,1.23793670776378,0.227154767061411,"tmean_day"
7.36461616161616,1.23793670776378,0.227154767061411,"tmean_day"
7.47371717171717,1.23793670776378,0.227154767061411,"tmean_day"
7.58281818181818,1.23793670776378,0.227154767061411,"tmean_day"
7.69191919191919,1.23793670776378,0.227154767061411,"tmean_day"
7.8010202020202,1.23793670776378,0.227154767061411,"tmean_day"
7.91012121212121,1.23793670776378,0.227154767061411,"tmean_day"
8.01922222222222,1.23793670776378,0.227154767061411,"tmean_day"
8.12832323232323,1.23793670776378,0.227154767061411,"tmean_day"
8.23742424242424,1.23793670776378,0.227154767061411,"tmean_day"
8.34652525252525,1.23793670776378,0.227154767061411,"tmean_day"
8.45562626262626,1.23793670776378,0.227154767061411,"tmean_day"
8.56472727272727,1.2019723740295,0.220555504109846,"tmean_day"
8.67382828282828,1.2019723740295,0.220555504109846,"tmean_day"
8.78292929292929,1.2019723740295,0.220555504109846,"tmean_day"
8.8920303030303,1.18631001105105,0.217681544244459,"tmean_day"
9.00113131313131,1.13291771411767,0.207884343227063,"tmean_day"
9.11023232323232,1.15276033158857,0.211525357441459,"tmean_day"
9.21933333333333,1.15276033158857,0.211525357441459,"tmean_day"
9.32843434343434,1.15276033158857,0.211525357441459,"tmean_day"
9.43753535353535,1.15276033158857,0.211525357441459,"tmean_day"
9.54663636363636,1.19013837861025,0.218384029222634,"tmean_day"
9.65573737373737,1.19013837861025,0.218384029222634,"tmean_day"
9.76483838383838,1.20410286217585,0.220946437293727,"tmean_day"
9.87393939393939,1.22821793809844,0.225371424790674,"tmean_day"
9.98304040404041,1.22821793809844,0.225371424790674,"tmean_day"
10.0921414141414,1.22821793809844,0.225371424790674,"tmean_day"
10.2012424242424,1.22821793809844,0.225371424790674,"tmean_day"
10.3103434343434,1.21395427158735,0.222754118248708,"tmean_day"
10.4194444444444,1.20169202494434,0.220504061551646,"tmean_day"
10.5285454545455,1.20169202494434,0.220504061551646,"tmean_day"
10.6376464646465,1.20169202494434,0.220504061551646,"tmean_day"
10.7467474747475,1.20169202494434,0.220504061551646,"tmean_day"
10.8558484848485,1.20169202494434,0.220504061551646,"tmean_day"
10.9649494949495,1.23095699255038,0.225874026637841,"tmean_day"
11.0740505050505,1.23095699255038,0.225874026637841,"tmean_day"
11.1831515151515,1.26494481537832,0.232110610405804,"tmean_day"
11.2922525252525,1.37659228039294,0.252597323296163,"tmean_day"
11.4013535353535,1.37659228039294,0.252597323296163,"tmean_day"
11.5104545454545,1.37659228039294,0.252597323296163,"tmean_day"
11.6195555555556,1.37659228039294,0.252597323296163,"tmean_day"
11.7286565656566,1.51156687686345,0.27736444008669,"tmean_day"
11.8377575757576,1.51156687686345,0.27736444008669,"tmean_day"
11.9468585858586,1.51156687686345,0.27736444008669,"tmean_day"
12.0559595959596,1.45196326738602,0.266427496427171,"tmean_day"
12.1650606060606,1.40059588955657,0.257001857238813,"tmean_day"
12.2741616161616,1.33457577342668,0.244887518915375,"tmean_day"
12.3832626262626,1.33457577342668,0.244887518915375,"tmean_day"
12.4923636363636,1.52108394134923,0.279110770535427,"tmean_day"
12.6014646464646,1.53874581137603,0.282351629253522,"tmean_day"
12.7105656565657,1.60504204963519,0.294516634511353,"tmean_day"
12.8196666666667,1.63140141004749,0.299353436212757,"tmean_day"
12.9287676767677,1.60914948941467,0.295270327749848,"tmean_day"
13.0378686868687,1.58240108237573,0.290362138072549,"tmean_day"
13.1469696969697,1.56343246851883,0.286881498848332,"tmean_day"
13.2560707070707,1.53955475355723,0.282500065818641,"tmean_day"
13.3651717171717,1.14944474894589,0.210916965753784,"tmean_day"
13.4742727272727,1.03685856385811,0.190258002749007,"tmean_day"
13.5833737373737,1.03685856385811,0.190258002749007,"tmean_day"
13.6924747474747,1.03685856385811,0.190258002749007,"tmean_day"
13.8015757575758,1.03685856385811,0.190258002749007,"tmean_day"
13.9106767676768,1.03685856385811,0.190258002749007,"tmean_day"
14.0197777777778,1.03685856385811,0.190258002749007,"tmean_day"
14.1288787878788,1.03685856385811,0.190258002749007,"tmean_day"
14.2379797979798,1.03685856385811,0.190258002749007,"tmean_day"
14.3470808080808,1.03685856385811,0.190258002749007,"tmean_day"
14.4561818181818,1.03685856385811,0.190258002749007,"tmean_day"
14.5652828282828,1.03685856385811,0.190258002749007,"tmean_day"
14.6743838383838,1.03685856385811,0.190258002749007,"tmean_day"
14.7834848484849,1.03685856385811,0.190258002749007,"tmean_day"
14.8925858585859,1.03685856385811,0.190258002749007,"tmean_day"
15.0016868686869,1.03685856385811,0.190258002749007,"tmean_day"
15.1107878787879,1.03685856385811,0.190258002749007,"tmean_day"
15.2198888888889,1.03685856385811,0.190258002749007,"tmean_day"
15.3289898989899,1.03685856385811,0.190258002749007,"tmean_day"
15.4380909090909,1.03685856385811,0.190258002749007,"tmean_day"
15.5471919191919,1.03685856385811,0.190258002749007,"tmean_day"
15.6562929292929,1.03685856385811,0.190258002749007,"tmean_day"
15.7653939393939,1.03685856385811,0.190258002749007,"tmean_day"
15.874494949495,1.03685856385811,0.190258002749007,"tmean_day"
15.983595959596,1.03685856385811,0.190258002749007,"tmean_day"
16.092696969697,1.03685856385811,0.190258002749007,"tmean_day"
16.201797979798,1.03685856385811,0.190258002749007,"tmean_day"
16.310898989899,1.03685856385811,0.190258002749007,"tmean_day"
16.42,1.03685856385811,0.190258002749007,"tmean_day"
2.403333,1.3169316717807,0.241649920600159,"tmean_month"
2.52528957575758,1.3169316717807,0.241649920600159,"tmean_month"
2.64724615151515,1.3169316717807,0.241649920600159,"tmean_month"
2.76920272727273,1.3169316717807,0.241649920600159,"tmean_month"
2.8911593030303,1.3169316717807,0.241649920600159,"tmean_month"
3.01311587878788,1.3169316717807,0.241649920600159,"tmean_month"
3.13507245454545,1.3169316717807,0.241649920600159,"tmean_month"
3.25702903030303,1.3169316717807,0.241649920600159,"tmean_month"
3.37898560606061,1.3169316717807,0.241649920600159,"tmean_month"
3.50094218181818,1.3169316717807,0.241649920600159,"tmean_month"
3.62289875757576,1.3169316717807,0.241649920600159,"tmean_month"
3.74485533333333,1.3169316717807,0.241649920600159,"tmean_month"
3.86681190909091,1.3169316717807,0.241649920600159,"tmean_month"
3.98876848484848,1.3169316717807,0.241649920600159,"tmean_month"
4.11072506060606,1.3169316717807,0.241649920600159,"tmean_month"
4.23268163636364,1.3169316717807,0.241649920600159,"tmean_month"
4.35463821212121,1.3169316717807,0.241649920600159,"tmean_month"
4.47659478787879,1.3169316717807,0.241649920600159,"tmean_month"
4.59855136363636,1.3169316717807,0.241649920600159,"tmean_month"
4.72050793939394,1.3169316717807,0.241649920600159,"tmean_month"
4.84246451515151,1.3169316717807,0.241649920600159,"tmean_month"
4.96442109090909,1.3169316717807,0.241649920600159,"tmean_month"
5.08637766666667,1.3169316717807,0.241649920600159,"tmean_month"
5.20833424242424,1.3169316717807,0.241649920600159,"tmean_month"
5.33029081818182,1.3169316717807,0.241649920600159,"tmean_month"
5.45224739393939,1.3169316717807,0.241649920600159,"tmean_month"
5.57420396969697,1.3169316717807,0.241649920600159,"tmean_month"
5.69616054545454,1.3169316717807,0.241649920600159,"tmean_month"
5.81811712121212,1.3169316717807,0.241649920600159,"tmean_month"
5.9400736969697,1.3169316717807,0.241649920600159,"tmean_month"
6.06203027272727,1.3169316717807,0.241649920600159,"tmean_month"
6.18398684848485,1.3169316717807,0.241649920600159,"tmean_month"
6.30594342424242,1.3169316717807,0.241649920600159,"tmean_month"
6.4279,1.3169316717807,0.241649920600159,"tmean_month"
6.54985657575758,1.3169316717807,0.241649920600159,"tmean_month"
6.67181315151515,1.3169316717807,0.241649920600159,"tmean_month"
6.79376972727273,1.3169316717807,0.241649920600159,"tmean_month"
6.9157263030303,1.3169316717807,0.241649920600159,"tmean_month"
7.03768287878788,1.3169316717807,0.241649920600159,"tmean_month"
7.15963945454545,1.3169316717807,0.241649920600159,"tmean_month"
7.28159603030303,1.3169316717807,0.241649920600159,"tmean_month"
7.40355260606061,1.3169316717807,0.241649920600159,"tmean_month"
7.52550918181818,1.3169316717807,0.241649920600159,"tmean_month"
7.64746575757576,1.3169316717807,0.241649920600159,"tmean_month"
7.76942233333333,1.3169316717807,0.241649920600159,"tmean_month"
7.89137890909091,1.3169316717807,0.241649920600159,"tmean_month"
8.01333548484848,1.3169316717807,0.241649920600159,"tmean_month"
8.13529206060606,1.3169316717807,0.241649920600159,"tmean_month"
8.25724863636364,1.3169316717807,0.241649920600159,"tmean_month"
8.37920521212121,1.3169316717807,0.241649920600159,"tmean_month"
8.50116178787879,1.3169316717807,0.241649920600159,"tmean_month"
8.62311836363636,1.3169316717807,0.241649920600159,"tmean_month"
8.74507493939394,1.3169316717807,0.241649920600159,"tmean_month"
8.86703151515152,1.3169316717807,0.241649920600159,"tmean_month"
8.98898809090909,1.3169316717807,0.241649920600159,"tmean_month"
9.11094466666666,1.5264579558638,0.280096873465879,"tmean_month"
9.23290124242424,1.58312643044165,0.290495235564464,"tmean_month"
9.35485781818182,1.58312643044165,0.290495235564464,"tmean_month"
9.47681439393939,1.58312643044165,0.290495235564464,"tmean_month"
9.59877096969697,1.57054937607931,0.288187413334073,"tmean_month"
9.72072754545454,1.57054937607931,0.288187413334073,"tmean_month"
9.84268412121212,1.57054937607931,0.288187413334073,"tmean_month"
9.9646406969697,1.31411927442956,0.241133860723128,"tmean_month"
10.0865972727273,1.31411927442956,0.241133860723128,"tmean_month"
10.2085538484848,1.29795861319836,0.238168465792588,"tmean_month"
10.3305104242424,1.29795861319836,0.238168465792588,"tmean_month"
10.452467,1.20732164612108,0.22153706693797,"tmean_month"
10.5744235757576,1.26094481615656,0.231376631935203,"tmean_month"
10.6963801515152,1.14636474887969,0.210351802209317,"tmean_month"
10.8183367272727,0.998077509254375,0.183141886577915,"tmean_month"
10.9402933030303,1.22818852487333,0.225366027621128,"tmean_month"
11.0622498787879,1.22818852487333,0.225366027621128,"tmean_month"
11.1842064545455,1.22818852487333,0.225366027621128,"tmean_month"
11.306163030303,1.29085071715463,0.236864204871989,"tmean_month"
11.4281196060606,1.30375924019924,0.239232849833332,"tmean_month"
11.5500761818182,1.30375924019924,0.239232849833332,"tmean_month"
11.6720327575758,1.32694136540532,0.243486645861958,"tmean_month"
11.7939893333333,1.24009652439745,0.227551081865908,"tmean_month"
11.9159459090909,1.27540461044593,0.234029926875855,"tmean_month"
12.0379024848485,1.29838372682331,0.238246471869831,"tmean_month"
12.1598590606061,1.30886058205328,0.240168918788463,"tmean_month"
12.2818156363636,1.29877530058837,0.238318323562114,"tmean_month"
12.4037722121212,1.29877530058837,0.238318323562114,"tmean_month"
12.5257287878788,1.28531561212038,0.235848542692469,"tmean_month"
12.6476853636364,1.28531561212038,0.235848542692469,"tmean_month"
12.7696419393939,1.28531561212038,0.235848542692469,"tmean_month"
12.8915985151515,1.28531561212038,0.235848542692469,"tmean_month"
13.0135550909091,1.28531561212038,0.235848542692469,"tmean_month"
13.1355116666667,1.28531561212038,0.235848542692469,"tmean_month"
13.2574682424242,1.28531561212038,0.235848542692469,"tmean_month"
13.3794248181818,1.28531561212038,0.235848542692469,"tmean_month"
13.5013813939394,1.28531561212038,0.235848542692469,"tmean_month"
13.623337969697,1.28531561212038,0.235848542692469,"tmean_month"
13.7452945454545,1.28531561212038,0.235848542692469,"tmean_month"
13.8672511212121,1.28531561212038,0.235848542692469,"tmean_month"
13.9892076969697,1.28531561212038,0.235848542692469,"tmean_month"
14.1111642727273,1.28531561212038,0.235848542692469,"tmean_month"
14.2331208484848,1.28531561212038,0.235848542692469,"tmean_month"
14.3550774242424,1.28531561212038,0.235848542692469,"tmean_month"
14.477034,1.28531561212038,0.235848542692469,"tmean_month"
152,1.08154818553335,0.198458309386686,"Ordinal_date"
153.151515151515,1.08154818553335,0.198458309386686,"Ordinal_date"
154.30303030303,1.08154818553335,0.198458309386686,"Ordinal_date"
155.454545454545,1.08154818553335,0.198458309386686,"Ordinal_date"
156.606060606061,1.08154818553335,0.198458309386686,"Ordinal_date"
157.757575757576,1.08154818553335,0.198458309386686,"Ordinal_date"
158.909090909091,1.08154818553335,0.198458309386686,"Ordinal_date"
160.060606060606,1.08154818553335,0.198458309386686,"Ordinal_date"
161.212121212121,1.08154818553335,0.198458309386686,"Ordinal_date"
162.363636363636,1.08154818553335,0.198458309386686,"Ordinal_date"
163.515151515152,1.08154818553335,0.198458309386686,"Ordinal_date"
164.666666666667,1.08154818553335,0.198458309386686,"Ordinal_date"
165.818181818182,1.08154818553335,0.198458309386686,"Ordinal_date"
166.969696969697,1.08154818553335,0.198458309386686,"Ordinal_date"
168.121212121212,1.08154818553335,0.198458309386686,"Ordinal_date"
169.272727272727,1.08154818553335,0.198458309386686,"Ordinal_date"
170.424242424242,1.08154818553335,0.198458309386686,"Ordinal_date"
171.575757575758,1.08154818553335,0.198458309386686,"Ordinal_date"
172.727272727273,1.08154818553335,0.198458309386686,"Ordinal_date"
173.878787878788,1.08154818553335,0.198458309386686,"Ordinal_date"
175.030303030303,1.08154818553335,0.198458309386686,"Ordinal_date"
176.181818181818,1.08154818553335,0.198458309386686,"Ordinal_date"
177.333333333333,1.08154818553335,0.198458309386686,"Ordinal_date"
178.484848484848,1.08154818553335,0.198458309386686,"Ordinal_date"
179.636363636364,1.13089010025839,0.207512286924825,"Ordinal_date"
180.787878787879,1.13089010025839,0.207512286924825,"Ordinal_date"
181.939393939394,1.13089010025839,0.207512286924825,"Ordinal_date"
183.090909090909,1.13089010025839,0.207512286924825,"Ordinal_date"
184.242424242424,1.13089010025839,0.207512286924825,"Ordinal_date"
185.393939393939,1.16770411264077,0.214267461365384,"Ordinal_date"
186.545454545455,1.16770411264077,0.214267461365384,"Ordinal_date"
187.69696969697,1.19632787944292,0.219519769532341,"Ordinal_date"
188.848484848485,1.16662357359073,0.214069188226964,"Ordinal_date"
190,1.16662357359073,0.214069188226964,"Ordinal_date"
191.151515151515,1.16662357359073,0.214069188226964,"Ordinal_date"
192.30303030303,1.16662357359073,0.214069188226964,"Ordinal_date"
193.454545454545,1.16662357359073,0.214069188226964,"Ordinal_date"
194.606060606061,1.24739661921808,0.228890610234448,"Ordinal_date"
195.757575757576,1.24739661921808,0.228890610234448,"Ordinal_date"
196.909090909091,1.24739661921808,0.228890610234448,"Ordinal_date"
198.060606060606,1.24739661921808,0.228890610234448,"Ordinal_date"
199.212121212121,1.24739661921808,0.228890610234448,"Ordinal_date"
200.363636363636,1.24739661921808,0.228890610234448,"Ordinal_date"
201.515151515152,1.24739661921808,0.228890610234448,"Ordinal_date"
202.666666666667,1.2858600999473,0.235948453297524,"Ordinal_date"
203.818181818182,1.2858600999473,0.235948453297524,"Ordinal_date"
204.969696969697,1.2858600999473,0.235948453297524,"Ordinal_date"
206.121212121212,1.32184003235909,0.242550578523012,"Ordinal_date"
207.272727272727,1.32184003235909,0.242550578523012,"Ordinal_date"
208.424242424242,1.53858397740186,0.282321933584531,"Ordinal_date"
209.575757575758,1.53858397740186,0.282321933584531,"Ordinal_date"
210.727272727273,1.57276143919443,0.288593315088572,"Ordinal_date"
211.878787878788,1.57276143919443,0.288593315088572,"Ordinal_date"
213.030303030303,1.53183780103212,0.281084046290122,"Ordinal_date"
214.181818181818,1.53183780103212,0.281084046290122,"Ordinal_date"
215.333333333333,1.50551259217083,0.276253511215732,"Ordinal_date"
216.484848484848,1.48225220900879,0.271985355270604,"Ordinal_date"
217.636363636364,1.32017738768271,0.242245492114474,"Ordinal_date"
218.787878787879,1.32017738768271,0.242245492114474,"Ordinal_date"
219.939393939394,1.32017738768271,0.242245492114474,"Ordinal_date"
221.090909090909,1.32017738768271,0.242245492114474,"Ordinal_date"
222.242424242424,1.28730115879203,0.236212879890695,"Ordinal_date"
223.393939393939,1.28730115879203,0.236212879890695,"Ordinal_date"
224.545454545455,1.32954461866415,0.243964328916271,"Ordinal_date"
225.69696969697,1.32954461866415,0.243964328916271,"Ordinal_date"
226.848484848485,1.32954461866415,0.243964328916271,"Ordinal_date"
228,1.32954461866415,0.243964328916271,"Ordinal_date"
229.151515151515,1.32954461866415,0.243964328916271,"Ordinal_date"
230.30303030303,1.32954461866415,0.243964328916271,"Ordinal_date"
231.454545454545,1.32954461866415,0.243964328916271,"Ordinal_date"
232.606060606061,1.32954461866415,0.243964328916271,"Ordinal_date"
233.757575757576,1.32954461866415,0.243964328916271,"Ordinal_date"
234.909090909091,1.32954461866415,0.243964328916271,"Ordinal_date"
236.060606060606,1.32954461866415,0.243964328916271,"Ordinal_date"
237.212121212121,1.32954461866415,0.243964328916271,"Ordinal_date"
238.363636363636,1.32954461866415,0.243964328916271,"Ordinal_date"
239.515151515152,1.32954461866415,0.243964328916271,"Ordinal_date"
240.666666666667,1.32954461866415,0.243964328916271,"Ordinal_date"
241.818181818182,1.32954461866415,0.243964328916271,"Ordinal_date"
242.969696969697,1.32954461866415,0.243964328916271,"Ordinal_date"
244.121212121212,1.32954461866415,0.243964328916271,"Ordinal_date"
245.272727272727,1.32954461866415,0.243964328916271,"Ordinal_date"
246.424242424242,1.32954461866415,0.243964328916271,"Ordinal_date"
247.575757575758,1.32954461866415,0.243964328916271,"Ordinal_date"
248.727272727273,1.32954461866415,0.243964328916271,"Ordinal_date"
249.878787878788,1.32954461866415,0.243964328916271,"Ordinal_date"
251.030303030303,1.32954461866415,0.243964328916271,"Ordinal_date"
252.181818181818,1.32954461866415,0.243964328916271,"Ordinal_date"
253.333333333333,1.32954461866415,0.243964328916271,"Ordinal_date"
254.484848484848,1.32954461866415,0.243964328916271,"Ordinal_date"
255.636363636364,1.32954461866415,0.243964328916271,"Ordinal_date"
256.787878787879,1.32954461866415,0.243964328916271,"Ordinal_date"
257.939393939394,1.32954461866415,0.243964328916271,"Ordinal_date"
259.090909090909,1.32954461866415,0.243964328916271,"Ordinal_date"
260.242424242424,1.32954461866415,0.243964328916271,"Ordinal_date"
261.393939393939,1.32954461866415,0.243964328916271,"Ordinal_date"
262.545454545455,1.32954461866415,0.243964328916271,"Ordinal_date"
263.69696969697,1.32954461866415,0.243964328916271,"Ordinal_date"
264.848484848485,1.32954461866415,0.243964328916271,"Ordinal_date"
266,1.32954461866415,0.243964328916271,"Ordinal_date"
0.48,0.866424333124371,0.158984232661401,"lake_perc_area"
0.579090909090909,0.866424333124371,0.158984232661401,"lake_perc_area"
0.678181818181818,0.866424333124371,0.158984232661401,"lake_perc_area"
0.777272727272727,0.866424333124371,0.158984232661401,"lake_perc_area"
0.876363636363636,1.09374808742108,0.20069692615449,"lake_perc_area"
0.975454545454545,1.05284361818132,0.193191174750839,"lake_perc_area"
1.07454545454545,1.05284361818132,0.193191174750839,"lake_perc_area"
1.17363636363636,1.25595101955705,0.230460296959272,"lake_perc_area"
1.27272727272727,1.25595101955705,0.230460296959272,"lake_perc_area"
1.37181818181818,1.25595101955705,0.230460296959272,"lake_perc_area"
1.47090909090909,1.32359680973307,0.242872937778266,"lake_perc_area"
1.57,1.40191517649829,0.257243939338855,"lake_perc_area"
1.66909090909091,1.40191517649829,0.257243939338855,"lake_perc_area"
1.76818181818182,1.40191517649829,0.257243939338855,"lake_perc_area"
1.86727272727273,1.47336144037939,0.270353946762929,"lake_perc_area"
1.96636363636364,1.47336144037939,0.270353946762929,"lake_perc_area"
2.06545454545455,1.47336144037939,0.270353946762929,"lake_perc_area"
2.16454545454545,1.47336144037939,0.270353946762929,"lake_perc_area"
2.26363636363636,1.47336144037939,0.270353946762929,"lake_perc_area"
2.36272727272727,1.47336144037939,0.270353946762929,"lake_perc_area"
2.46181818181818,1.47336144037939,0.270353946762929,"lake_perc_area"
2.56090909090909,1.50435118194859,0.276040398649603,"lake_perc_area"
2.66,1.50435118194859,0.276040398649603,"lake_perc_area"
2.75909090909091,1.50435118194859,0.276040398649603,"lake_perc_area"
2.85818181818182,1.50435118194859,0.276040398649603,"lake_perc_area"
2.95727272727273,1.50435118194859,0.276040398649603,"lake_perc_area"
3.05636363636364,1.50435118194859,0.276040398649603,"lake_perc_area"
3.15545454545454,1.50435118194859,0.276040398649603,"lake_perc_area"
3.25454545454545,1.46364450184968,0.26857094049579,"lake_perc_area"
3.35363636363636,1.46364450184968,0.26857094049579,"lake_perc_area"
3.45272727272727,1.46364450184968,0.26857094049579,"lake_perc_area"
3.55181818181818,1.35185919255944,0.248058933917858,"lake_perc_area"
3.65090909090909,1.35185919255944,0.248058933917858,"lake_perc_area"
3.75,1.32924820010795,0.243909937696055,"lake_perc_area"
3.84909090909091,1.32924820010795,0.243909937696055,"lake_perc_area"
3.94818181818182,1.32924820010795,0.243909937696055,"lake_perc_area"
4.04727272727273,1.29694039482664,0.237981628165433,"lake_perc_area"
4.14636363636364,1.29694039482664,0.237981628165433,"lake_perc_area"
4.24545454545454,1.29694039482664,0.237981628165433,"lake_perc_area"
4.34454545454545,1.29694039482664,0.237981628165433,"lake_perc_area"
4.44363636363636,1.29694039482664,0.237981628165433,"lake_perc_area"
4.54272727272727,1.29694039482664,0.237981628165433,"lake_perc_area"
4.64181818181818,1.29694039482664,0.237981628165433,"lake_perc_area"
4.74090909090909,1.29694039482664,0.237981628165433,"lake_perc_area"
4.84,1.29694039482664,0.237981628165433,"lake_perc_area"
4.93909090909091,1.29694039482664,0.237981628165433,"lake_perc_area"
5.03818181818182,1.29694039482664,0.237981628165433,"lake_perc_area"
5.13727272727273,1.29694039482664,0.237981628165433,"lake_perc_area"
5.23636363636364,1.27883685886492,0.234659726109712,"lake_perc_area"
5.33545454545454,1.27883685886492,0.234659726109712,"lake_perc_area"
5.43454545454545,1.27883685886492,0.234659726109712,"lake_perc_area"
5.53363636363636,1.27883685886492,0.234659726109712,"lake_perc_area"
5.63272727272727,1.27883685886492,0.234659726109712,"lake_perc_area"
5.73181818181818,1.27883685886492,0.234659726109712,"lake_perc_area"
5.83090909090909,1.27883685886492,0.234659726109712,"lake_perc_area"
5.93,1.30692875908469,0.239814439602505,"lake_perc_area"
6.02909090909091,1.30692875908469,0.239814439602505,"lake_perc_area"
6.12818181818182,1.30692875908469,0.239814439602505,"lake_perc_area"
6.22727272727273,1.30692875908469,0.239814439602505,"lake_perc_area"
6.32636363636364,1.30692875908469,0.239814439602505,"lake_perc_area"
6.42545454545454,1.30692875908469,0.239814439602505,"lake_perc_area"
6.52454545454545,1.30692875908469,0.239814439602505,"lake_perc_area"
6.62363636363636,1.30692875908469,0.239814439602505,"lake_perc_area"
6.72272727272727,1.30692875908469,0.239814439602505,"lake_perc_area"
6.82181818181818,1.30692875908469,0.239814439602505,"lake_perc_area"
6.92090909090909,1.30692875908469,0.239814439602505,"lake_perc_area"
7.02,1.30692875908469,0.239814439602505,"lake_perc_area"
7.11909090909091,1.30692875908469,0.239814439602505,"lake_perc_area"
7.21818181818182,1.30692875908469,0.239814439602505,"lake_perc_area"
7.31727272727273,1.30692875908469,0.239814439602505,"lake_perc_area"
7.41636363636364,1.30692875908469,0.239814439602505,"lake_perc_area"
7.51545454545454,1.30692875908469,0.239814439602505,"lake_perc_area"
7.61454545454545,1.30692875908469,0.239814439602505,"lake_perc_area"
7.71363636363636,1.30692875908469,0.239814439602505,"lake_perc_area"
7.81272727272727,1.30692875908469,0.239814439602505,"lake_perc_area"
7.91181818181818,1.30692875908469,0.239814439602505,"lake_perc_area"
8.01090909090909,1.30692875908469,0.239814439602505,"lake_perc_area"
8.11,1.30692875908469,0.239814439602505,"lake_perc_area"
8.20909090909091,1.30692875908469,0.239814439602505,"lake_perc_area"
8.30818181818182,1.30692875908469,0.239814439602505,"lake_perc_area"
8.40727272727273,1.30692875908469,0.239814439602505,"lake_perc_area"
8.50636363636364,1.30692875908469,0.239814439602505,"lake_perc_area"
8.60545454545455,1.30692875908469,0.239814439602505,"lake_perc_area"
8.70454545454545,1.30692875908469,0.239814439602505,"lake_perc_area"
8.80363636363636,1.30692875908469,0.239814439602505,"lake_perc_area"
8.90272727272727,1.30692875908469,0.239814439602505,"lake_perc_area"
9.00181818181818,1.30692875908469,0.239814439602505,"lake_perc_area"
9.10090909090909,1.30692875908469,0.239814439602505,"lake_perc_area"
9.2,1.30692875908469,0.239814439602505,"lake_perc_area"
9.29909090909091,1.30692875908469,0.239814439602505,"lake_perc_area"
9.39818181818182,1.30692875908469,0.239814439602505,"lake_perc_area"
9.49727272727273,1.30692875908469,0.239814439602505,"lake_perc_area"
9.59636363636364,1.30692875908469,0.239814439602505,"lake_perc_area"
9.69545454545455,1.30692875908469,0.239814439602505,"lake_perc_area"
9.79454545454545,1.30692875908469,0.239814439602505,"lake_perc_area"
9.89363636363636,1.30692875908469,0.239814439602505,"lake_perc_area"
9.99272727272727,1.30692875908469,0.239814439602505,"lake_perc_area"
10.0918181818182,1.30692875908469,0.239814439602505,"lake_perc_area"
10.1909090909091,1.30692875908469,0.239814439602505,"lake_perc_area"
10.29,1.30692875908469,0.239814439602505,"lake_perc_area"
-0.035897436,1.24417008174971,0.228298557860165,"snow1992to2011"
-0.0355348356363636,1.24417008174971,0.228298557860165,"snow1992to2011"
-0.0351722352727273,1.24417008174971,0.228298557860165,"snow1992to2011"
-0.0348096349090909,1.24417008174971,0.228298557860165,"snow1992to2011"
-0.0344470345454545,1.24417008174971,0.228298557860165,"snow1992to2011"
-0.0340844341818182,1.24417008174971,0.228298557860165,"snow1992to2011"
-0.0337218338181818,1.24417008174971,0.228298557860165,"snow1992to2011"
-0.0333592334545455,1.24417008174971,0.228298557860165,"snow1992to2011"
-0.0329966330909091,1.24417008174971,0.228298557860165,"snow1992to2011"
-0.0326340327272727,1.24417008174971,0.228298557860165,"snow1992to2011"
-0.0322714323636364,1.24417008174971,0.228298557860165,"snow1992to2011"
-0.031908832,1.24417008174971,0.228298557860165,"snow1992to2011"
-0.0315462316363636,1.24417008174971,0.228298557860165,"snow1992to2011"
-0.0311836312727273,1.24417008174971,0.228298557860165,"snow1992to2011"
-0.0308210309090909,1.24417008174971,0.228298557860165,"snow1992to2011"
-0.0304584305454545,1.24417008174971,0.228298557860165,"snow1992to2011"
-0.0300958301818182,1.24417008174971,0.228298557860165,"snow1992to2011"
-0.0297332298181818,1.24417008174971,0.228298557860165,"snow1992to2011"
-0.0293706294545455,1.24417008174971,0.228298557860165,"snow1992to2011"
-0.0290080290909091,1.24417008174971,0.228298557860165,"snow1992to2011"
-0.0286454287272727,1.24417008174971,0.228298557860165,"snow1992to2011"
-0.0282828283636364,1.24417008174971,0.228298557860165,"snow1992to2011"
-0.027920228,1.24417008174971,0.228298557860165,"snow1992to2011"
-0.0275576276363636,1.24417008174971,0.228298557860165,"snow1992to2011"
-0.0271950272727273,1.24417008174971,0.228298557860165,"snow1992to2011"
-0.0268324269090909,1.24417008174971,0.228298557860165,"snow1992to2011"
-0.0264698265454545,1.24417008174971,0.228298557860165,"snow1992to2011"
-0.0261072261818182,1.24417008174971,0.228298557860165,"snow1992to2011"
-0.0257446258181818,1.24417008174971,0.228298557860165,"snow1992to2011"
-0.0253820254545455,1.24417008174971,0.228298557860165,"snow1992to2011"
-0.0250194250909091,1.24417008174971,0.228298557860165,"snow1992to2011"
-0.0246568247272727,1.24417008174971,0.228298557860165,"snow1992to2011"
-0.0242942243636364,1.24417008174971,0.228298557860165,"snow1992to2011"
-0.023931624,1.24417008174971,0.228298557860165,"snow1992to2011"
-0.0235690236363636,1.24417008174971,0.228298557860165,"snow1992to2011"
-0.0232064232727273,1.24417008174971,0.228298557860165,"snow1992to2011"
-0.0228438229090909,1.24417008174971,0.228298557860165,"snow1992to2011"
-0.0224812225454545,1.22757092409736,0.225252701180831,"snow1992to2011"
-0.0221186221818182,1.22757092409736,0.225252701180831,"snow1992to2011"
-0.0217560218181818,1.22757092409736,0.225252701180831,"snow1992to2011"
-0.0213934214545455,1.22757092409736,0.225252701180831,"snow1992to2011"
-0.0210308210909091,1.23446751463165,0.226518188670223,"snow1992to2011"
-0.0206682207272727,1.23446751463165,0.226518188670223,"snow1992to2011"
-0.0203056203636364,1.23446751463165,0.226518188670223,"snow1992to2011"
-0.01994302,1.23446751463165,0.226518188670223,"snow1992to2011"
-0.0195804196363636,1.21113963863953,0.222237648151638,"snow1992to2011"
-0.0192178192727273,1.21113963863953,0.222237648151638,"snow1992to2011"
-0.0188552189090909,1.19849453993034,0.219917340147408,"snow1992to2011"
-0.0184926185454545,1.19849453993034,0.219917340147408,"snow1992to2011"
-0.0181300181818182,1.25677571864672,0.230611624832849,"snow1992to2011"
-0.0177674178181818,1.25677571864672,0.230611624832849,"snow1992to2011"
-0.0174048174545455,1.25677571864672,0.230611624832849,"snow1992to2011"
-0.0170422170909091,1.25677571864672,0.230611624832849,"snow1992to2011"
-0.0166796167272727,1.25677571864672,0.230611624832849,"snow1992to2011"
-0.0163170163636364,1.25677571864672,0.230611624832849,"snow1992to2011"
-0.015954416,1.25677571864672,0.230611624832849,"snow1992to2011"
-0.0155918156363636,1.19756836056026,0.219747391184955,"snow1992to2011"
-0.0152292152727273,1.19756836056026,0.219747391184955,"snow1992to2011"
-0.0148666149090909,1.19756836056026,0.219747391184955,"snow1992to2011"
-0.0145040145454545,1.19756836056026,0.219747391184955,"snow1992to2011"
-0.0141414141818182,1.19756836056026,0.219747391184955,"snow1992to2011"
-0.0137788138181818,1.19756836056026,0.219747391184955,"snow1992to2011"
-0.0134162134545455,1.19756836056026,0.219747391184955,"snow1992to2011"
-0.0130536130909091,1.19756836056026,0.219747391184955,"snow1992to2011"
-0.0126910127272727,1.19756836056026,0.219747391184955,"snow1992to2011"
-0.0123284123636364,1.19756836056026,0.219747391184955,"snow1992to2011"
-0.011965812,1.20357858110207,0.220850234519837,"snow1992to2011"
-0.0116032116363636,1.20357858110207,0.220850234519837,"snow1992to2011"
-0.0112406112727273,1.20357858110207,0.220850234519837,"snow1992to2011"
-0.0108780109090909,1.20357858110207,0.220850234519837,"snow1992to2011"
-0.0105154105454545,1.20357858110207,0.220850234519837,"snow1992to2011"
-0.0101528101818182,1.24128443118276,0.227769056409691,"snow1992to2011"
-0.00979020981818182,1.24128443118276,0.227769056409691,"snow1992to2011"
-0.00942760945454545,1.22638954514698,0.225035924459855,"snow1992to2011"
-0.00906500909090909,1.22638954514698,0.225035924459855,"snow1992to2011"
-0.00870240872727273,1.22638954514698,0.225035924459855,"snow1992to2011"
-0.00833980836363636,1.22638954514698,0.225035924459855,"snow1992to2011"
-0.007977208,1.22638954514698,0.225035924459855,"snow1992to2011"
-0.00761460763636363,1.22638954514698,0.225035924459855,"snow1992to2011"
-0.00725200727272727,1.22638954514698,0.225035924459855,"snow1992to2011"
-0.00688940690909091,1.22638954514698,0.225035924459855,"snow1992to2011"
-0.00652680654545455,1.22681496795455,0.225113987270458,"snow1992to2011"
-0.00616420618181818,1.22681496795455,0.225113987270458,"snow1992to2011"
-0.00580160581818182,1.22681496795455,0.225113987270458,"snow1992to2011"
-0.00543900545454545,1.22681496795455,0.225113987270458,"snow1992to2011"
-0.00507640509090909,1.22681496795455,0.225113987270458,"snow1992to2011"
-0.00471380472727273,1.22681496795455,0.225113987270458,"snow1992to2011"
-0.00435120436363636,1.22681496795455,0.225113987270458,"snow1992to2011"
-0.003988604,1.22681496795455,0.225113987270458,"snow1992to2011"
-0.00362600363636364,1.22681496795455,0.225113987270458,"snow1992to2011"
-0.00326340327272727,1.22681496795455,0.225113987270458,"snow1992to2011"
-0.00290080290909091,1.22681496795455,0.225113987270458,"snow1992to2011"
-0.00253820254545455,1.22681496795455,0.225113987270458,"snow1992to2011"
-0.00217560218181818,1.22681496795455,0.225113987270458,"snow1992to2011"
-0.00181300181818182,1.22681496795455,0.225113987270458,"snow1992to2011"
-0.00145040145454545,1.27719317925952,0.234358119690299,"snow1992to2011"
-0.00108780109090909,1.27719317925952,0.234358119690299,"snow1992to2011"
-0.000725200727272723,1.3135025735516,0.241020699409304,"snow1992to2011"
-0.000362600363636362,1.52928306700269,0.280615266254989,"snow1992to2011"
0,1.52928306700269,0.280615266254989,"snow1992to2011"
0.23120234,1.06143602910802,0.194767836215283,"ppt_percent_normal"
0.241233064848485,1.06143602910802,0.194767836215283,"ppt_percent_normal"
0.25126378969697,1.06143602910802,0.194767836215283,"ppt_percent_normal"
0.261294514545455,1.09181842719649,0.200342843820494,"ppt_percent_normal"
0.271325239393939,1.09181842719649,0.200342843820494,"ppt_percent_normal"
0.281355964242424,1.09181842719649,0.200342843820494,"ppt_percent_normal"
0.291386689090909,1.09181842719649,0.200342843820494,"ppt_percent_normal"
0.301417413939394,1.17640346635845,0.215863746260186,"ppt_percent_normal"
0.311448138787879,1.17640346635845,0.215863746260186,"ppt_percent_normal"
0.321478863636364,1.17640346635845,0.215863746260186,"ppt_percent_normal"
0.331509588484848,1.17640346635845,0.215863746260186,"ppt_percent_normal"
0.341540313333333,1.17640346635845,0.215863746260186,"ppt_percent_normal"
0.351571038181818,1.20993765613374,0.222017090788405,"ppt_percent_normal"
0.361601763030303,1.20993765613374,0.222017090788405,"ppt_percent_normal"
0.371632487878788,1.25114967401555,0.229579275723517,"ppt_percent_normal"
0.381663212727273,1.2713047343166,0.233277621526723,"ppt_percent_normal"
0.391693937575758,1.2713047343166,0.233277621526723,"ppt_percent_normal"
0.401724662424242,1.2713047343166,0.233277621526723,"ppt_percent_normal"
0.411755387272727,1.2713047343166,0.233277621526723,"ppt_percent_normal"
0.421786112121212,1.25671667840406,0.230600791263988,"ppt_percent_normal"
0.431816836969697,1.25226031288558,0.22978307201797,"ppt_percent_normal"
0.441847561818182,1.25226031288558,0.22978307201797,"ppt_percent_normal"
0.451878286666667,1.32165843738571,0.242517256816322,"ppt_percent_normal"
0.461909011515152,1.43031630049741,0.262455393741847,"ppt_percent_normal"
0.471939736363636,1.53965868836653,0.282519137300446,"ppt_percent_normal"
0.481970461212121,1.53965868836653,0.282519137300446,"ppt_percent_normal"
0.492001186060606,1.55213146000333,0.284807824208265,"ppt_percent_normal"
0.502031910909091,1.55213146000333,0.284807824208265,"ppt_percent_normal"
0.512062635757576,1.55213146000333,0.284807824208265,"ppt_percent_normal"
0.522093360606061,1.55213146000333,0.284807824208265,"ppt_percent_normal"
0.532124085454545,1.57072321966166,0.288219312701953,"ppt_percent_normal"
0.54215481030303,1.57072321966166,0.288219312701953,"ppt_percent_normal"
0.552185535151515,1.58894032680512,0.291562054462297,"ppt_percent_normal"
0.56221626,1.58894032680512,0.291562054462297,"ppt_percent_normal"
0.572246984848485,1.58894032680512,0.291562054462297,"ppt_percent_normal"
0.58227770969697,1.58894032680512,0.291562054462297,"ppt_percent_normal"
0.592308434545455,1.58894032680512,0.291562054462297,"ppt_percent_normal"
0.602339159393939,1.58894032680512,0.291562054462297,"ppt_percent_normal"
0.612369884242424,1.58894032680512,0.291562054462297,"ppt_percent_normal"
0.622400609090909,1.58894032680512,0.291562054462297,"ppt_percent_normal"
0.632431333939394,1.58894032680512,0.291562054462297,"ppt_percent_normal"
0.642462058787879,1.58894032680512,0.291562054462297,"ppt_percent_normal"
0.652492783636364,1.58894032680512,0.291562054462297,"ppt_percent_normal"
0.662523508484848,1.58894032680512,0.291562054462297,"ppt_percent_normal"
0.672554233333333,1.58894032680512,0.291562054462297,"ppt_percent_normal"
0.682584958181818,1.58894032680512,0.291562054462297,"ppt_percent_normal"
0.692615683030303,1.58894032680512,0.291562054462297,"ppt_percent_normal"
0.702646407878788,1.58894032680512,0.291562054462297,"ppt_percent_normal"
0.712677132727273,1.58894032680512,0.291562054462297,"ppt_percent_normal"
0.722707857575758,1.58894032680512,0.291562054462297,"ppt_percent_normal"
0.732738582424243,1.58894032680512,0.291562054462297,"ppt_percent_normal"
0.742769307272727,1.58894032680512,0.291562054462297,"ppt_percent_normal"
0.752800032121212,1.58894032680512,0.291562054462297,"ppt_percent_normal"
0.762830756969697,1.58894032680512,0.291562054462297,"ppt_percent_normal"
0.772861481818182,1.58894032680512,0.291562054462297,"ppt_percent_normal"
0.782892206666667,1.58894032680512,0.291562054462297,"ppt_percent_normal"
0.792922931515152,1.58894032680512,0.291562054462297,"ppt_percent_normal"
0.802953656363636,1.58894032680512,0.291562054462297,"ppt_percent_normal"
0.812984381212121,1.58894032680512,0.291562054462297,"ppt_percent_normal"
0.823015106060606,1.58894032680512,0.291562054462297,"ppt_percent_normal"
0.833045830909091,1.58894032680512,0.291562054462297,"ppt_percent_normal"
0.843076555757576,1.58894032680512,0.291562054462297,"ppt_percent_normal"
0.853107280606061,1.58894032680512,0.291562054462297,"ppt_percent_normal"
0.863138005454545,1.58894032680512,0.291562054462297,"ppt_percent_normal"
0.87316873030303,1.58894032680512,0.291562054462297,"ppt_percent_normal"
0.883199455151515,1.58894032680512,0.291562054462297,"ppt_percent_normal"
0.89323018,1.58894032680512,0.291562054462297,"ppt_percent_normal"
0.903260904848485,1.58894032680512,0.291562054462297,"ppt_percent_normal"
0.91329162969697,1.58894032680512,0.291562054462297,"ppt_percent_normal"
0.923322354545455,1.58894032680512,0.291562054462297,"ppt_percent_normal"
0.933353079393939,1.58894032680512,0.291562054462297,"ppt_percent_normal"
0.943383804242424,1.58894032680512,0.291562054462297,"ppt_percent_normal"
0.953414529090909,1.58894032680512,0.291562054462297,"ppt_percent_normal"
0.963445253939394,1.58894032680512,0.291562054462297,"ppt_percent_normal"
0.973475978787879,1.58894032680512,0.291562054462297,"ppt_percent_normal"
0.983506703636364,1.58894032680512,0.291562054462297,"ppt_percent_normal"
0.993537428484848,1.58894032680512,0.291562054462297,"ppt_percent_normal"
1.00356815333333,1.58894032680512,0.291562054462297,"ppt_percent_normal"
1.01359887818182,1.58894032680512,0.291562054462297,"ppt_percent_normal"
1.0236296030303,1.36846289946337,0.251105625360535,"ppt_percent_normal"
1.03366032787879,1.31394092713062,0.241101134947333,"ppt_percent_normal"
1.04369105272727,1.29778475218388,0.238136563226005,"ppt_percent_normal"
1.05372177757576,1.29778475218388,0.238136563226005,"ppt_percent_normal"
1.06375250242424,1.29778475218388,0.238136563226005,"ppt_percent_normal"
1.07378322727273,1.29778475218388,0.238136563226005,"ppt_percent_normal"
1.08381395212121,1.28405528641841,0.235617279664676,"ppt_percent_normal"
1.0938446769697,1.28405528641841,0.235617279664676,"ppt_percent_normal"
1.10387540181818,1.28405528641841,0.235617279664676,"ppt_percent_normal"
1.11390612666667,1.27019559855995,0.233074101045537,"ppt_percent_normal"
1.12393685151515,1.27019559855995,0.233074101045537,"ppt_percent_normal"
1.13396757636364,1.27019559855995,0.233074101045537,"ppt_percent_normal"
1.14399830121212,1.27019559855995,0.233074101045537,"ppt_percent_normal"
1.15402902606061,1.27019559855995,0.233074101045537,"ppt_percent_normal"
1.16405975090909,1.27019559855995,0.233074101045537,"ppt_percent_normal"
1.17409047575758,1.27019559855995,0.233074101045537,"ppt_percent_normal"
1.18412120060606,1.27019559855995,0.233074101045537,"ppt_percent_normal"
1.19415192545455,1.27019559855995,0.233074101045537,"ppt_percent_normal"
1.20418265030303,1.27019559855995,0.233074101045537,"ppt_percent_normal"
1.21421337515152,1.27019559855995,0.233074101045537,"ppt_percent_normal"
1.2242441,1.27019559855995,0.233074101045537,"ppt_percent_normal"
1.8,1.01312151358691,0.185902380937923,"max_depth_m"
2.20606060606061,1.01312151358691,0.185902380937923,"max_depth_m"
2.61212121212121,1.01312151358691,0.185902380937923,"max_depth_m"
3.01818181818182,1.01312151358691,0.185902380937923,"max_depth_m"
3.42424242424242,1.01312151358691,0.185902380937923,"max_depth_m"
3.83030303030303,1.01312151358691,0.185902380937923,"max_depth_m"
4.23636363636364,1.01312151358691,0.185902380937923,"max_depth_m"
4.64242424242424,1.0840855068198,0.198923894276584,"max_depth_m"
5.04848484848485,1.0840855068198,0.198923894276584,"max_depth_m"
5.45454545454546,1.0840855068198,0.198923894276584,"max_depth_m"
5.86060606060606,1.0840855068198,0.198923894276584,"max_depth_m"
6.26666666666667,1.18528673786447,0.217493779085805,"max_depth_m"
6.67272727272727,1.18528673786447,0.217493779085805,"max_depth_m"
7.07878787878788,1.18528673786447,0.217493779085805,"max_depth_m"
7.48484848484848,1.34298994419914,0.246431474264503,"max_depth_m"
7.89090909090909,1.38708890297168,0.254523397417604,"max_depth_m"
8.2969696969697,1.38708890297168,0.254523397417604,"max_depth_m"
8.7030303030303,1.38708890297168,0.254523397417604,"max_depth_m"
9.10909090909091,1.48046961133699,0.271658258128753,"max_depth_m"
9.51515151515152,1.44401046130839,0.264968199032789,"max_depth_m"
9.92121212121212,1.4141628068329,0.259491314021474,"max_depth_m"
10.3272727272727,1.4141628068329,0.259491314021474,"max_depth_m"
10.7333333333333,1.31582618493031,0.241447069673763,"max_depth_m"
11.1393939393939,1.31582618493031,0.241447069673763,"max_depth_m"
11.5454545454545,1.31582618493031,0.241447069673763,"max_depth_m"
11.9515151515152,1.31582618493031,0.241447069673763,"max_depth_m"
12.3575757575758,1.47457996085289,0.270577538754817,"max_depth_m"
12.7636363636364,1.47457996085289,0.270577538754817,"max_depth_m"
13.169696969697,1.47457996085289,0.270577538754817,"max_depth_m"
13.5757575757576,1.47457996085289,0.270577538754817,"max_depth_m"
13.9818181818182,1.47457996085289,0.270577538754817,"max_depth_m"
14.3878787878788,1.48964842496135,0.273342521352927,"max_depth_m"
14.7939393939394,1.48964842496135,0.273342521352927,"max_depth_m"
15.2,1.48964842496135,0.273342521352927,"max_depth_m"
15.6060606060606,1.51077944904232,0.277219951291614,"max_depth_m"
16.0121212121212,1.51077944904232,0.277219951291614,"max_depth_m"
16.4181818181818,1.51077944904232,0.277219951291614,"max_depth_m"
16.8242424242424,1.51077944904232,0.277219951291614,"max_depth_m"
17.230303030303,1.51077944904232,0.277219951291614,"max_depth_m"
17.6363636363636,1.51077944904232,0.277219951291614,"max_depth_m"
18.0424242424242,1.44234180886166,0.264662010230513,"max_depth_m"
18.4484848484848,1.44234180886166,0.264662010230513,"max_depth_m"
18.8545454545455,1.44234180886166,0.264662010230513,"max_depth_m"
19.2606060606061,1.44234180886166,0.264662010230513,"max_depth_m"
19.6666666666667,1.44234180886166,0.264662010230513,"max_depth_m"
20.0727272727273,1.44234180886166,0.264662010230513,"max_depth_m"
20.4787878787879,1.44234180886166,0.264662010230513,"max_depth_m"
20.8848484848485,1.44234180886166,0.264662010230513,"max_depth_m"
21.2909090909091,1.44234180886166,0.264662010230513,"max_depth_m"
21.6969696969697,1.44234180886166,0.264662010230513,"max_depth_m"
22.1030303030303,1.44234180886166,0.264662010230513,"max_depth_m"
22.5090909090909,1.44234180886166,0.264662010230513,"max_depth_m"
22.9151515151515,1.44234180886166,0.264662010230513,"max_depth_m"
23.3212121212121,1.44234180886166,0.264662010230513,"max_depth_m"
23.7272727272727,1.44234180886166,0.264662010230513,"max_depth_m"
24.1333333333333,1.44234180886166,0.264662010230513,"max_depth_m"
24.5393939393939,1.44234180886166,0.264662010230513,"max_depth_m"
24.9454545454545,1.44234180886166,0.264662010230513,"max_depth_m"
25.3515151515152,1.44234180886166,0.264662010230513,"max_depth_m"
25.7575757575758,1.44234180886166,0.264662010230513,"max_depth_m"
26.1636363636364,1.44234180886166,0.264662010230513,"max_depth_m"
26.569696969697,1.44234180886166,0.264662010230513,"max_depth_m"
26.9757575757576,1.44234180886166,0.264662010230513,"max_depth_m"
27.3818181818182,1.44234180886166,0.264662010230513,"max_depth_m"
27.7878787878788,1.44234180886166,0.264662010230513,"max_depth_m"
28.1939393939394,1.44234180886166,0.264662010230513,"max_depth_m"
28.6,1.44234180886166,0.264662010230513,"max_depth_m"
29.0060606060606,1.44234180886166,0.264662010230513,"max_depth_m"
29.4121212121212,1.44234180886166,0.264662010230513,"max_depth_m"
29.8181818181818,1.44234180886166,0.264662010230513,"max_depth_m"
30.2242424242424,1.44234180886166,0.264662010230513,"max_depth_m"
30.630303030303,1.44234180886166,0.264662010230513,"max_depth_m"
31.0363636363636,1.44234180886166,0.264662010230513,"max_depth_m"
31.4424242424242,1.44234180886166,0.264662010230513,"max_depth_m"
31.8484848484849,1.44234180886166,0.264662010230513,"max_depth_m"
32.2545454545455,1.44234180886166,0.264662010230513,"max_depth_m"
32.6606060606061,1.44234180886166,0.264662010230513,"max_depth_m"
33.0666666666667,1.44234180886166,0.264662010230513,"max_depth_m"
33.4727272727273,1.44234180886166,0.264662010230513,"max_depth_m"
33.8787878787879,1.44234180886166,0.264662010230513,"max_depth_m"
34.2848484848485,1.44234180886166,0.264662010230513,"max_depth_m"
34.6909090909091,1.44234180886166,0.264662010230513,"max_depth_m"
35.0969696969697,1.44234180886166,0.264662010230513,"max_depth_m"
35.5030303030303,1.44234180886166,0.264662010230513,"max_depth_m"
35.9090909090909,1.44234180886166,0.264662010230513,"max_depth_m"
36.3151515151515,1.44234180886166,0.264662010230513,"max_depth_m"
36.7212121212121,1.44234180886166,0.264662010230513,"max_depth_m"
37.1272727272727,1.44234180886166,0.264662010230513,"max_depth_m"
37.5333333333333,1.44234180886166,0.264662010230513,"max_depth_m"
37.9393939393939,1.44234180886166,0.264662010230513,"max_depth_m"
38.3454545454545,1.44234180886166,0.264662010230513,"max_depth_m"
38.7515151515152,1.44234180886166,0.264662010230513,"max_depth_m"
39.1575757575758,1.44234180886166,0.264662010230513,"max_depth_m"
39.5636363636364,1.44234180886166,0.264662010230513,"max_depth_m"
39.969696969697,1.44234180886166,0.264662010230513,"max_depth_m"
40.3757575757576,1.44234180886166,0.264662010230513,"max_depth_m"
40.7818181818182,1.44234180886166,0.264662010230513,"max_depth_m"
41.1878787878788,1.44234180886166,0.264662010230513,"max_depth_m"
41.5939393939394,1.44234180886166,0.264662010230513,"max_depth_m"
42,1.44234180886166,0.264662010230513,"max_depth_m"
2987,1.38046484745238,0.253307918646312,"elevation_m"
2992.68686868687,1.38046484745238,0.253307918646312,"elevation_m"
2998.37373737374,1.38046484745238,0.253307918646312,"elevation_m"
3004.06060606061,1.38046484745238,0.253307918646312,"elevation_m"
3009.74747474747,1.38046484745238,0.253307918646312,"elevation_m"
3015.43434343434,1.38046484745238,0.253307918646312,"elevation_m"
3021.12121212121,1.38046484745238,0.253307918646312,"elevation_m"
3026.80808080808,1.38046484745238,0.253307918646312,"elevation_m"
3032.49494949495,1.38046484745238,0.253307918646312,"elevation_m"
3038.18181818182,1.38046484745238,0.253307918646312,"elevation_m"
3043.86868686869,1.38046484745238,0.253307918646312,"elevation_m"
3049.55555555556,1.38046484745238,0.253307918646312,"elevation_m"
3055.24242424242,1.38046484745238,0.253307918646312,"elevation_m"
3060.92929292929,1.38046484745238,0.253307918646312,"elevation_m"
3066.61616161616,1.38046484745238,0.253307918646312,"elevation_m"
3072.30303030303,1.38046484745238,0.253307918646312,"elevation_m"
3077.9898989899,1.38046484745238,0.253307918646312,"elevation_m"
3083.67676767677,1.38046484745238,0.253307918646312,"elevation_m"
3089.36363636364,1.38046484745238,0.253307918646312,"elevation_m"
3095.0505050505,1.38046484745238,0.253307918646312,"elevation_m"
3100.73737373737,1.38046484745238,0.253307918646312,"elevation_m"
3106.42424242424,1.38046484745238,0.253307918646312,"elevation_m"
3112.11111111111,1.38046484745238,0.253307918646312,"elevation_m"
3117.79797979798,1.38046484745238,0.253307918646312,"elevation_m"
3123.48484848485,1.38046484745238,0.253307918646312,"elevation_m"
3129.17171717172,1.38046484745238,0.253307918646312,"elevation_m"
3134.85858585859,1.38046484745238,0.253307918646312,"elevation_m"
3140.54545454545,1.38046484745238,0.253307918646312,"elevation_m"
3146.23232323232,1.38046484745238,0.253307918646312,"elevation_m"
3151.91919191919,1.38046484745238,0.253307918646312,"elevation_m"
3157.60606060606,1.38046484745238,0.253307918646312,"elevation_m"
3163.29292929293,1.38046484745238,0.253307918646312,"elevation_m"
3168.9797979798,1.38046484745238,0.253307918646312,"elevation_m"
3174.66666666667,1.38046484745238,0.253307918646312,"elevation_m"
3180.35353535354,1.38046484745238,0.253307918646312,"elevation_m"
3186.0404040404,1.38046484745238,0.253307918646312,"elevation_m"
3191.72727272727,1.38046484745238,0.253307918646312,"elevation_m"
3197.41414141414,1.3674130887036,0.250912990699086,"elevation_m"
3203.10101010101,1.3674130887036,0.250912990699086,"elevation_m"
3208.78787878788,1.3674130887036,0.250912990699086,"elevation_m"
3214.47474747475,1.3674130887036,0.250912990699086,"elevation_m"
3220.16161616162,1.3674130887036,0.250912990699086,"elevation_m"
3225.84848484848,1.3674130887036,0.250912990699086,"elevation_m"
3231.53535353535,1.3674130887036,0.250912990699086,"elevation_m"
3237.22222222222,1.3674130887036,0.250912990699086,"elevation_m"
3242.90909090909,1.34714306443888,0.247193549623218,"elevation_m"
3248.59595959596,1.34714306443888,0.247193549623218,"elevation_m"
3254.28282828283,1.34714306443888,0.247193549623218,"elevation_m"
3259.9696969697,1.3590358612759,0.249375814256199,"elevation_m"
3265.65656565657,1.38540077556378,0.254213635064079,"elevation_m"
3271.34343434343,1.38540077556378,0.254213635064079,"elevation_m"
3277.0303030303,1.38540077556378,0.254213635064079,"elevation_m"
3282.71717171717,1.39865009865531,0.256644815011893,"elevation_m"
3288.40404040404,1.39865009865531,0.256644815011893,"elevation_m"
3294.09090909091,1.39865009865531,0.256644815011893,"elevation_m"
3299.77777777778,1.39865009865531,0.256644815011893,"elevation_m"
3305.46464646465,1.39865009865531,0.256644815011893,"elevation_m"
3311.15151515152,1.39865009865531,0.256644815011893,"elevation_m"
3316.83838383838,1.39865009865531,0.256644815011893,"elevation_m"
3322.52525252525,1.39865009865531,0.256644815011893,"elevation_m"
3328.21212121212,1.39865009865531,0.256644815011893,"elevation_m"
3333.89898989899,1.32004456853292,0.242221120510626,"elevation_m"
3339.58585858586,1.32004456853292,0.242221120510626,"elevation_m"
3345.27272727273,1.28804144014877,0.236348717561632,"elevation_m"
3350.9595959596,1.28804144014877,0.236348717561632,"elevation_m"
3356.64646464646,1.28804144014877,0.236348717561632,"elevation_m"
3362.33333333333,1.22482521008082,0.224748877339165,"elevation_m"
3368.0202020202,1.22482521008082,0.224748877339165,"elevation_m"
3373.70707070707,1.22482521008082,0.224748877339165,"elevation_m"
3379.39393939394,1.22482521008082,0.224748877339165,"elevation_m"
3385.08080808081,1.22482521008082,0.224748877339165,"elevation_m"
3390.76767676768,1.22482521008082,0.224748877339165,"elevation_m"
3396.45454545455,1.22482521008082,0.224748877339165,"elevation_m"
3402.14141414141,1.22482521008082,0.224748877339165,"elevation_m"
3407.82828282828,1.22482521008082,0.224748877339165,"elevation_m"
3413.51515151515,1.24060953029779,0.227645215705758,"elevation_m"
3419.20202020202,1.24862161248051,0.229115389948494,"elevation_m"
3424.88888888889,1.24862161248051,0.229115389948494,"elevation_m"
3430.57575757576,1.24862161248051,0.229115389948494,"elevation_m"
3436.26262626263,1.24862161248051,0.229115389948494,"elevation_m"
3441.94949494949,1.15884391267772,0.212641662044545,"elevation_m"
3447.63636363636,1.15884391267772,0.212641662044545,"elevation_m"
3453.32323232323,1.15884391267772,0.212641662044545,"elevation_m"
3459.0101010101,1.17097831958155,0.214868260832982,"elevation_m"
3464.69696969697,1.17097831958155,0.214868260832982,"elevation_m"
3470.38383838384,1.14296014782355,0.209727076118722,"elevation_m"
3476.07070707071,1.14373457799925,0.209869179915357,"elevation_m"
3481.75757575758,1.14373457799925,0.209869179915357,"elevation_m"
3487.44444444444,1.14373457799925,0.209869179915357,"elevation_m"
3493.13131313131,1.04935366528023,0.192550787053042,"elevation_m"
3498.81818181818,1.04935366528023,0.192550787053042,"elevation_m"
3504.50505050505,1.04935366528023,0.192550787053042,"elevation_m"
3510.19191919192,1.04935366528023,0.192550787053042,"elevation_m"
3515.87878787879,1.04935366528023,0.192550787053042,"elevation_m"
3521.56565656566,1.04935366528023,0.192550787053042,"elevation_m"
3527.25252525253,1.04935366528023,0.192550787053042,"elevation_m"
3532.93939393939,1.04935366528023,0.192550787053042,"elevation_m"
3538.62626262626,1.04935366528023,0.192550787053042,"elevation_m"
3544.31313131313,1.04935366528023,0.192550787053042,"elevation_m"
3550,1.04935366528023,0.192550787053042,"elevation_m"
0,1.41148658106332,0.259000240901595,"snow2011"
0.00776796839393939,1.41148658106332,0.259000240901595,"snow2011"
0.0155359367878788,1.41148658106332,0.259000240901595,"snow2011"
0.0233039051818182,1.41148658106332,0.259000240901595,"snow2011"
0.0310718735757576,1.41148658106332,0.259000240901595,"snow2011"
0.038839841969697,1.41148658106332,0.259000240901595,"snow2011"
0.0466078103636364,1.41148658106332,0.259000240901595,"snow2011"
0.0543757787575758,1.41148658106332,0.259000240901595,"snow2011"
0.0621437471515151,1.41148658106332,0.259000240901595,"snow2011"
0.0699117155454545,1.41148658106332,0.259000240901595,"snow2011"
0.0776796839393939,1.41148658106332,0.259000240901595,"snow2011"
0.0854476523333333,1.41148658106332,0.259000240901595,"snow2011"
0.0932156207272727,1.41148658106332,0.259000240901595,"snow2011"
0.100983589121212,1.41148658106332,0.259000240901595,"snow2011"
0.108751557515152,1.41148658106332,0.259000240901595,"snow2011"
0.116519525909091,1.41148658106332,0.259000240901595,"snow2011"
0.12428749430303,1.41148658106332,0.259000240901595,"snow2011"
0.13205546269697,1.41148658106332,0.259000240901595,"snow2011"
0.139823431090909,1.41148658106332,0.259000240901595,"snow2011"
0.147591399484848,1.41148658106332,0.259000240901595,"snow2011"
0.155359367878788,1.41148658106332,0.259000240901595,"snow2011"
0.163127336272727,1.41148658106332,0.259000240901595,"snow2011"
0.170895304666667,1.41148658106332,0.259000240901595,"snow2011"
0.178663273060606,1.41148658106332,0.259000240901595,"snow2011"
0.186431241454545,1.41148658106332,0.259000240901595,"snow2011"
0.194199209848485,1.41148658106332,0.259000240901595,"snow2011"
0.201967178242424,1.41148658106332,0.259000240901595,"snow2011"
0.209735146636364,1.41148658106332,0.259000240901595,"snow2011"
0.217503115030303,1.41148658106332,0.259000240901595,"snow2011"
0.225271083424242,1.41148658106332,0.259000240901595,"snow2011"
0.233039051818182,1.41148658106332,0.259000240901595,"snow2011"
0.240807020212121,1.41148658106332,0.259000240901595,"snow2011"
0.248574988606061,1.41148658106332,0.259000240901595,"snow2011"
0.256342957,1.41148658106332,0.259000240901595,"snow2011"
0.264110925393939,1.41148658106332,0.259000240901595,"snow2011"
0.271878893787879,1.41148658106332,0.259000240901595,"snow2011"
0.279646862181818,1.41148658106332,0.259000240901595,"snow2011"
0.287414830575758,1.41148658106332,0.259000240901595,"snow2011"
0.295182798969697,1.41148658106332,0.259000240901595,"snow2011"
0.302950767363636,1.41148658106332,0.259000240901595,"snow2011"
0.310718735757576,1.41148658106332,0.259000240901595,"snow2011"
0.318486704151515,1.41148658106332,0.259000240901595,"snow2011"
0.326254672545455,1.41148658106332,0.259000240901595,"snow2011"
0.334022640939394,1.39914685612664,0.256735967351894,"snow2011"
0.341790609333333,1.39914685612664,0.256735967351894,"snow2011"
0.349558577727273,1.389594198089,0.254983105676698,"snow2011"
0.357326546121212,1.28657936718614,0.236080434990181,"snow2011"
0.365094514515152,1.28657936718614,0.236080434990181,"snow2011"
0.372862482909091,1.27334263938397,0.233651566210623,"snow2011"
0.38063045130303,1.29041772469322,0.236784753070379,"snow2011"
0.38839841969697,1.29041772469322,0.236784753070379,"snow2011"
0.396166388090909,1.29041772469322,0.236784753070379,"snow2011"
0.403934356484848,1.29041772469322,0.236784753070379,"snow2011"
0.411702324878788,1.21648535313004,0.223218558178987,"snow2011"
0.419470293272727,1.21648535313004,0.223218558178987,"snow2011"
0.427238261666667,1.21648535313004,0.223218558178987,"snow2011"
0.435006230060606,1.21648535313004,0.223218558178987,"snow2011"
0.442774198454545,1.21648535313004,0.223218558178987,"snow2011"
0.450542166848485,1.21648535313004,0.223218558178987,"snow2011"
0.458310135242424,1.21648535313004,0.223218558178987,"snow2011"
0.466078103636364,1.21648535313004,0.223218558178987,"snow2011"
0.473846072030303,1.20134555486312,0.220440486144198,"snow2011"
0.481614040424242,1.20134555486312,0.220440486144198,"snow2011"
0.489382008818182,1.03337166626315,0.189618175683551,"snow2011"
0.497149977212121,0.984717450056216,0.180690387146602,"snow2011"
0.504917945606061,0.984717450056216,0.180690387146602,"snow2011"
0.512685914,0.984717450056216,0.180690387146602,"snow2011"
0.520453882393939,0.984717450056216,0.180690387146602,"snow2011"
0.528221850787879,0.984717450056216,0.180690387146602,"snow2011"
0.535989819181818,0.984717450056216,0.180690387146602,"snow2011"
0.543757787575758,0.959056885820859,0.175981810807447,"snow2011"
0.551525755969697,0.959056885820859,0.175981810807447,"snow2011"
0.559293724363636,0.959056885820859,0.175981810807447,"snow2011"
0.567061692757576,0.959056885820859,0.175981810807447,"snow2011"
0.574829661151515,0.959056885820859,0.175981810807447,"snow2011"
0.582597629545454,0.959056885820859,0.175981810807447,"snow2011"
0.590365597939394,0.959056885820859,0.175981810807447,"snow2011"
0.598133566333333,0.959056885820859,0.175981810807447,"snow2011"
0.605901534727273,0.959056885820859,0.175981810807447,"snow2011"
0.613669503121212,0.959056885820859,0.175981810807447,"snow2011"
0.621437471515151,0.959056885820859,0.175981810807447,"snow2011"
0.629205439909091,0.959056885820859,0.175981810807447,"snow2011"
0.63697340830303,0.959056885820859,0.175981810807447,"snow2011"
0.64474137669697,0.959056885820859,0.175981810807447,"snow2011"
0.652509345090909,0.959056885820859,0.175981810807447,"snow2011"
0.660277313484848,0.959056885820859,0.175981810807447,"snow2011"
0.668045281878788,0.959056885820859,0.175981810807447,"snow2011"
0.675813250272727,0.959056885820859,0.175981810807447,"snow2011"
0.683581218666667,0.959056885820859,0.175981810807447,"snow2011"
0.691349187060606,0.959056885820859,0.175981810807447,"snow2011"
0.699117155454545,0.959056885820859,0.175981810807447,"snow2011"
0.706885123848485,0.959056885820859,0.175981810807447,"snow2011"
0.714653092242424,0.959056885820859,0.175981810807447,"snow2011"
0.722421060636364,0.959056885820859,0.175981810807447,"snow2011"
0.730189029030303,0.959056885820859,0.175981810807447,"snow2011"
0.737956997424242,0.959056885820859,0.175981810807447,"snow2011"
0.745724965818182,0.959056885820859,0.175981810807447,"snow2011"
0.753492934212121,0.959056885820859,0.175981810807447,"snow2011"
0.76126090260606,0.959056885820859,0.175981810807447,"snow2011"
0.769028871,0.959056885820859,0.175981810807447,"snow2011"
-0.078810751,1.16686689209515,0.214113835871587,"eastMEAN"
-0.0766166239090909,1.16686689209515,0.214113835871587,"eastMEAN"
-0.0744224968181818,1.16686689209515,0.214113835871587,"eastMEAN"
-0.0722283697272727,1.16686689209515,0.214113835871587,"eastMEAN"
-0.0700342426363636,1.16686689209515,0.214113835871587,"eastMEAN"
-0.0678401155454545,1.16686689209515,0.214113835871587,"eastMEAN"
-0.0656459884545455,1.16686689209515,0.214113835871587,"eastMEAN"
-0.0634518613636364,1.16686689209515,0.214113835871587,"eastMEAN"
-0.0612577342727273,1.16686689209515,0.214113835871587,"eastMEAN"
-0.0590636071818182,1.16686689209515,0.214113835871587,"eastMEAN"
-0.0568694800909091,1.16686689209515,0.214113835871587,"eastMEAN"
-0.054675353,1.16686689209515,0.214113835871587,"eastMEAN"
-0.0524812259090909,1.16686689209515,0.214113835871587,"eastMEAN"
-0.0502870988181818,1.16686689209515,0.214113835871587,"eastMEAN"
-0.0480929717272727,1.16686689209515,0.214113835871587,"eastMEAN"
-0.0458988446363636,1.16686689209515,0.214113835871587,"eastMEAN"
-0.0437047175454545,1.16686689209515,0.214113835871587,"eastMEAN"
-0.0415105904545455,1.16686689209515,0.214113835871587,"eastMEAN"
-0.0393164633636364,1.16686689209515,0.214113835871587,"eastMEAN"
-0.0371223362727273,1.16686689209515,0.214113835871587,"eastMEAN"
-0.0349282091818182,1.16686689209515,0.214113835871587,"eastMEAN"
-0.0327340820909091,1.16686689209515,0.214113835871587,"eastMEAN"
-0.030539955,1.16686689209515,0.214113835871587,"eastMEAN"
-0.0283458279090909,1.16686689209515,0.214113835871587,"eastMEAN"
-0.0261517008181818,1.16686689209515,0.214113835871587,"eastMEAN"
-0.0239575737272727,1.16686689209515,0.214113835871587,"eastMEAN"
-0.0217634466363636,1.16686689209515,0.214113835871587,"eastMEAN"
-0.0195693195454546,1.184159420242,0.217286922329453,"eastMEAN"
-0.0173751924545455,1.184159420242,0.217286922329453,"eastMEAN"
-0.0151810653636364,1.184159420242,0.217286922329453,"eastMEAN"
-0.0129869382727273,1.16701043314692,0.214140174887124,"eastMEAN"
-0.0107928111818182,1.16701043314692,0.214140174887124,"eastMEAN"
-0.0085986840909091,1.16701043314692,0.214140174887124,"eastMEAN"
-0.00640455700000001,1.16701043314692,0.214140174887124,"eastMEAN"
-0.00421042990909092,1.16701043314692,0.214140174887124,"eastMEAN"
-0.00201630281818183,1.16701043314692,0.214140174887124,"eastMEAN"
0.000177824272727264,1.16701043314692,0.214140174887124,"eastMEAN"
0.00237195136363635,1.16701043314692,0.214140174887124,"eastMEAN"
0.00456607845454544,1.16701043314692,0.214140174887124,"eastMEAN"
0.00676020554545453,1.16701043314692,0.214140174887124,"eastMEAN"
0.00895433263636362,1.1558998771663,0.212101447268923,"eastMEAN"
0.0111484597272727,1.13888512225037,0.208979330713777,"eastMEAN"
0.0133425868181818,1.13888512225037,0.208979330713777,"eastMEAN"
0.0155367139090909,1.24665724441468,0.228754938911201,"eastMEAN"
0.017730841,1.24665724441468,0.228754938911201,"eastMEAN"
0.0199249680909091,1.2661730937806,0.232335992925449,"eastMEAN"
0.0221190951818182,1.2661730937806,0.232335992925449,"eastMEAN"
0.0243132222727273,1.2661730937806,0.232335992925449,"eastMEAN"
0.0265073493636364,1.2661730937806,0.232335992925449,"eastMEAN"
0.0287014764545454,1.35025348286306,0.24776429477374,"eastMEAN"
0.0308956035454545,1.38382113882538,0.253923780168346,"eastMEAN"
0.0330897306363636,1.38382113882538,0.253923780168346,"eastMEAN"
0.0352838577272727,1.41636652756637,0.259895684993543,"eastMEAN"
0.0374779848181818,1.41636652756637,0.259895684993543,"eastMEAN"
0.0396721119090909,1.41636652756637,0.259895684993543,"eastMEAN"
0.041866239,1.41636652756637,0.259895684993543,"eastMEAN"
0.0440603660909091,1.40074736289836,0.257029651787156,"eastMEAN"
0.0462544931818182,1.40074736289836,0.257029651787156,"eastMEAN"
0.0484486202727273,1.40074736289836,0.257029651787156,"eastMEAN"
0.0506427473636363,1.42080275290104,0.260709708623515,"eastMEAN"
0.0528368744545454,1.42080275290104,0.260709708623515,"eastMEAN"
0.0550310015454545,1.42080275290104,0.260709708623515,"eastMEAN"
0.0572251286363636,1.42080275290104,0.260709708623515,"eastMEAN"
0.0594192557272727,1.52442378889727,0.279723614703499,"eastMEAN"
0.0616133828181818,1.52442378889727,0.279723614703499,"eastMEAN"
0.0638075099090909,1.52442378889727,0.279723614703499,"eastMEAN"
0.066001637,1.52442378889727,0.279723614703499,"eastMEAN"
0.0681957640909091,1.52442378889727,0.279723614703499,"eastMEAN"
0.0703898911818182,1.52442378889727,0.279723614703499,"eastMEAN"
0.0725840182727273,1.52442378889727,0.279723614703499,"eastMEAN"
0.0747781453636363,1.52442378889727,0.279723614703499,"eastMEAN"
0.0769722724545455,1.52442378889727,0.279723614703499,"eastMEAN"
0.0791663995454545,1.52442378889727,0.279723614703499,"eastMEAN"
0.0813605266363636,1.52442378889727,0.279723614703499,"eastMEAN"
0.0835546537272727,1.52442378889727,0.279723614703499,"eastMEAN"
0.0857487808181818,1.52442378889727,0.279723614703499,"eastMEAN"
0.0879429079090909,1.52442378889727,0.279723614703499,"eastMEAN"
0.090137035,1.52442378889727,0.279723614703499,"eastMEAN"
0.0923311620909091,1.52442378889727,0.279723614703499,"eastMEAN"
0.0945252891818182,1.52442378889727,0.279723614703499,"eastMEAN"
0.0967194162727272,1.52442378889727,0.279723614703499,"eastMEAN"
0.0989135433636363,1.52442378889727,0.279723614703499,"eastMEAN"
0.101107670454545,1.52442378889727,0.279723614703499,"eastMEAN"
0.103301797545455,1.52442378889727,0.279723614703499,"eastMEAN"
0.105495924636364,1.52442378889727,0.279723614703499,"eastMEAN"
0.107690051727273,1.52442378889727,0.279723614703499,"eastMEAN"
0.109884178818182,1.52442378889727,0.279723614703499,"eastMEAN"
0.112078305909091,1.52442378889727,0.279723614703499,"eastMEAN"
0.114272433,1.52442378889727,0.279723614703499,"eastMEAN"
0.116466560090909,1.52442378889727,0.279723614703499,"eastMEAN"
0.118660687181818,1.52442378889727,0.279723614703499,"eastMEAN"
0.120854814272727,1.52442378889727,0.279723614703499,"eastMEAN"
0.123048941363636,1.52442378889727,0.279723614703499,"eastMEAN"
0.125243068454545,1.52442378889727,0.279723614703499,"eastMEAN"
0.127437195545455,1.52442378889727,0.279723614703499,"eastMEAN"
0.129631322636364,1.52442378889727,0.279723614703499,"eastMEAN"
0.131825449727273,1.52442378889727,0.279723614703499,"eastMEAN"
0.134019576818182,1.52442378889727,0.279723614703499,"eastMEAN"
0.136213703909091,1.52442378889727,0.279723614703499,"eastMEAN"
0.138407831,1.52442378889727,0.279723614703499,"eastMEAN"
0,1.17707980813197,0.215987851359465,"site_type_num"
0.0101010101010101,1.17707980813197,0.215987851359465,"site_type_num"
0.0202020202020202,1.17707980813197,0.215987851359465,"site_type_num"
0.0303030303030303,1.17707980813197,0.215987851359465,"site_type_num"
0.0404040404040404,1.17707980813197,0.215987851359465,"site_type_num"
0.0505050505050505,1.17707980813197,0.215987851359465,"site_type_num"
0.0606060606060606,1.17707980813197,0.215987851359465,"site_type_num"
0.0707070707070707,1.17707980813197,0.215987851359465,"site_type_num"
0.0808080808080808,1.17707980813197,0.215987851359465,"site_type_num"
0.0909090909090909,1.17707980813197,0.215987851359465,"site_type_num"
0.101010101010101,1.17707980813197,0.215987851359465,"site_type_num"
0.111111111111111,1.17707980813197,0.215987851359465,"site_type_num"
0.121212121212121,1.17707980813197,0.215987851359465,"site_type_num"
0.131313131313131,1.17707980813197,0.215987851359465,"site_type_num"
0.141414141414141,1.17707980813197,0.215987851359465,"site_type_num"
0.151515151515152,1.17707980813197,0.215987851359465,"site_type_num"
0.161616161616162,1.17707980813197,0.215987851359465,"site_type_num"
0.171717171717172,1.17707980813197,0.215987851359465,"site_type_num"
0.181818181818182,1.17707980813197,0.215987851359465,"site_type_num"
0.191919191919192,1.17707980813197,0.215987851359465,"site_type_num"
0.202020202020202,1.17707980813197,0.215987851359465,"site_type_num"
0.212121212121212,1.17707980813197,0.215987851359465,"site_type_num"
0.222222222222222,1.17707980813197,0.215987851359465,"site_type_num"
0.232323232323232,1.17707980813197,0.215987851359465,"site_type_num"
0.242424242424242,1.17707980813197,0.215987851359465,"site_type_num"
0.252525252525253,1.17707980813197,0.215987851359465,"site_type_num"
0.262626262626263,1.17707980813197,0.215987851359465,"site_type_num"
0.272727272727273,1.17707980813197,0.215987851359465,"site_type_num"
0.282828282828283,1.17707980813197,0.215987851359465,"site_type_num"
0.292929292929293,1.17707980813197,0.215987851359465,"site_type_num"
0.303030303030303,1.17707980813197,0.215987851359465,"site_type_num"
0.313131313131313,1.17707980813197,0.215987851359465,"site_type_num"
0.323232323232323,1.17707980813197,0.215987851359465,"site_type_num"
0.333333333333333,1.17707980813197,0.215987851359465,"site_type_num"
0.343434343434343,1.17707980813197,0.215987851359465,"site_type_num"
0.353535353535354,1.17707980813197,0.215987851359465,"site_type_num"
0.363636363636364,1.17707980813197,0.215987851359465,"site_type_num"
0.373737373737374,1.17707980813197,0.215987851359465,"site_type_num"
0.383838383838384,1.17707980813197,0.215987851359465,"site_type_num"
0.393939393939394,1.17707980813197,0.215987851359465,"site_type_num"
0.404040404040404,1.17707980813197,0.215987851359465,"site_type_num"
0.414141414141414,1.17707980813197,0.215987851359465,"site_type_num"
0.424242424242424,1.17707980813197,0.215987851359465,"site_type_num"
0.434343434343434,1.17707980813197,0.215987851359465,"site_type_num"
0.444444444444444,1.17707980813197,0.215987851359465,"site_type_num"
0.454545454545455,1.17707980813197,0.215987851359465,"site_type_num"
0.464646464646465,1.17707980813197,0.215987851359465,"site_type_num"
0.474747474747475,1.17707980813197,0.215987851359465,"site_type_num"
0.484848484848485,1.17707980813197,0.215987851359465,"site_type_num"
0.494949494949495,1.17707980813197,0.215987851359465,"site_type_num"
0.505050505050505,1.44317738230067,0.264815333489053,"site_type_num"
0.515151515151515,1.44317738230067,0.264815333489053,"site_type_num"
0.525252525252525,1.44317738230067,0.264815333489053,"site_type_num"
0.535353535353535,1.44317738230067,0.264815333489053,"site_type_num"
0.545454545454546,1.44317738230067,0.264815333489053,"site_type_num"
0.555555555555556,1.44317738230067,0.264815333489053,"site_type_num"
0.565656565656566,1.44317738230067,0.264815333489053,"site_type_num"
0.575757575757576,1.44317738230067,0.264815333489053,"site_type_num"
0.585858585858586,1.44317738230067,0.264815333489053,"site_type_num"
0.595959595959596,1.44317738230067,0.264815333489053,"site_type_num"
0.606060606060606,1.44317738230067,0.264815333489053,"site_type_num"
0.616161616161616,1.44317738230067,0.264815333489053,"site_type_num"
0.626262626262626,1.44317738230067,0.264815333489053,"site_type_num"
0.636363636363636,1.44317738230067,0.264815333489053,"site_type_num"
0.646464646464647,1.44317738230067,0.264815333489053,"site_type_num"
0.656565656565657,1.44317738230067,0.264815333489053,"site_type_num"
0.666666666666667,1.44317738230067,0.264815333489053,"site_type_num"
0.676767676767677,1.44317738230067,0.264815333489053,"site_type_num"
0.686868686868687,1.44317738230067,0.264815333489053,"site_type_num"
0.696969696969697,1.44317738230067,0.264815333489053,"site_type_num"
0.707070707070707,1.44317738230067,0.264815333489053,"site_type_num"
0.717171717171717,1.44317738230067,0.264815333489053,"site_type_num"
0.727272727272727,1.44317738230067,0.264815333489053,"site_type_num"
0.737373737373737,1.44317738230067,0.264815333489053,"site_type_num"
0.747474747474748,1.44317738230067,0.264815333489053,"site_type_num"
0.757575757575758,1.44317738230067,0.264815333489053,"site_type_num"
0.767676767676768,1.44317738230067,0.264815333489053,"site_type_num"
0.777777777777778,1.44317738230067,0.264815333489053,"site_type_num"
0.787878787878788,1.44317738230067,0.264815333489053,"site_type_num"
0.797979797979798,1.44317738230067,0.264815333489053,"site_type_num"
0.808080808080808,1.44317738230067,0.264815333489053,"site_type_num"
0.818181818181818,1.44317738230067,0.264815333489053,"site_type_num"
0.828282828282828,1.44317738230067,0.264815333489053,"site_type_num"
0.838383838383838,1.44317738230067,0.264815333489053,"site_type_num"
0.848484848484849,1.44317738230067,0.264815333489053,"site_type_num"
0.858585858585859,1.44317738230067,0.264815333489053,"site_type_num"
0.868686868686869,1.44317738230067,0.264815333489053,"site_type_num"
0.878787878787879,1.44317738230067,0.264815333489053,"site_type_num"
0.888888888888889,1.44317738230067,0.264815333489053,"site_type_num"
0.898989898989899,1.44317738230067,0.264815333489053,"site_type_num"
0.909090909090909,1.44317738230067,0.264815333489053,"site_type_num"
0.919191919191919,1.44317738230067,0.264815333489053,"site_type_num"
0.929292929292929,1.44317738230067,0.264815333489053,"site_type_num"
0.939393939393939,1.44317738230067,0.264815333489053,"site_type_num"
0.94949494949495,1.44317738230067,0.264815333489053,"site_type_num"
0.95959595959596,1.44317738230067,0.264815333489053,"site_type_num"
0.96969696969697,1.44317738230067,0.264815333489053,"site_type_num"
0.97979797979798,1.44317738230067,0.264815333489053,"site_type_num"
0.98989898989899,1.44317738230067,0.264815333489053,"site_type_num"
1,1.44317738230067,0.264815333489053,"site_type_num"
0,1.28410139085081,0.235625739581518,"ppt_day"
0.069959595959596,1.19059597100857,0.218467994981139,"ppt_day"
0.139919191919192,1.19059597100857,0.218467994981139,"ppt_day"
0.209878787878788,1.17857637940629,0.216262464186661,"ppt_day"
0.279838383838384,1.17857637940629,0.216262464186661,"ppt_day"
0.34979797979798,1.01209316180792,0.185713683884713,"ppt_day"
0.419757575757576,0.993310128371162,0.182267097675358,"ppt_day"
0.489717171717172,0.993310128371162,0.182267097675358,"ppt_day"
0.559676767676768,0.993310128371162,0.182267097675358,"ppt_day"
0.629636363636364,0.993310128371162,0.182267097675358,"ppt_day"
0.69959595959596,1.03688662765707,0.190263152306069,"ppt_day"
0.769555555555556,1.03688662765707,0.190263152306069,"ppt_day"
0.839515151515152,1.03688662765707,0.190263152306069,"ppt_day"
0.909474747474747,1.03688662765707,0.190263152306069,"ppt_day"
0.979434343434343,1.03688662765707,0.190263152306069,"ppt_day"
1.04939393939394,1.05234554733839,0.193099781414171,"ppt_day"
1.11935353535354,1.05234554733839,0.193099781414171,"ppt_day"
1.18931313131313,1.05234554733839,0.193099781414171,"ppt_day"
1.25927272727273,1.08626066058626,0.199323023362945,"ppt_day"
1.32923232323232,1.11141049225901,0.203937883007568,"ppt_day"
1.39919191919192,1.17057648638563,0.214794526589992,"ppt_day"
1.46915151515152,1.28661068198221,0.236086181087831,"ppt_day"
1.53911111111111,1.28661068198221,0.236086181087831,"ppt_day"
1.60907070707071,1.42788840769031,0.262009888392836,"ppt_day"
1.6790303030303,1.42788840769031,0.262009888392836,"ppt_day"
1.7489898989899,1.42788840769031,0.262009888392836,"ppt_day"
1.81894949494949,1.42788840769031,0.262009888392836,"ppt_day"
1.88890909090909,1.42788840769031,0.262009888392836,"ppt_day"
1.95886868686869,1.45695702291289,0.267343823866491,"ppt_day"
2.02882828282828,1.42877279830888,0.262172169342817,"ppt_day"
2.09878787878788,1.42877279830888,0.262172169342817,"ppt_day"
2.16874747474747,1.42877279830888,0.262172169342817,"ppt_day"
2.23870707070707,1.42877279830888,0.262172169342817,"ppt_day"
2.30866666666667,1.42877279830888,0.262172169342817,"ppt_day"
2.37862626262626,1.42877279830888,0.262172169342817,"ppt_day"
2.44858585858586,1.42877279830888,0.262172169342817,"ppt_day"
2.51854545454545,1.42877279830888,0.262172169342817,"ppt_day"
2.58850505050505,1.42877279830888,0.262172169342817,"ppt_day"
2.65846464646465,1.42877279830888,0.262172169342817,"ppt_day"
2.72842424242424,1.42877279830888,0.262172169342817,"ppt_day"
2.79838383838384,1.42877279830888,0.262172169342817,"ppt_day"
2.86834343434343,1.42877279830888,0.262172169342817,"ppt_day"
2.93830303030303,1.42877279830888,0.262172169342817,"ppt_day"
3.00826262626263,1.42877279830888,0.262172169342817,"ppt_day"
3.07822222222222,1.42877279830888,0.262172169342817,"ppt_day"
3.14818181818182,1.42877279830888,0.262172169342817,"ppt_day"
3.21814141414141,1.42877279830888,0.262172169342817,"ppt_day"
3.28810101010101,1.42877279830888,0.262172169342817,"ppt_day"
3.35806060606061,1.42877279830888,0.262172169342817,"ppt_day"
3.4280202020202,1.42877279830888,0.262172169342817,"ppt_day"
3.4979797979798,1.42877279830888,0.262172169342817,"ppt_day"
3.56793939393939,1.42877279830888,0.262172169342817,"ppt_day"
3.63789898989899,1.42877279830888,0.262172169342817,"ppt_day"
3.70785858585859,1.42877279830888,0.262172169342817,"ppt_day"
3.77781818181818,1.42877279830888,0.262172169342817,"ppt_day"
3.84777777777778,1.42877279830888,0.262172169342817,"ppt_day"
3.91773737373737,1.42877279830888,0.262172169342817,"ppt_day"
3.98769696969697,1.42877279830888,0.262172169342817,"ppt_day"
4.05765656565657,1.42877279830888,0.262172169342817,"ppt_day"
4.12761616161616,1.42877279830888,0.262172169342817,"ppt_day"
4.19757575757576,1.42877279830888,0.262172169342817,"ppt_day"
4.26753535353535,1.42877279830888,0.262172169342817,"ppt_day"
4.33749494949495,1.42877279830888,0.262172169342817,"ppt_day"
4.40745454545455,1.42877279830888,0.262172169342817,"ppt_day"
4.47741414141414,1.42877279830888,0.262172169342817,"ppt_day"
4.54737373737374,1.42877279830888,0.262172169342817,"ppt_day"
4.61733333333333,1.42877279830888,0.262172169342817,"ppt_day"
4.68729292929293,1.42877279830888,0.262172169342817,"ppt_day"
4.75725252525253,1.42877279830888,0.262172169342817,"ppt_day"
4.82721212121212,1.42877279830888,0.262172169342817,"ppt_day"
4.89717171717172,1.42877279830888,0.262172169342817,"ppt_day"
4.96713131313131,1.42877279830888,0.262172169342817,"ppt_day"
5.03709090909091,1.42877279830888,0.262172169342817,"ppt_day"
5.1070505050505,1.42877279830888,0.262172169342817,"ppt_day"
5.1770101010101,1.42877279830888,0.262172169342817,"ppt_day"
5.2469696969697,1.42877279830888,0.262172169342817,"ppt_day"
5.31692929292929,1.42877279830888,0.262172169342817,"ppt_day"
5.38688888888889,1.42877279830888,0.262172169342817,"ppt_day"
5.45684848484848,1.42877279830888,0.262172169342817,"ppt_day"
5.52680808080808,1.42877279830888,0.262172169342817,"ppt_day"
5.59676767676768,1.42877279830888,0.262172169342817,"ppt_day"
5.66672727272727,1.42877279830888,0.262172169342817,"ppt_day"
5.73668686868687,1.42877279830888,0.262172169342817,"ppt_day"
5.80664646464646,1.42877279830888,0.262172169342817,"ppt_day"
5.87660606060606,1.42877279830888,0.262172169342817,"ppt_day"
5.94656565656566,1.42877279830888,0.262172169342817,"ppt_day"
6.01652525252525,1.42877279830888,0.262172169342817,"ppt_day"
6.08648484848485,1.42877279830888,0.262172169342817,"ppt_day"
6.15644444444444,1.42877279830888,0.262172169342817,"ppt_day"
6.22640404040404,1.42877279830888,0.262172169342817,"ppt_day"
6.29636363636364,1.42877279830888,0.262172169342817,"ppt_day"
6.36632323232323,1.42877279830888,0.262172169342817,"ppt_day"
6.43628282828283,1.42877279830888,0.262172169342817,"ppt_day"
6.50624242424242,1.42877279830888,0.262172169342817,"ppt_day"
6.57620202020202,1.42877279830888,0.262172169342817,"ppt_day"
6.64616161616162,1.42877279830888,0.262172169342817,"ppt_day"
6.71612121212121,1.42877279830888,0.262172169342817,"ppt_day"
6.78608080808081,1.42877279830888,0.262172169342817,"ppt_day"
6.8560404040404,1.42877279830888,0.262172169342817,"ppt_day"
6.926,1.42877279830888,0.262172169342817,"ppt_day"
0.855079,1.17019662841019,0.214724824682464,"tmean_percent_normal"
0.863733877777778,1.17019662841019,0.214724824682464,"tmean_percent_normal"
0.872388755555556,1.17019662841019,0.214724824682464,"tmean_percent_normal"
0.881043633333333,1.17019662841019,0.214724824682464,"tmean_percent_normal"
0.889698511111111,1.17019662841019,0.214724824682464,"tmean_percent_normal"
0.898353388888889,1.17019662841019,0.214724824682464,"tmean_percent_normal"
0.907008266666667,1.17019662841019,0.214724824682464,"tmean_percent_normal"
0.915663144444445,1.17019662841019,0.214724824682464,"tmean_percent_normal"
0.924318022222222,1.17019662841019,0.214724824682464,"tmean_percent_normal"
0.9329729,1.17019662841019,0.214724824682464,"tmean_percent_normal"
0.941627777777778,1.17019662841019,0.214724824682464,"tmean_percent_normal"
0.950282655555556,1.17019662841019,0.214724824682464,"tmean_percent_normal"
0.958937533333333,1.17019662841019,0.214724824682464,"tmean_percent_normal"
0.967592411111111,1.17019662841019,0.214724824682464,"tmean_percent_normal"
0.976247288888889,1.17019662841019,0.214724824682464,"tmean_percent_normal"
0.984902166666667,1.17019662841019,0.214724824682464,"tmean_percent_normal"
0.993557044444444,1.19395377974967,0.219084134932106,"tmean_percent_normal"
1.00221192222222,1.19395377974967,0.219084134932106,"tmean_percent_normal"
1.0108668,1.27222788303276,0.233447014380387,"tmean_percent_normal"
1.01952167777778,1.27222788303276,0.233447014380387,"tmean_percent_normal"
1.02817655555556,1.27222788303276,0.233447014380387,"tmean_percent_normal"
1.03683143333333,1.27222788303276,0.233447014380387,"tmean_percent_normal"
1.04548631111111,1.27222788303276,0.233447014380387,"tmean_percent_normal"
1.05414118888889,1.27222788303276,0.233447014380387,"tmean_percent_normal"
1.06279606666667,1.27222788303276,0.233447014380387,"tmean_percent_normal"
1.07145094444444,1.27222788303276,0.233447014380387,"tmean_percent_normal"
1.08010582222222,1.27222788303276,0.233447014380387,"tmean_percent_normal"
1.0887607,1.27222788303276,0.233447014380387,"tmean_percent_normal"
1.09741557777778,1.27222788303276,0.233447014380387,"tmean_percent_normal"
1.10607045555556,1.27222788303276,0.233447014380387,"tmean_percent_normal"
1.11472533333333,1.27222788303276,0.233447014380387,"tmean_percent_normal"
1.12338021111111,1.27222788303276,0.233447014380387,"tmean_percent_normal"
1.13203508888889,1.29289464917373,0.237239255469306,"tmean_percent_normal"
1.14068996666667,1.29289464917373,0.237239255469306,"tmean_percent_normal"
1.14934484444444,1.31095231327045,0.24055274028306,"tmean_percent_normal"
1.15799972222222,1.27983192823868,0.234842316019512,"tmean_percent_normal"
1.1666546,1.32167523977193,0.242520339964356,"tmean_percent_normal"
1.17530947777778,1.32167523977193,0.242520339964356,"tmean_percent_normal"
1.18396435555556,1.32167523977193,0.242520339964356,"tmean_percent_normal"
1.19261923333333,1.30911785991303,0.240216127900153,"tmean_percent_normal"
1.20127411111111,1.33392603556612,0.244768295491883,"tmean_percent_normal"
1.20992898888889,1.33392603556612,0.244768295491883,"tmean_percent_normal"
1.21858386666667,1.33392603556612,0.244768295491883,"tmean_percent_normal"
1.22723874444444,1.33392603556612,0.244768295491883,"tmean_percent_normal"
1.23589362222222,1.33392603556612,0.244768295491883,"tmean_percent_normal"
1.2445485,1.33392603556612,0.244768295491883,"tmean_percent_normal"
1.25320337777778,1.33392603556612,0.244768295491883,"tmean_percent_normal"
1.26185825555556,1.33392603556612,0.244768295491883,"tmean_percent_normal"
1.27051313333333,1.33392603556612,0.244768295491883,"tmean_percent_normal"
1.27916801111111,1.33392603556612,0.244768295491883,"tmean_percent_normal"
1.28782288888889,1.33392603556612,0.244768295491883,"tmean_percent_normal"
1.29647776666667,1.33392603556612,0.244768295491883,"tmean_percent_normal"
1.30513264444444,1.33392603556612,0.244768295491883,"tmean_percent_normal"
1.31378752222222,1.33392603556612,0.244768295491883,"tmean_percent_normal"
1.3224424,1.33392603556612,0.244768295491883,"tmean_percent_normal"
1.33109727777778,1.33392603556612,0.244768295491883,"tmean_percent_normal"
1.33975215555556,1.33392603556612,0.244768295491883,"tmean_percent_normal"
1.34840703333333,1.33392603556612,0.244768295491883,"tmean_percent_normal"
1.35706191111111,1.33392603556612,0.244768295491883,"tmean_percent_normal"
1.36571678888889,1.33392603556612,0.244768295491883,"tmean_percent_normal"
1.37437166666667,1.33392603556612,0.244768295491883,"tmean_percent_normal"
1.38302654444444,1.33392603556612,0.244768295491883,"tmean_percent_normal"
1.39168142222222,1.33392603556612,0.244768295491883,"tmean_percent_normal"
1.4003363,1.3479871709917,0.24734843866252,"tmean_percent_normal"
1.40899117777778,1.3479871709917,0.24734843866252,"tmean_percent_normal"
1.41764605555556,1.3479871709917,0.24734843866252,"tmean_percent_normal"
1.42630093333333,1.36102044978614,0.24973997563693,"tmean_percent_normal"
1.43495581111111,1.36111295761114,0.249756950328211,"tmean_percent_normal"
1.44361068888889,1.36111295761114,0.249756950328211,"tmean_percent_normal"
1.45226556666667,1.4037917407554,0.257588278846703,"tmean_percent_normal"
1.46092044444444,1.36145236942765,0.249819230581825,"tmean_percent_normal"
1.46957532222222,1.36145236942765,0.249819230581825,"tmean_percent_normal"
1.4782302,1.36145236942765,0.249819230581825,"tmean_percent_normal"
1.48688507777778,1.36145236942765,0.249819230581825,"tmean_percent_normal"
1.49553995555556,1.36145236942765,0.249819230581825,"tmean_percent_normal"
1.50419483333333,1.36145236942765,0.249819230581825,"tmean_percent_normal"
1.51284971111111,1.32094556343079,0.242386448257081,"tmean_percent_normal"
1.52150458888889,1.32094556343079,0.242386448257081,"tmean_percent_normal"
1.53015946666667,1.15808688763052,0.212502751995931,"tmean_percent_normal"
1.53881434444444,1.15808688763052,0.212502751995931,"tmean_percent_normal"
1.54746922222222,1.15808688763052,0.212502751995931,"tmean_percent_normal"
1.5561241,1.15808688763052,0.212502751995931,"tmean_percent_normal"
1.56477897777778,1.15808688763052,0.212502751995931,"tmean_percent_normal"
1.57343385555556,1.15808688763052,0.212502751995931,"tmean_percent_normal"
1.58208873333333,1.15808688763052,0.212502751995931,"tmean_percent_normal"
1.59074361111111,1.15808688763052,0.212502751995931,"tmean_percent_normal"
1.59939848888889,1.15808688763052,0.212502751995931,"tmean_percent_normal"
1.60805336666667,1.15808688763052,0.212502751995931,"tmean_percent_normal"
1.61670824444444,1.15808688763052,0.212502751995931,"tmean_percent_normal"
1.62536312222222,1.15808688763052,0.212502751995931,"tmean_percent_normal"
1.634018,1.15808688763052,0.212502751995931,"tmean_percent_normal"
1.64267287777778,1.15808688763052,0.212502751995931,"tmean_percent_normal"
1.65132775555556,1.15808688763052,0.212502751995931,"tmean_percent_normal"
1.65998263333333,1.15808688763052,0.212502751995931,"tmean_percent_normal"
1.66863751111111,1.15808688763052,0.212502751995931,"tmean_percent_normal"
1.67729238888889,1.15808688763052,0.212502751995931,"tmean_percent_normal"
1.68594726666667,1.15808688763052,0.212502751995931,"tmean_percent_normal"
1.69460214444444,1.15808688763052,0.212502751995931,"tmean_percent_normal"
1.70325702222222,1.15808688763052,0.212502751995931,"tmean_percent_normal"
1.7119119,1.15808688763052,0.212502751995931,"tmean_percent_normal"
