2.65937883292547
3.12736305135314
1.88371220186789
2.59933327261988
1.6431728185173
2.78230019235971
1.32300711450983
1.59479866989618
0.434073464505203
1.81911509403646
0.265162250447188
-0.0671481870211401
1.1391903865164
1.3883617044541
0.946761331118253
0.753739340202278
1.26846593911133
1.94526830756856
1.12078210826994
0.682368726741254
0.543451600706936
0.511710885143014
0.392449506420835
1.24819222522872
0.19948907758239
0.99211974468982
1.17974242579119
0.74219518572581
2.45024788521814
2.11887441999746
2.22542757671501
1.80665261243684
1.78827976086391
0.89990138299647
2.49761122517321
1.91801459804186
1.61534338539333
1.97821158822658
1.3031215778327
2.55780821535793
1.00261871475995
0.746546234221049
2.26832459164188
1.14519870844923
0.987139315060268
2.05889448413368
1.95698441776644
1.27226922674019
1.82524789956507
0.885341861685108
2.33159460664077
1.75358298800283
1.72626591847397
1.93870800601448
1.62637363779777
1.74186218745225
1.45442497422151
1.02238400207213
0.92334723530207
2.33875695370796
1.95470288825006
-0.452493395602937
-0.508060346711671
0.555730360256032
-0.00837735136182756
1.85758018780711
1.66954483908268
2.26563547292031
1.53004795874416
1.08189246631785
1.91099371305532
1.24943268190397
1.19077589895477
1.76841810440539
1.01501261865346
1.42474402276835
0.696235692002376
1.79538447100647
1.87258663712196
1.84538212824918
1.51441483548161
0.932426122341646
0.905221613468866
0.0368863687018596
0.53005209710173
1.68271557726369
1.50559474183703
3.09720602732772
0.708315766016302
1.3064005462345
2.77704032332024
1.1605318828436
0.544853143306639
0.365600277856794
1.38933002774838
1.51821184071062
1.10258433050294
0.0532659096400889
1.23077462747987
1.88149727755658
1.91032953504944
1.59950246041004
1.57218539088118
1.97123452214712
2.05777119676733
1.74420054568546
1.71504948095214
1.77033398353659
1.48801550449048
0.8941029666929
1.23768950694537
1.68102656559432
0.67946884534453
1.4929912168699
1.83904311938483
-0.126068877829789
1.32784581799381
0.879690325567496
1.48440135951984
-0.496018692671359
-0.406109737686397
0.814644199074963
0.761825383000129
0.844159106477545
1.05121644878586
1.04870899285839
0.501979505927705
0.474300628384813
1.52589001687763
1.06460090675211
0.556634351862229
0.689674653079301
1.23836526226231
0.970539393638927
2.07960011557555
0.0127700570079956
0.740445333400519
-0.311888887416192
0.275244281073041
1.64764353349028
1.23859180818453
-0.100268402067963
0.976336954433153
1.83733850715272
1.42055595091809
2.20220086556626
1.87281980838912
