"bf","lr","best.iter","cv.r.squared"
0.5,0.1,2213,0.572327266958654
0.5,0.1,2183,0.584288777547242
0.5,0.1,778,0.576041713234999
0.5,0.1,8917,0.584720400167158
0.5,0.1,39489,0.556011668014654
0.5,0.1,715,0.604210866137381
0.5,0.1,33774,0.619568191344488
0.5,0.1,487,0.590368616921899
0.5,0.1,39190,0.589980120750161
0.5,0.1,9658,0.604338442239361
0.6,0.1,469,0.651679956620353
0.6,0.1,4057,0.627301120193832
0.6,0.1,446,0.61815606540331
0.6,0.1,161,0.59023009418066
0.6,0.1,734,0.619529107526679
0.6,0.1,370,0.66150046674461
0.6,0.1,597,0.602195917925083
0.6,0.1,39614,0.65171415351275
0.6,0.1,379,0.600562825855105
0.6,0.1,335,0.59784973714471
0.7,0.1,245,0.631487048405517
0.7,0.1,241,0.640515523771005
0.7,0.1,393,0.662473718135338
0.7,0.1,398,0.672005341751049
0.7,0.1,636,0.674581933405097
0.7,0.1,164,0.667617652717104
0.7,0.1,150,0.635718021226383
0.7,0.1,103,0.636799315572223
0.7,0.1,792,0.691193939841691
0.7,0.1,310,0.609415651406395
0.5,0.05,23572,0.627797713395436
0.5,0.05,39917,0.574953923581145
0.5,0.05,553,0.556483686877782
0.5,0.05,346,0.583575574606743
0.5,0.05,24179,0.605757423490264
0.5,0.05,1209,0.599455767147549
0.5,0.05,1892,0.600136657097247
0.5,0.05,15233,0.627811307419103
0.5,0.05,32616,0.616917889468914
0.5,0.05,39998,0.63671719105657
0.6,0.05,645,0.635601183785278
0.6,0.05,1153,0.643823689653631
0.6,0.05,1889,0.647311652697586
0.6,0.05,843,0.632899863209366
0.6,0.05,719,0.619190612502098
0.6,0.05,330,0.551455894900559
0.6,0.05,583,0.616410252571146
0.6,0.05,1226,0.622834855837972
0.6,0.05,862,0.669924900862459
0.6,0.05,38418,0.644951194331915
0.7,0.05,553,0.652853790407814
0.7,0.05,946,0.693663127343494
0.7,0.05,390,0.668147699005942
0.7,0.05,567,0.67373804036984
0.7,0.05,519,0.663661635419666
0.7,0.05,709,0.654564792465113
0.7,0.05,461,0.677716247192447
0.7,0.05,589,0.681363566796494
0.7,0.05,943,0.695333112944041
0.7,0.05,837,0.711999500996658
0.5,0.01,39717,0.603152057348416
0.5,0.01,7981,0.595666307118884
0.5,0.01,2989,0.605136676512597
0.5,0.01,39349,0.611595309610283
0.5,0.01,39937,0.615458566218907
0.5,0.01,34173,0.616063782379945
0.5,0.01,39874,0.605382754133239
0.5,0.01,40000,0.644563304778638
0.5,0.01,39805,0.638519886455057
0.5,0.01,39243,0.653069328600162
0.6,0.01,11937,0.651146231081886
0.6,0.01,39933,0.697010204791349
0.6,0.01,4756,0.659478869191413
0.6,0.01,6501,0.632935004765023
0.6,0.01,5551,0.705872027836365
0.6,0.01,5499,0.613721299865066
0.6,0.01,4916,0.66346103954365
0.6,0.01,9276,0.650946070474308
0.6,0.01,3141,0.627764188606617
0.6,0.01,4860,0.650464109566667
0.7,0.01,4257,0.670980083615692
0.7,0.01,4709,0.678429946262267
0.7,0.01,3232,0.668359273310153
0.7,0.01,3178,0.661052520086828
0.7,0.01,4181,0.674218869826203
0.7,0.01,2823,0.670875373149258
0.7,0.01,3032,0.664141473059168
0.7,0.01,4573,0.72556660998335
0.7,0.01,5000,0.695353898668077
0.7,0.01,3642,0.713362785141002
0.5,0.005,39918,0.650305578900031
0.5,0.005,39967,0.640027785932963
0.5,0.005,40000,0.638876813065538
0.5,0.005,39602,0.581294006047892
0.5,0.005,39824,0.611876147011214
0.5,0.005,12616,0.601933367474948
0.5,0.005,37731,0.615868534182742
0.5,0.005,35614,0.636306418200406
0.5,0.005,34870,0.620474670426669
0.5,0.005,39904,0.63502462707228
0.6,0.005,13069,0.664484099852457
0.6,0.005,7534,0.655133060191108
0.6,0.005,11110,0.635048612658506
0.6,0.005,23016,0.650207160089735
0.6,0.005,16129,0.64367578931179
0.6,0.005,5948,0.641488247486825
0.6,0.005,16682,0.643566260183905
0.6,0.005,4398,0.643597986069099
0.6,0.005,6766,0.6072788464702
0.6,0.005,5757,0.65269540355491
0.7,0.005,4202,0.671081596889167
0.7,0.005,7043,0.691343128499526
0.7,0.005,4752,0.679823558762345
0.7,0.005,6465,0.703861627200122
0.7,0.005,5415,0.66121424669199
0.7,0.005,6451,0.670273034289013
0.7,0.005,3947,0.677396992582824
0.7,0.005,8264,0.702571799802754
0.7,0.005,7089,0.689624513070044
0.7,0.005,5383,0.678172490637114
0.5,0.001,39705,0.598934976502915
0.5,0.001,38053,0.615112506283493
0.5,0.001,39788,0.586369127508287
0.5,0.001,39975,0.612789701307591
0.5,0.001,39816,0.616384032361315
0.5,0.001,39994,0.620307024413627
0.5,0.001,39879,0.601835139803595
0.5,0.001,39811,0.606443033440732
0.5,0.001,39984,0.625449127309405
0.5,0.001,26385,0.591228105278461
0.6,0.001,27053,0.621023092100128
0.6,0.001,38940,0.639976667189204
0.6,0.001,39997,0.662001988679337
0.6,0.001,39983,0.692380178097981
0.6,0.001,39839,0.630394184721567
0.6,0.001,39870,0.671837687815857
0.6,0.001,33669,0.626484223870865
0.6,0.001,35696,0.64326083661327
0.6,0.001,39934,0.662927058968152
0.6,0.001,39610,0.650859068206197
0.7,0.001,38078,0.705175130632098
0.7,0.001,37393,0.716247567628393
0.7,0.001,36801,0.701307100411561
0.7,0.001,27210,0.665419852982609
0.7,0.001,38898,0.733558064808257
0.7,0.001,29738,0.698160789823275
0.7,0.001,17337,0.694023084130585
0.7,0.001,30690,0.687136416190888
0.7,0.001,26570,0.691948139111928
0.7,0.001,35447,0.69955456270931
0.5,5e-04,39967,0.587859151030511
0.5,5e-04,39973,0.601498828746089
0.5,5e-04,39941,0.598652062293559
0.5,5e-04,39718,0.618206154142357
0.5,5e-04,39990,0.598826785374278
0.5,5e-04,39969,0.605171174679446
0.5,5e-04,38849,0.579920918043541
0.5,5e-04,33442,0.604863539006883
0.5,5e-04,39977,0.600649643883352
0.5,5e-04,39929,0.584039275245617
0.6,5e-04,39923,0.630037110686305
0.6,5e-04,40000,0.639091024370873
0.6,5e-04,40000,0.667084069206677
0.6,5e-04,39999,0.621110424940178
0.6,5e-04,39946,0.653841281769219
0.6,5e-04,39997,0.669598864966674
0.6,5e-04,39920,0.640808511421035
0.6,5e-04,39998,0.641221267247267
0.6,5e-04,39545,0.611716352335744
0.6,5e-04,39796,0.646082740893483
0.7,5e-04,39720,0.707016745822584
0.7,5e-04,39821,0.68502241113537
0.7,5e-04,39992,0.686191149164435
0.7,5e-04,40000,0.7154457897739
0.7,5e-04,39996,0.706610336477414
0.7,5e-04,39923,0.702502785105121
0.7,5e-04,39916,0.648961787456518
0.7,5e-04,39999,0.705273529751958
0.7,5e-04,39982,0.680902536955709
0.7,5e-04,39995,0.682382863575744
