0.804574294016581
2.10289829801722
-1.97718428393285
0.297587980233227
0.547474045378543
1.57972796877148
-0.279511657078294
0.232038759271376
-0.203518298871352
-0.29697178211662
2.48445383083924
1.53341753731558
-2.17091040990534
1.14321470167277
0.290201848363495
0.557495628020564
0.143552996077505
0.0202568275090227
0.343892633463933
-1.30743929700339
1.67092216102521
2.91268415179954
1.9056907079726
0.193625965884468
0.798965604321783
2.68487742486203
1.45182093170775
1.57774026518765
-2.62357431268126
1.43283293136778
1.17522601952639
-2.83125343814748
2.48923415381221
1.34431337887571
2.63593500950733
1.99246445957298
0.454885687191279
-1.99824737843717
1.59706561528291
0.390877432618465
0.00656588287483043
1.08055105237582
2.10826767071082
-0.311053181419854
1.32019122296777
-1.66206785098071
-0.300380055710877
1.59390313826422
0.276176744566669
1.79395424359411
1.59617240508204
1.80166391574331
1.86351722038178
1.71668194702273
1.68934618535412
0.894195917344798
0.755984916406919
2.07940113287179
2.02255524480944
-3.63171160966948
2.01375983501294
1.16817428223531
0.531263015326724
-4.3093469705691
0.689676528430978
1.98937939807185
1.57004129549595
1.98210831888067
0.301181184769357
2.2300437154397
-3.99305369064344
1.69499694303412
-3.47046227668817
-4.27430603843541
1.99404831396467
0.907737253879886
-4.31217049419793
1.75804514273847
2.09779331562705
0.287374300555495
2.13733101578884
-4.64382644353214
1.38538841902587
-3.76091647526829
1.45917077287677
2.67370848757703
1.12884736164708
1.21875781469146
-0.0328052157533951
0.0174275602838235
0.88839332648979
-0.976701396710568
0.560492562069984
0.618041661975602
-0.963545946636829
0.0681906058967295
0.65993621422861
0.355610444261868
-1.19632666869247
-1.26092383129402
0.281745867997724
-1.18236812211015
-0.626194346355446
-0.634906394801449
