0.710100475650233
2.10204861590655
-1.98430000875453
0.300366329780523
0.512336895492251
1.49803031354498
-0.00817612390895552
0.439970229302998
-0.322475229892699
-0.351093525740261
2.77060926676911
1.59693415120263
-2.03933758299228
1.07489358639394
0.195905436973498
0.561088547080734
0.0413826682965684
0.184637577085828
0.431031483885757
-1.05294779646568
1.62188815961136
2.8031805791731
1.89961470121271
0.297333136316174
0.806010397765086
2.69677293502924
1.34374096680369
1.64987382290734
-2.6963308129555
1.48643986732843
1.17638326752575
-2.87311647951679
2.56242927018191
1.42277975265694
2.69722155460618
2.11331581470554
0.29156976720121
-2.026891174493
1.55368643524251
0.464676819519501
-0.0539102443168179
0.849267791663995
2.17932327566983
-0.252637187405507
1.25775458439129
-1.34484055917988
-0.208240429849752
1.63603536461616
0.24770766120134
1.680009674217
1.51636370917285
1.88805967965936
1.83715226031878
1.73754227010072
1.60634013634454
0.934960619920572
0.741612075771206
2.19362247722363
1.86234665999058
-3.63066871340685
1.87263553686084
1.17771655241703
0.399826363829382
-4.14197586726592
0.549207573078521
1.96933061592059
1.62819213209518
2.10513450927161
0.18810193066717
2.30116117170128
-3.95777938839937
1.71607724260681
-3.58479840215939
-4.17132712753452
1.95051324758811
0.954388311942439
-4.29873948193284
1.80345867852246
2.0942748516667
0.185155692415709
2.02804442704045
-4.58096617978359
1.46101807349694
-3.70073918121698
1.48260793421175
2.72922452636948
1.04322442654495
1.07066530041326
-0.113227367595051
-0.0495714336499922
0.756021535659705
-0.953797828832451
0.406437682514175
0.6027853186302
-0.800997675866596
0.0224803283152743
0.555660552562189
0.323865863649319
-1.18103788497704
-1.25444835694686
0.587055114949779
-1.11220199911356
-0.244655841386322
-0.258080793579995
