"Value","Chl_a","Chl_a_modified","Var"
22.3,1.37330401820635,0.287354788003656,"NtoTP"
23.3444444444444,1.37330401820635,0.287354788003656,"NtoTP"
24.3888888888889,1.37330401820635,0.287354788003656,"NtoTP"
25.4333333333333,1.37330401820635,0.287354788003656,"NtoTP"
26.4777777777778,1.37330401820635,0.287354788003656,"NtoTP"
27.5222222222222,1.37330401820635,0.287354788003656,"NtoTP"
28.5666666666667,1.37330401820635,0.287354788003656,"NtoTP"
29.6111111111111,1.37330401820635,0.287354788003656,"NtoTP"
30.6555555555556,1.37330401820635,0.287354788003656,"NtoTP"
31.7,1.37330401820635,0.287354788003656,"NtoTP"
32.7444444444444,1.37330401820635,0.287354788003656,"NtoTP"
33.7888888888889,1.37330401820635,0.287354788003656,"NtoTP"
34.8333333333333,1.37330401820635,0.287354788003656,"NtoTP"
35.8777777777778,1.37330401820635,0.287354788003656,"NtoTP"
36.9222222222222,1.37330401820635,0.287354788003656,"NtoTP"
37.9666666666667,1.37330401820635,0.287354788003656,"NtoTP"
39.0111111111111,1.37243685236757,0.287173339284025,"NtoTP"
40.0555555555556,1.32530440006604,0.277311185194585,"NtoTP"
41.1,1.30776282476669,0.273640726516412,"NtoTP"
42.1444444444444,1.2494732181792,0.261444011643588,"NtoTP"
43.1888888888889,1.16784920102498,0.244364725604659,"NtoTP"
44.2333333333333,1.15960894047131,0.242640505553526,"NtoTP"
45.2777777777778,1.17195854178209,0.245224577994545,"NtoTP"
46.3222222222222,1.18030535839956,0.246971094197674,"NtoTP"
47.3666666666667,1.18092406009032,0.247100553436726,"NtoTP"
48.4111111111111,1.18092406009032,0.247100553436726,"NtoTP"
49.4555555555556,1.18379512464575,0.247701304716656,"NtoTP"
50.5,1.18315274707484,0.247566891456183,"NtoTP"
51.5444444444445,1.18002861450869,0.246913187367839,"NtoTP"
52.5888888888889,1.18187117577642,0.247298731133424,"NtoTP"
53.6333333333333,1.18276593120932,0.247485952793251,"NtoTP"
54.6777777777778,1.19073366021001,0.24915314741841,"NtoTP"
55.7222222222222,1.18977074319512,0.248951663398115,"NtoTP"
56.7666666666667,1.18940744032687,0.248875644674435,"NtoTP"
57.8111111111111,1.18953407648109,0.248902142452616,"NtoTP"
58.8555555555556,1.18953407648109,0.248902142452616,"NtoTP"
59.9,1.18996826788764,0.248992994134346,"NtoTP"
60.9444444444444,1.19203277854987,0.249424979343604,"NtoTP"
61.9888888888889,1.19502466805503,0.250051012445588,"NtoTP"
63.0333333333333,1.19734937827232,0.250537442691769,"NtoTP"
64.0777777777778,1.19635147518482,0.250328638067043,"NtoTP"
65.1222222222222,1.14975113160592,0.240577824210472,"NtoTP"
66.1666666666667,0.940638689802041,0.196822428036824,"NtoTP"
67.2111111111111,0.873121479004899,0.182694897979386,"NtoTP"
68.2555555555556,0.867451929412833,0.181508582204069,"NtoTP"
69.3,0.824203230232658,0.172459077782911,"NtoTP"
70.3444444444444,0.824203230232658,0.172459077782911,"NtoTP"
71.3888888888889,0.745245139930336,0.155937619315447,"NtoTP"
72.4333333333333,0.744320070278834,0.15574405460576,"NtoTP"
73.4777777777778,0.744320070278834,0.15574405460576,"NtoTP"
74.5222222222222,0.620674066679045,0.129871945676579,"NtoTP"
75.5666666666667,0.61642050657262,0.128981916341168,"NtoTP"
76.6111111111111,0.614349254615773,0.128548520560575,"NtoTP"
77.6555555555556,0.614349254615773,0.128548520560575,"NtoTP"
78.7,0.60006378054872,0.125559379541799,"NtoTP"
79.7444444444445,0.60006378054872,0.125559379541799,"NtoTP"
80.7888888888889,0.60006378054872,0.125559379541799,"NtoTP"
81.8333333333333,0.60006378054872,0.125559379541799,"NtoTP"
82.8777777777778,0.60006378054872,0.125559379541799,"NtoTP"
83.9222222222222,0.60006378054872,0.125559379541799,"NtoTP"
84.9666666666667,0.60006378054872,0.125559379541799,"NtoTP"
86.0111111111111,0.60006378054872,0.125559379541799,"NtoTP"
87.0555555555556,0.60006378054872,0.125559379541799,"NtoTP"
88.1,0.60006378054872,0.125559379541799,"NtoTP"
89.1444444444444,0.60006378054872,0.125559379541799,"NtoTP"
90.1888888888889,0.60006378054872,0.125559379541799,"NtoTP"
91.2333333333333,0.60006378054872,0.125559379541799,"NtoTP"
92.2777777777778,0.60006378054872,0.125559379541799,"NtoTP"
93.3222222222222,0.60006378054872,0.125559379541799,"NtoTP"
94.3666666666667,0.60006378054872,0.125559379541799,"NtoTP"
95.4111111111111,0.60006378054872,0.125559379541799,"NtoTP"
96.4555555555556,0.60006378054872,0.125559379541799,"NtoTP"
97.5,0.60006378054872,0.125559379541799,"NtoTP"
98.5444444444445,0.60006378054872,0.125559379541799,"NtoTP"
99.5888888888889,0.60006378054872,0.125559379541799,"NtoTP"
100.633333333333,0.60006378054872,0.125559379541799,"NtoTP"
101.677777777778,0.60006378054872,0.125559379541799,"NtoTP"
102.722222222222,0.60006378054872,0.125559379541799,"NtoTP"
103.766666666667,0.60006378054872,0.125559379541799,"NtoTP"
104.811111111111,0.60006378054872,0.125559379541799,"NtoTP"
105.855555555556,0.60006378054872,0.125559379541799,"NtoTP"
106.9,0.60006378054872,0.125559379541799,"NtoTP"
107.944444444444,0.60006378054872,0.125559379541799,"NtoTP"
108.988888888889,0.60006378054872,0.125559379541799,"NtoTP"
110.033333333333,0.60006378054872,0.125559379541799,"NtoTP"
111.077777777778,0.60006378054872,0.125559379541799,"NtoTP"
112.122222222222,0.60006378054872,0.125559379541799,"NtoTP"
113.166666666667,0.60006378054872,0.125559379541799,"NtoTP"
114.211111111111,0.60006378054872,0.125559379541799,"NtoTP"
115.255555555556,0.60006378054872,0.125559379541799,"NtoTP"
116.3,0.60006378054872,0.125559379541799,"NtoTP"
117.344444444444,0.60006378054872,0.125559379541799,"NtoTP"
118.388888888889,0.60006378054872,0.125559379541799,"NtoTP"
119.433333333333,0.60006378054872,0.125559379541799,"NtoTP"
120.477777777778,0.60006378054872,0.125559379541799,"NtoTP"
121.522222222222,0.60006378054872,0.125559379541799,"NtoTP"
122.566666666667,0.60006378054872,0.125559379541799,"NtoTP"
123.611111111111,0.60006378054872,0.125559379541799,"NtoTP"
124.655555555556,0.60006378054872,0.125559379541799,"NtoTP"
125.7,0.60006378054872,0.125559379541799,"NtoTP"
3.2,1.35471752890476,0.283465687977598,"TEMP"
3.31313131313131,1.35471752890476,0.283465687977598,"TEMP"
3.42626262626263,1.35471752890476,0.283465687977598,"TEMP"
3.53939393939394,1.35471752890476,0.283465687977598,"TEMP"
3.65252525252525,1.35471752890476,0.283465687977598,"TEMP"
3.76565656565657,1.35471752890476,0.283465687977598,"TEMP"
3.87878787878788,1.35471752890476,0.283465687977598,"TEMP"
3.99191919191919,1.35471752890476,0.283465687977598,"TEMP"
4.1050505050505,1.35471752890476,0.283465687977598,"TEMP"
4.21818181818182,1.35471752890476,0.283465687977598,"TEMP"
4.33131313131313,1.35471752890476,0.283465687977598,"TEMP"
4.44444444444444,1.35471752890476,0.283465687977598,"TEMP"
4.55757575757576,1.35471752890476,0.283465687977598,"TEMP"
4.67070707070707,1.35471752890476,0.283465687977598,"TEMP"
4.78383838383838,1.35471752890476,0.283465687977598,"TEMP"
4.8969696969697,1.35471752890476,0.283465687977598,"TEMP"
5.01010101010101,1.35471752890476,0.283465687977598,"TEMP"
5.12323232323232,1.35471752890476,0.283465687977598,"TEMP"
5.23636363636364,1.35471752890476,0.283465687977598,"TEMP"
5.34949494949495,1.35471752890476,0.283465687977598,"TEMP"
5.46262626262626,1.35471752890476,0.283465687977598,"TEMP"
5.57575757575758,1.35471752890476,0.283465687977598,"TEMP"
5.68888888888889,1.35482897809571,0.283489007984103,"TEMP"
5.8020202020202,1.35482897809571,0.283489007984103,"TEMP"
5.91515151515152,1.35535900703303,0.283599913035642,"TEMP"
6.02828282828283,1.35710800294864,0.283965878869782,"TEMP"
6.14141414141414,1.35786910864932,0.284125135206592,"TEMP"
6.25454545454545,1.35827757598059,0.284210604295613,"TEMP"
6.36767676767677,1.35746371188934,0.284040308614319,"TEMP"
6.48080808080808,1.34936866311834,0.28234647316883,"TEMP"
6.59393939393939,1.34936866311834,0.28234647316883,"TEMP"
6.70707070707071,1.34569766647796,0.28157834138783,"TEMP"
6.82020202020202,1.34439441753873,0.281305645162024,"TEMP"
6.93333333333333,1.34439441753873,0.281305645162024,"TEMP"
7.04646464646465,1.34420436860332,0.281265878678551,"TEMP"
7.15959595959596,1.34347094549731,0.281112414741688,"TEMP"
7.27272727272727,1.33697288961719,0.279752739502182,"TEMP"
7.38585858585859,1.3366004339905,0.279674805624301,"TEMP"
7.4989898989899,1.33692285613646,0.27974227032707,"TEMP"
7.61212121212121,1.33655975474378,0.279666293760823,"TEMP"
7.72525252525253,1.33541112629772,0.279425950851143,"TEMP"
7.83838383838384,1.33497354182723,0.27933438919321,"TEMP"
7.95151515151515,1.33484709962133,0.279307931997434,"TEMP"
8.06464646464647,1.33256797206365,0.278831039621463,"TEMP"
8.17777777777778,1.33216690227939,0.278747118420257,"TEMP"
8.29090909090909,1.32835903808336,0.277950348007959,"TEMP"
8.4040404040404,1.31669039081561,0.275508760699204,"TEMP"
8.51717171717172,1.31515796048874,0.275188109782968,"TEMP"
8.63030303030303,1.31821151821752,0.275827046553107,"TEMP"
8.74343434343434,1.32862600697513,0.278006209483846,"TEMP"
8.85656565656566,1.0658635127943,0.223024894487576,"TEMP"
8.96969696969697,1.05506178020429,0.220764703344666,"TEMP"
9.08282828282828,1.05565457718645,0.22088874219468,"TEMP"
9.1959595959596,1.05746473991748,0.221267506780622,"TEMP"
9.30909090909091,0.975122055367127,0.204037844339581,"TEMP"
9.42222222222222,0.938936483157001,0.196466252548266,"TEMP"
9.53535353535354,0.938622238639585,0.196400498960214,"TEMP"
9.64848484848485,0.939260469389258,0.196534044525754,"TEMP"
9.76161616161616,0.989490982116124,0.207044447280415,"TEMP"
9.87474747474747,0.988967026035826,0.206934812934064,"TEMP"
9.98787878787879,0.987585260440414,0.206645687616963,"TEMP"
10.1010101010101,0.991301765181386,0.207423341667194,"TEMP"
10.2141414141414,0.987058208220057,0.206535405423771,"TEMP"
10.3272727272727,0.963972441944448,0.201704861431994,"TEMP"
10.440404040404,0.998644459952233,0.208959752011356,"TEMP"
10.5535353535354,0.997460277002461,0.208711969556796,"TEMP"
10.6666666666667,0.974108259729411,0.203825714303775,"TEMP"
10.779797979798,0.863238696923611,0.180626991155984,"TEMP"
10.8929292929293,0.850416292272268,0.177943987741273,"TEMP"
11.0060606060606,0.796367472982673,0.166634629578108,"TEMP"
11.1191919191919,0.686007065494617,0.143542443814939,"TEMP"
11.2323232323232,0.686205838406111,0.143584035732742,"TEMP"
11.3454545454545,0.685647894351815,0.143467289627499,"TEMP"
11.4585858585859,0.684036907024097,0.143130201178113,"TEMP"
11.5717171717172,0.684325299653951,0.143190545429578,"TEMP"
11.6848484848485,0.684325299653951,0.143190545429578,"TEMP"
11.7979797979798,0.684325299653951,0.143190545429578,"TEMP"
11.9111111111111,0.68509493780616,0.14335158712547,"TEMP"
12.0242424242424,0.68509493780616,0.14335158712547,"TEMP"
12.1373737373737,0.68509493780616,0.14335158712547,"TEMP"
12.2505050505051,0.68509493780616,0.14335158712547,"TEMP"
12.3636363636364,0.68509493780616,0.14335158712547,"TEMP"
12.4767676767677,0.68509493780616,0.14335158712547,"TEMP"
12.589898989899,0.68509493780616,0.14335158712547,"TEMP"
12.7030303030303,0.68509493780616,0.14335158712547,"TEMP"
12.8161616161616,0.68509493780616,0.14335158712547,"TEMP"
12.9292929292929,0.68509493780616,0.14335158712547,"TEMP"
13.0424242424242,0.68509493780616,0.14335158712547,"TEMP"
13.1555555555556,0.68509493780616,0.14335158712547,"TEMP"
13.2686868686869,0.68509493780616,0.14335158712547,"TEMP"
13.3818181818182,0.68509493780616,0.14335158712547,"TEMP"
13.4949494949495,0.68509493780616,0.14335158712547,"TEMP"
13.6080808080808,0.68509493780616,0.14335158712547,"TEMP"
13.7212121212121,0.68509493780616,0.14335158712547,"TEMP"
13.8343434343434,0.68509493780616,0.14335158712547,"TEMP"
13.9474747474747,0.68509493780616,0.14335158712547,"TEMP"
14.0606060606061,0.68509493780616,0.14335158712547,"TEMP"
14.1737373737374,0.68509493780616,0.14335158712547,"TEMP"
14.2868686868687,0.68509493780616,0.14335158712547,"TEMP"
14.4,0.68509493780616,0.14335158712547,"TEMP"
129,0.764227066504403,0.159909461976853,"Ordinal_date"
130.424242424242,0.764227066504403,0.159909461976853,"Ordinal_date"
131.848484848485,0.764227066504403,0.159909461976853,"Ordinal_date"
133.272727272727,0.764227066504403,0.159909461976853,"Ordinal_date"
134.69696969697,0.764227066504403,0.159909461976853,"Ordinal_date"
136.121212121212,0.764227066504403,0.159909461976853,"Ordinal_date"
137.545454545455,0.764227066504403,0.159909461976853,"Ordinal_date"
138.969696969697,0.764227066504403,0.159909461976853,"Ordinal_date"
140.393939393939,0.764227066504403,0.159909461976853,"Ordinal_date"
141.818181818182,0.764227066504403,0.159909461976853,"Ordinal_date"
143.242424242424,0.764227066504403,0.159909461976853,"Ordinal_date"
144.666666666667,0.764227066504403,0.159909461976853,"Ordinal_date"
146.090909090909,0.764227066504403,0.159909461976853,"Ordinal_date"
147.515151515152,0.764227066504403,0.159909461976853,"Ordinal_date"
148.939393939394,0.764227066504403,0.159909461976853,"Ordinal_date"
150.363636363636,0.764227066504403,0.159909461976853,"Ordinal_date"
151.787878787879,0.764227066504403,0.159909461976853,"Ordinal_date"
153.212121212121,0.764227066504403,0.159909461976853,"Ordinal_date"
154.636363636364,0.764227066504403,0.159909461976853,"Ordinal_date"
156.060606060606,0.764227066504403,0.159909461976853,"Ordinal_date"
157.484848484848,0.764227066504403,0.159909461976853,"Ordinal_date"
158.909090909091,0.764227066504403,0.159909461976853,"Ordinal_date"
160.333333333333,0.764227066504403,0.159909461976853,"Ordinal_date"
161.757575757576,0.764227066504403,0.159909461976853,"Ordinal_date"
163.181818181818,0.764227066504403,0.159909461976853,"Ordinal_date"
164.606060606061,0.764227066504403,0.159909461976853,"Ordinal_date"
166.030303030303,0.764227066504403,0.159909461976853,"Ordinal_date"
167.454545454545,0.764227066504403,0.159909461976853,"Ordinal_date"
168.878787878788,0.764227066504403,0.159909461976853,"Ordinal_date"
170.30303030303,0.764227066504403,0.159909461976853,"Ordinal_date"
171.727272727273,0.764227066504403,0.159909461976853,"Ordinal_date"
173.151515151515,0.764227066504403,0.159909461976853,"Ordinal_date"
174.575757575758,0.768594575709071,0.160823334407846,"Ordinal_date"
176,0.768594575709071,0.160823334407846,"Ordinal_date"
177.424242424242,0.770548339478416,0.161232146561824,"Ordinal_date"
178.848484848485,0.818161087422982,0.171194799339722,"Ordinal_date"
180.272727272727,0.841343563947912,0.176045579311896,"Ordinal_date"
181.69696969697,0.864936083968152,0.180982158174996,"Ordinal_date"
183.121212121212,0.864936083968152,0.180982158174996,"Ordinal_date"
184.545454545455,0.865589654461047,0.181118913480407,"Ordinal_date"
185.969696969697,0.865589654461047,0.181118913480407,"Ordinal_date"
187.393939393939,0.865589654461047,0.181118913480407,"Ordinal_date"
188.818181818182,0.86585311633594,0.181174041136194,"Ordinal_date"
190.242424242424,0.86585311633594,0.181174041136194,"Ordinal_date"
191.666666666667,0.86585311633594,0.181174041136194,"Ordinal_date"
193.090909090909,0.86630236828166,0.181268044136193,"Ordinal_date"
194.515151515152,0.86630236828166,0.181268044136193,"Ordinal_date"
195.939393939394,1.00829004337035,0.21097802658242,"Ordinal_date"
197.363636363636,1.01364774585048,0.212099090410935,"Ordinal_date"
198.787878787879,1.01472850756528,0.212325232655711,"Ordinal_date"
200.212121212121,1.02091060738991,0.213618796179135,"Ordinal_date"
201.636363636364,1.02091060738991,0.213618796179135,"Ordinal_date"
203.060606060606,1.02204418770284,0.21385599036643,"Ordinal_date"
204.484848484848,1.02254503679199,0.213960789727626,"Ordinal_date"
205.909090909091,1.02704035986858,0.214901406366444,"Ordinal_date"
207.333333333333,1.02752493442023,0.215002800388246,"Ordinal_date"
208.757575757576,1.03077240668356,0.215682312492924,"Ordinal_date"
210.181818181818,1.11052016842359,0.232369004488848,"Ordinal_date"
211.606060606061,1.12174827814872,0.234718412228847,"Ordinal_date"
213.030303030303,1.12077467416992,0.234514692031995,"Ordinal_date"
214.454545454545,1.12107642966103,0.234577832373847,"Ordinal_date"
215.878787878788,1.12107642966103,0.234577832373847,"Ordinal_date"
217.30303030303,1.15787962933318,0.242278658628954,"Ordinal_date"
218.727272727273,1.15983511774332,0.242687831652618,"Ordinal_date"
220.151515151515,1.16105726451868,0.242943557786735,"Ordinal_date"
221.575757575758,1.16116007592304,0.242965070393494,"Ordinal_date"
223,1.15305834406311,0.241269836555823,"Ordinal_date"
224.424242424242,1.34834336859537,0.282131937067295,"Ordinal_date"
225.848484848485,1.36568782363442,0.285761149634002,"Ordinal_date"
227.272727272727,1.36790520233005,0.286225121468759,"Ordinal_date"
228.69696969697,1.36861294516843,0.286373211979374,"Ordinal_date"
230.121212121212,1.36905568578351,0.286465852526477,"Ordinal_date"
231.545454545455,1.52428437764606,0.318946430206943,"Ordinal_date"
232.969696969697,1.52428437764606,0.318946430206943,"Ordinal_date"
234.393939393939,1.52428437764606,0.318946430206943,"Ordinal_date"
235.818181818182,1.52428437764606,0.318946430206943,"Ordinal_date"
237.242424242424,1.52428437764606,0.318946430206943,"Ordinal_date"
238.666666666667,1.52428437764606,0.318946430206943,"Ordinal_date"
240.090909090909,1.52428437764606,0.318946430206943,"Ordinal_date"
241.515151515152,1.52428437764606,0.318946430206943,"Ordinal_date"
242.939393939394,1.52428437764606,0.318946430206943,"Ordinal_date"
244.363636363636,1.52428437764606,0.318946430206943,"Ordinal_date"
245.787878787879,1.52428437764606,0.318946430206943,"Ordinal_date"
247.212121212121,1.52428437764606,0.318946430206943,"Ordinal_date"
248.636363636364,1.52428437764606,0.318946430206943,"Ordinal_date"
250.060606060606,1.52428437764606,0.318946430206943,"Ordinal_date"
251.484848484848,1.52428437764606,0.318946430206943,"Ordinal_date"
252.909090909091,1.52428437764606,0.318946430206943,"Ordinal_date"
254.333333333333,1.52428437764606,0.318946430206943,"Ordinal_date"
255.757575757576,1.52428437764606,0.318946430206943,"Ordinal_date"
257.181818181818,1.52428437764606,0.318946430206943,"Ordinal_date"
258.606060606061,1.52428437764606,0.318946430206943,"Ordinal_date"
260.030303030303,1.52428437764606,0.318946430206943,"Ordinal_date"
261.454545454545,1.52428437764606,0.318946430206943,"Ordinal_date"
262.878787878788,1.52428437764606,0.318946430206943,"Ordinal_date"
264.30303030303,1.52428437764606,0.318946430206943,"Ordinal_date"
265.727272727273,1.52428437764606,0.318946430206943,"Ordinal_date"
267.151515151515,1.52428437764606,0.318946430206943,"Ordinal_date"
268.575757575758,1.52428437764606,0.318946430206943,"Ordinal_date"
270,1.52428437764606,0.318946430206943,"Ordinal_date"
8.84999991394579,1.08712064727058,0.227472809362955,"ppt_month"
10.6430100430217,1.08712064727058,0.227472809362955,"ppt_month"
12.4360201720976,1.08712064727058,0.227472809362955,"ppt_month"
14.2290303011735,1.08712064727058,0.227472809362955,"ppt_month"
16.0220404302494,1.08727059516251,0.227504184968157,"ppt_month"
17.8150505593253,1.08727059516251,0.227504184968157,"ppt_month"
19.6080606884013,1.12920897153532,0.236279513003362,"ppt_month"
21.4010708174772,1.135746922886,0.237647536106366,"ppt_month"
23.1940809465531,1.13902127816305,0.238332673303965,"ppt_month"
24.987091075629,1.13905321159457,0.238339355163424,"ppt_month"
26.7801012047049,1.14028499161519,0.238597096990433,"ppt_month"
28.5731113337808,1.13833182001573,0.23818840874409,"ppt_month"
30.3661214628567,1.12599422028859,0.235606847555113,"ppt_month"
32.1591315919326,1.11176748898597,0.232629998071495,"ppt_month"
33.9521417210085,1.11212430096015,0.232704658618495,"ppt_month"
35.7451518500845,1.11269620710033,0.232824326197917,"ppt_month"
37.5381619791604,1.12098551955724,0.234558810035562,"ppt_month"
39.3311721082363,1.13122435983838,0.236701219683671,"ppt_month"
41.1241822373122,1.13672242945928,0.237851654408535,"ppt_month"
42.9171923663881,1.13810112733942,0.238140137826495,"ppt_month"
44.710202495464,1.14566266395557,0.239722339380199,"ppt_month"
46.5032126245399,1.14566266395557,0.239722339380199,"ppt_month"
48.2962227536158,1.14566266395557,0.239722339380199,"ppt_month"
50.0892328826917,1.14566266395557,0.239722339380199,"ppt_month"
51.8822430117677,1.14587110383035,0.23976595404617,"ppt_month"
53.6752531408436,1.14648418151424,0.239894236498961,"ppt_month"
55.4682632699195,1.1827059414645,0.247473400335692,"ppt_month"
57.2612733989954,1.1827059414645,0.247473400335692,"ppt_month"
59.0542835280713,1.18281908811684,0.247497075524772,"ppt_month"
60.8472936571472,1.18484813418316,0.247921640001762,"ppt_month"
62.6403037862231,1.18484813418316,0.247921640001762,"ppt_month"
64.433313915299,1.18484813418316,0.247921640001762,"ppt_month"
66.2263240443749,1.18484813418316,0.247921640001762,"ppt_month"
68.0193341734509,1.18484813418316,0.247921640001762,"ppt_month"
69.8123443025268,1.21851625362258,0.254966471441658,"ppt_month"
71.6053544316027,1.21851625362258,0.254966471441658,"ppt_month"
73.3983645606786,1.21851625362258,0.254966471441658,"ppt_month"
75.1913746897545,1.21813213403026,0.254886096956071,"ppt_month"
76.9843848188304,0.97892436535167,0.20483345256984,"ppt_month"
78.7773949479063,0.97892436535167,0.20483345256984,"ppt_month"
80.5704050769822,0.978709988965273,0.204788595728056,"ppt_month"
82.3634152060581,0.978709988965273,0.204788595728056,"ppt_month"
84.1564253351341,0.978709988965273,0.204788595728056,"ppt_month"
85.94943546421,0.978709988965273,0.204788595728056,"ppt_month"
87.7424455932859,0.978709988965273,0.204788595728056,"ppt_month"
89.5354557223618,0.978709988965273,0.204788595728056,"ppt_month"
91.3284658514377,0.978709988965273,0.204788595728056,"ppt_month"
93.1214759805136,0.978709988965273,0.204788595728056,"ppt_month"
94.9144861095895,0.978709988965273,0.204788595728056,"ppt_month"
96.7074962386654,0.978709988965273,0.204788595728056,"ppt_month"
98.5005063677414,0.978709988965273,0.204788595728056,"ppt_month"
100.293516496817,0.978709988965273,0.204788595728056,"ppt_month"
102.086526625893,0.978709988965273,0.204788595728056,"ppt_month"
103.879536754969,0.978709988965273,0.204788595728056,"ppt_month"
105.672546884045,0.978709988965273,0.204788595728056,"ppt_month"
107.465557013121,0.978709988965273,0.204788595728056,"ppt_month"
109.258567142197,0.978709988965273,0.204788595728056,"ppt_month"
111.051577271273,0.978709988965273,0.204788595728056,"ppt_month"
112.844587400349,0.978709988965273,0.204788595728056,"ppt_month"
114.637597529425,0.978709988965273,0.204788595728056,"ppt_month"
116.4306076585,0.978709988965273,0.204788595728056,"ppt_month"
118.223617787576,0.978709988965273,0.204788595728056,"ppt_month"
120.016627916652,0.978709988965273,0.204788595728056,"ppt_month"
121.809638045728,0.978709988965273,0.204788595728056,"ppt_month"
123.602648174804,0.978709988965273,0.204788595728056,"ppt_month"
125.39565830388,0.978709988965273,0.204788595728056,"ppt_month"
127.188668432956,0.978709988965273,0.204788595728056,"ppt_month"
128.981678562032,0.978709988965273,0.204788595728056,"ppt_month"
130.774688691108,0.978709988965273,0.204788595728056,"ppt_month"
132.567698820184,0.978709988965273,0.204788595728056,"ppt_month"
134.36070894926,0.978709988965273,0.204788595728056,"ppt_month"
136.153719078335,0.978709988965273,0.204788595728056,"ppt_month"
137.946729207411,0.978709988965273,0.204788595728056,"ppt_month"
139.739739336487,0.978709988965273,0.204788595728056,"ppt_month"
141.532749465563,0.978709988965273,0.204788595728056,"ppt_month"
143.325759594639,0.978709988965273,0.204788595728056,"ppt_month"
145.118769723715,0.978709988965273,0.204788595728056,"ppt_month"
146.911779852791,0.978709988965273,0.204788595728056,"ppt_month"
148.704789981867,0.978709988965273,0.204788595728056,"ppt_month"
150.497800110943,0.978709988965273,0.204788595728056,"ppt_month"
152.290810240019,0.978709988965273,0.204788595728056,"ppt_month"
154.083820369095,0.978709988965273,0.204788595728056,"ppt_month"
155.876830498171,0.978709988965273,0.204788595728056,"ppt_month"
157.669840627246,0.978709988965273,0.204788595728056,"ppt_month"
159.462850756322,0.978709988965273,0.204788595728056,"ppt_month"
161.255860885398,0.978709988965273,0.204788595728056,"ppt_month"
163.048871014474,0.978709988965273,0.204788595728056,"ppt_month"
164.84188114355,0.978709988965273,0.204788595728056,"ppt_month"
166.634891272626,0.978709988965273,0.204788595728056,"ppt_month"
168.427901401702,0.978709988965273,0.204788595728056,"ppt_month"
170.220911530778,0.978709988965273,0.204788595728056,"ppt_month"
172.013921659854,0.978709988965273,0.204788595728056,"ppt_month"
173.80693178893,0.978709988965273,0.204788595728056,"ppt_month"
175.599941918006,0.978709988965273,0.204788595728056,"ppt_month"
177.392952047081,0.978709988965273,0.204788595728056,"ppt_month"
179.185962176157,0.978709988965273,0.204788595728056,"ppt_month"
180.978972305233,0.978709988965273,0.204788595728056,"ppt_month"
182.771982434309,0.978709988965273,0.204788595728056,"ppt_month"
184.564992563385,0.978709988965273,0.204788595728056,"ppt_month"
186.358002692461,0.978709988965273,0.204788595728056,"ppt_month"
3.37128589834486,0.841415922361864,0.176060719831713,"tmean_week"
3.4835889311924,0.841415922361864,0.176060719831713,"tmean_week"
3.59589196403994,0.841415922361864,0.176060719831713,"tmean_week"
3.70819499688747,0.841415922361864,0.176060719831713,"tmean_week"
3.82049802973501,0.841415922361864,0.176060719831713,"tmean_week"
3.93280106258255,0.841415922361864,0.176060719831713,"tmean_week"
4.04510409543009,0.841415922361864,0.176060719831713,"tmean_week"
4.15740712827762,0.841415922361864,0.176060719831713,"tmean_week"
4.26971016112516,0.841415922361864,0.176060719831713,"tmean_week"
4.3820131939727,0.841415922361864,0.176060719831713,"tmean_week"
4.49431622682024,0.841415922361864,0.176060719831713,"tmean_week"
4.60661925966778,0.841415922361864,0.176060719831713,"tmean_week"
4.71892229251531,0.841415922361864,0.176060719831713,"tmean_week"
4.83122532536285,0.841415922361864,0.176060719831713,"tmean_week"
4.94352835821039,0.841415922361864,0.176060719831713,"tmean_week"
5.05583139105793,0.841415922361864,0.176060719831713,"tmean_week"
5.16813442390546,0.841415922361864,0.176060719831713,"tmean_week"
5.280437456753,0.841415922361864,0.176060719831713,"tmean_week"
5.39274048960054,0.841415922361864,0.176060719831713,"tmean_week"
5.50504352244808,0.841415922361864,0.176060719831713,"tmean_week"
5.61734655529562,0.841415922361864,0.176060719831713,"tmean_week"
5.72964958814315,0.841415922361864,0.176060719831713,"tmean_week"
5.84195262099069,0.841415922361864,0.176060719831713,"tmean_week"
5.95425565383823,0.841415922361864,0.176060719831713,"tmean_week"
6.06655868668577,0.841415922361864,0.176060719831713,"tmean_week"
6.1788617195333,0.841415922361864,0.176060719831713,"tmean_week"
6.29116475238084,0.841415922361864,0.176060719831713,"tmean_week"
6.40346778522838,0.841415922361864,0.176060719831713,"tmean_week"
6.51577081807592,0.841415922361864,0.176060719831713,"tmean_week"
6.62807385092345,0.841415922361864,0.176060719831713,"tmean_week"
6.74037688377099,0.841415922361864,0.176060719831713,"tmean_week"
6.85267991661853,0.841415922361864,0.176060719831713,"tmean_week"
6.96498294946607,0.841415922361864,0.176060719831713,"tmean_week"
7.07728598231361,0.841415922361864,0.176060719831713,"tmean_week"
7.18958901516115,0.841415922361864,0.176060719831713,"tmean_week"
7.30189204800868,0.841415922361864,0.176060719831713,"tmean_week"
7.41419508085622,0.866255123945532,0.181258158571153,"tmean_week"
7.52649811370376,0.883346261472055,0.184834366122843,"tmean_week"
7.6388011465513,0.883346261472055,0.184834366122843,"tmean_week"
7.75110417939883,0.883346261472055,0.184834366122843,"tmean_week"
7.86340721224637,0.948700411873532,0.198509290090737,"tmean_week"
7.97571024509391,0.948700411873532,0.198509290090737,"tmean_week"
8.08801327794145,0.948700411873532,0.198509290090737,"tmean_week"
8.20031631078898,0.948700411873532,0.198509290090737,"tmean_week"
8.31261934363652,0.948700411873532,0.198509290090737,"tmean_week"
8.42492237648406,0.948700411873532,0.198509290090737,"tmean_week"
8.5372254093316,0.949324013364893,0.198639774580677,"tmean_week"
8.64952844217914,0.949324013364893,0.198639774580677,"tmean_week"
8.76183147502667,0.949324013364893,0.198639774580677,"tmean_week"
8.87413450787421,0.956093555931263,0.2000562566147,"tmean_week"
8.98643754072175,1.00038449997076,0.20932384388323,"tmean_week"
9.09874057356929,1.00119151022077,0.209492705443552,"tmean_week"
9.21104360641682,1.00119151022077,0.209492705443552,"tmean_week"
9.32334663926436,1.00257894250591,0.209783016478021,"tmean_week"
9.4356496721119,1.00257894250591,0.209783016478021,"tmean_week"
9.54795270495944,1.00257894250591,0.209783016478021,"tmean_week"
9.66025573780698,1.00257894250591,0.209783016478021,"tmean_week"
9.77255877065451,1.00257894250591,0.209783016478021,"tmean_week"
9.88486180350205,1.00257894250591,0.209783016478021,"tmean_week"
9.99716483634959,1.00257894250591,0.209783016478021,"tmean_week"
10.1094678691971,1.0112217464067,0.211591466063651,"tmean_week"
10.2217709020447,1.0112217464067,0.211591466063651,"tmean_week"
10.3340739348922,1.01806350632696,0.213023059101603,"tmean_week"
10.4463769677397,1.17752118748267,0.246388524837224,"tmean_week"
10.5586800005873,1.18304296782552,0.247543920873926,"tmean_week"
10.6709830334348,1.19850306355258,0.250778843710581,"tmean_week"
10.7832860662824,1.21125992532734,0.253448132711617,"tmean_week"
10.8955890991299,1.21356767020035,0.253931013071654,"tmean_week"
11.0078921319774,1.21516989591011,0.254266268210399,"tmean_week"
11.120195164825,1.21443599138729,0.254112703540249,"tmean_week"
11.2324981976725,1.20827503902176,0.252823564982852,"tmean_week"
11.34480123052,1.18030697850268,0.246971433193541,"tmean_week"
11.4571042633676,1.17908597068338,0.246715945378451,"tmean_week"
11.5694072962151,1.1790128217541,0.24670063944853,"tmean_week"
11.6817103290627,1.16494661191847,0.243757378020798,"tmean_week"
11.7940133619102,1.16472717285409,0.243711461847113,"tmean_week"
11.9063163947577,1.1673014321988,0.244250108598639,"tmean_week"
12.0186194276053,1.14807646485121,0.24022741126192,"tmean_week"
12.1309224604528,1.15005915528088,0.24064227612836,"tmean_week"
12.2432254933003,1.15052856845266,0.240740497731644,"tmean_week"
12.3555285261479,1.15225523197255,0.241101790659599,"tmean_week"
12.4678315589954,1.15135743295522,0.240913932149849,"tmean_week"
12.580134591843,1.15135743295522,0.240913932149849,"tmean_week"
12.6924376246905,1.14757365456987,0.240122201534224,"tmean_week"
12.804740657538,1.11463180225036,0.233229336688402,"tmean_week"
12.9170436903856,1.11353702953472,0.233000262734315,"tmean_week"
13.0293467232331,1.11353702953472,0.233000262734315,"tmean_week"
13.1416497560806,1.11335136573493,0.232961413811482,"tmean_week"
13.2539527889282,1.11300166721348,0.232888241707444,"tmean_week"
13.3662558217757,1.11084133094918,0.23243620562438,"tmean_week"
13.4785588546233,1.11059927746866,0.232385557533602,"tmean_week"
13.5908618874708,1.11059927746866,0.232385557533602,"tmean_week"
13.7031649203183,1.11059927746866,0.232385557533602,"tmean_week"
13.8154679531659,1.11059927746866,0.232385557533602,"tmean_week"
13.9277709860134,1.11059927746866,0.232385557533602,"tmean_week"
14.0400740188609,1.11059927746866,0.232385557533602,"tmean_week"
14.1523770517085,1.11059927746866,0.232385557533602,"tmean_week"
14.264680084556,1.11059927746866,0.232385557533602,"tmean_week"
14.3769831174036,1.11059927746866,0.232385557533602,"tmean_week"
14.4892861502511,1.11059927746866,0.232385557533602,"tmean_week"
0.239499762270692,1.14407537518744,0.239390209697757,"ppt_percent_normal"
0.255716490347626,1.14407537518744,0.239390209697757,"ppt_percent_normal"
0.27193321842456,1.14407537518744,0.239390209697757,"ppt_percent_normal"
0.288149946501494,1.14407537518744,0.239390209697757,"ppt_percent_normal"
0.304366674578428,1.14407537518744,0.239390209697757,"ppt_percent_normal"
0.320583402655363,1.14407537518744,0.239390209697757,"ppt_percent_normal"
0.336800130732297,1.14407537518744,0.239390209697757,"ppt_percent_normal"
0.353016858809231,1.14407537518744,0.239390209697757,"ppt_percent_normal"
0.369233586886165,1.14393865797833,0.239361602525476,"ppt_percent_normal"
0.385450314963099,1.15011316170669,0.240653576615968,"ppt_percent_normal"
0.401667043040033,1.15011316170669,0.240653576615968,"ppt_percent_normal"
0.417883771116967,1.15011316170669,0.240653576615968,"ppt_percent_normal"
0.434100499193901,1.15011316170669,0.240653576615968,"ppt_percent_normal"
0.450317227270836,1.15011316170669,0.240653576615968,"ppt_percent_normal"
0.46653395534777,1.15011316170669,0.240653576615968,"ppt_percent_normal"
0.482750683424704,1.15011316170669,0.240653576615968,"ppt_percent_normal"
0.498967411501638,1.15011316170669,0.240653576615968,"ppt_percent_normal"
0.515184139578572,1.15011316170669,0.240653576615968,"ppt_percent_normal"
0.531400867655506,1.15011316170669,0.240653576615968,"ppt_percent_normal"
0.54761759573244,1.15011316170669,0.240653576615968,"ppt_percent_normal"
0.563834323809374,1.15011316170669,0.240653576615968,"ppt_percent_normal"
0.580051051886309,1.15011316170669,0.240653576615968,"ppt_percent_normal"
0.596267779963243,1.15011316170669,0.240653576615968,"ppt_percent_normal"
0.612484508040177,1.15011316170669,0.240653576615968,"ppt_percent_normal"
0.628701236117111,1.15011316170669,0.240653576615968,"ppt_percent_normal"
0.644917964194045,1.15011316170669,0.240653576615968,"ppt_percent_normal"
0.661134692270979,1.15137551279796,0.240917715237431,"ppt_percent_normal"
0.677351420347913,1.15137551279796,0.240917715237431,"ppt_percent_normal"
0.693568148424847,1.15137551279796,0.240917715237431,"ppt_percent_normal"
0.709784876501782,1.15137551279796,0.240917715237431,"ppt_percent_normal"
0.726001604578716,1.15137551279796,0.240917715237431,"ppt_percent_normal"
0.74221833265565,1.15137551279796,0.240917715237431,"ppt_percent_normal"
0.758435060732584,1.15137551279796,0.240917715237431,"ppt_percent_normal"
0.774651788809518,1.14734371020993,0.240074087196883,"ppt_percent_normal"
0.790868516886452,1.14734371020993,0.240074087196883,"ppt_percent_normal"
0.807085244963386,1.14734371020993,0.240074087196883,"ppt_percent_normal"
0.82330197304032,1.14734371020993,0.240074087196883,"ppt_percent_normal"
0.839518701117255,1.14734371020993,0.240074087196883,"ppt_percent_normal"
0.855735429194189,1.14734371020993,0.240074087196883,"ppt_percent_normal"
0.871952157271123,1.14734371020993,0.240074087196883,"ppt_percent_normal"
0.888168885348057,1.14734371020993,0.240074087196883,"ppt_percent_normal"
0.904385613424991,1.14734371020993,0.240074087196883,"ppt_percent_normal"
0.920602341501925,1.14734371020993,0.240074087196883,"ppt_percent_normal"
0.936819069578859,1.14734371020993,0.240074087196883,"ppt_percent_normal"
0.953035797655793,1.14734371020993,0.240074087196883,"ppt_percent_normal"
0.969252525732727,1.1481550314712,0.240243850807813,"ppt_percent_normal"
0.985469253809662,1.1481550314712,0.240243850807813,"ppt_percent_normal"
1.0016859818866,1.1481550314712,0.240243850807813,"ppt_percent_normal"
1.01790270996353,1.1481550314712,0.240243850807813,"ppt_percent_normal"
1.03411943804046,1.14931184576314,0.240485906551634,"ppt_percent_normal"
1.0503361661174,1.14931184576314,0.240485906551634,"ppt_percent_normal"
1.06655289419433,1.14931184576314,0.240485906551634,"ppt_percent_normal"
1.08276962227127,1.15559086272537,0.241799749345461,"ppt_percent_normal"
1.0989863503482,1.15559086272537,0.241799749345461,"ppt_percent_normal"
1.11520307842513,1.15559086272537,0.241799749345461,"ppt_percent_normal"
1.13141980650207,1.15559086272537,0.241799749345461,"ppt_percent_normal"
1.147636534579,1.15559086272537,0.241799749345461,"ppt_percent_normal"
1.16385326265594,1.15559086272537,0.241799749345461,"ppt_percent_normal"
1.18006999073287,1.02860839914166,0.215229508219292,"ppt_percent_normal"
1.19628671880981,1.02860839914166,0.215229508219292,"ppt_percent_normal"
1.21250344688674,0.870702289812423,0.182188698632171,"ppt_percent_normal"
1.22872017496367,0.870702289812423,0.182188698632171,"ppt_percent_normal"
1.24493690304061,0.870702289812423,0.182188698632171,"ppt_percent_normal"
1.26115363111754,0.870702289812423,0.182188698632171,"ppt_percent_normal"
1.27737035919448,0.870702289812423,0.182188698632171,"ppt_percent_normal"
1.29358708727141,0.870702289812423,0.182188698632171,"ppt_percent_normal"
1.30980381534834,0.870702289812423,0.182188698632171,"ppt_percent_normal"
1.32602054342528,0.870702289812423,0.182188698632171,"ppt_percent_normal"
1.34223727150221,0.870702289812423,0.182188698632171,"ppt_percent_normal"
1.35845399957915,0.870702289812423,0.182188698632171,"ppt_percent_normal"
1.37467072765608,0.870702289812423,0.182188698632171,"ppt_percent_normal"
1.39088745573301,0.870702289812423,0.182188698632171,"ppt_percent_normal"
1.40710418380995,0.870702289812423,0.182188698632171,"ppt_percent_normal"
1.42332091188688,0.870702289812423,0.182188698632171,"ppt_percent_normal"
1.43953763996382,0.870702289812423,0.182188698632171,"ppt_percent_normal"
1.45575436804075,0.870702289812423,0.182188698632171,"ppt_percent_normal"
1.47197109611769,0.870702289812423,0.182188698632171,"ppt_percent_normal"
1.48818782419462,0.870702289812423,0.182188698632171,"ppt_percent_normal"
1.50440455227155,0.870702289812423,0.182188698632171,"ppt_percent_normal"
1.52062128034849,0.870702289812423,0.182188698632171,"ppt_percent_normal"
1.53683800842542,0.870702289812423,0.182188698632171,"ppt_percent_normal"
1.55305473650236,0.870702289812423,0.182188698632171,"ppt_percent_normal"
1.56927146457929,0.870702289812423,0.182188698632171,"ppt_percent_normal"
1.58548819265622,0.870702289812423,0.182188698632171,"ppt_percent_normal"
1.60170492073316,0.870702289812423,0.182188698632171,"ppt_percent_normal"
1.61792164881009,0.870702289812423,0.182188698632171,"ppt_percent_normal"
1.63413837688703,0.870702289812423,0.182188698632171,"ppt_percent_normal"
1.65035510496396,0.870702289812423,0.182188698632171,"ppt_percent_normal"
1.66657183304089,0.870702289812423,0.182188698632171,"ppt_percent_normal"
1.68278856111783,0.870702289812423,0.182188698632171,"ppt_percent_normal"
1.69900528919476,0.870702289812423,0.182188698632171,"ppt_percent_normal"
1.7152220172717,0.870702289812423,0.182188698632171,"ppt_percent_normal"
1.73143874534863,0.870702289812423,0.182188698632171,"ppt_percent_normal"
1.74765547342557,0.870702289812423,0.182188698632171,"ppt_percent_normal"
1.7638722015025,0.870702289812423,0.182188698632171,"ppt_percent_normal"
1.78008892957943,0.870702289812423,0.182188698632171,"ppt_percent_normal"
1.79630565765637,0.870702289812423,0.182188698632171,"ppt_percent_normal"
1.8125223857333,0.870702289812423,0.182188698632171,"ppt_percent_normal"
1.82873911381024,0.870702289812423,0.182188698632171,"ppt_percent_normal"
1.84495584188717,0.870702289812423,0.182188698632171,"ppt_percent_normal"
35.2,1.02812685415507,0.215128748113955,"NtoP"
43.8838383838384,1.02812685415507,0.215128748113955,"NtoP"
52.5676767676768,1.03056495622947,0.215638904856694,"NtoP"
61.2515151515152,1.03467644075113,0.216499205815141,"NtoP"
69.9353535353535,1.04311326772254,0.218264556089845,"NtoP"
78.6191919191919,1.04458576388703,0.218572666178781,"NtoP"
87.3030303030303,1.04790424647344,0.219267036724171,"NtoP"
95.9868686868687,1.04828292802902,0.219346273336518,"NtoP"
104.670707070707,1.04828292802902,0.219346273336518,"NtoP"
113.354545454545,1.04586025805821,0.218839345659446,"NtoP"
122.038383838384,1.03715997231519,0.217018868378296,"NtoP"
130.722222222222,1.03699334205355,0.216984002097506,"NtoP"
139.406060606061,1.04437401139985,0.218528358370563,"NtoP"
148.089898989899,1.0431167324258,0.218265281056099,"NtoP"
156.773737373737,1.0423063656334,0.218095717161472,"NtoP"
165.457575757576,1.0410877147481,0.217840722519241,"NtoP"
174.141414141414,1.0412359753301,0.217871745065994,"NtoP"
182.825252525252,1.05048145218055,0.219806299982555,"NtoP"
191.509090909091,1.06910575638618,0.223703312527318,"NtoP"
200.192929292929,1.14982913645518,0.240594146209553,"NtoP"
208.876767676768,1.14921270701069,0.24046516242301,"NtoP"
217.560606060606,1.14674369451317,0.239948537878556,"NtoP"
226.244444444444,1.13331642397243,0.23713897027477,"NtoP"
234.928282828283,1.17949238173901,0.246800984205386,"NtoP"
243.612121212121,1.17949238173901,0.246800984205386,"NtoP"
252.29595959596,1.19092298644866,0.249192762682365,"NtoP"
260.979797979798,1.19456278986396,0.24995436748721,"NtoP"
269.663636363636,1.20872077056908,0.252916831362757,"NtoP"
278.347474747475,1.23118589720792,0.257617510613089,"NtoP"
287.031313131313,1.27378840806487,0.266531804399043,"NtoP"
295.715151515151,1.27556586235571,0.266903724960083,"NtoP"
304.39898989899,1.27635261520192,0.267068347792564,"NtoP"
313.082828282828,1.2762713191115,0.267051337123027,"NtoP"
321.766666666667,1.27477186885952,0.266737587069456,"NtoP"
330.450505050505,1.23384938957366,0.258174828784419,"NtoP"
339.134343434343,1.21881142821473,0.255028234773906,"NtoP"
347.818181818182,1.2178275859247,0.254822372278105,"NtoP"
356.50202020202,1.21192011784634,0.253586273632217,"NtoP"
365.185858585859,1.19306782085843,0.249641555104838,"NtoP"
373.869696969697,1.18605354217204,0.248173863655454,"NtoP"
382.553535353535,1.18334951031252,0.247608062863025,"NtoP"
391.237373737374,1.14889676673997,0.24039905400979,"NtoP"
399.921212121212,1.13055234549231,0.236560605123899,"NtoP"
408.60505050505,1.13055234549231,0.236560605123899,"NtoP"
417.288888888889,1.12997261446284,0.236439300238119,"NtoP"
425.972727272727,1.12997261446284,0.236439300238119,"NtoP"
434.656565656566,1.12997261446284,0.236439300238119,"NtoP"
443.340404040404,1.12997261446284,0.236439300238119,"NtoP"
452.024242424242,1.12997261446284,0.236439300238119,"NtoP"
460.708080808081,1.12997261446284,0.236439300238119,"NtoP"
469.391919191919,1.12997261446284,0.236439300238119,"NtoP"
478.075757575758,1.12997261446284,0.236439300238119,"NtoP"
486.759595959596,1.12997261446284,0.236439300238119,"NtoP"
495.443434343434,1.12997261446284,0.236439300238119,"NtoP"
504.127272727273,1.12997261446284,0.236439300238119,"NtoP"
512.811111111111,1.12997261446284,0.236439300238119,"NtoP"
521.494949494949,1.12997261446284,0.236439300238119,"NtoP"
530.178787878788,1.12997261446284,0.236439300238119,"NtoP"
538.862626262626,1.12997261446284,0.236439300238119,"NtoP"
547.546464646465,1.12997261446284,0.236439300238119,"NtoP"
556.230303030303,1.12997261446284,0.236439300238119,"NtoP"
564.914141414141,1.12997261446284,0.236439300238119,"NtoP"
573.59797979798,1.12997261446284,0.236439300238119,"NtoP"
582.281818181818,1.12997261446284,0.236439300238119,"NtoP"
590.965656565657,1.12997261446284,0.236439300238119,"NtoP"
599.649494949495,1.12997261446284,0.236439300238119,"NtoP"
608.333333333333,1.12997261446284,0.236439300238119,"NtoP"
617.017171717172,1.12997261446284,0.236439300238119,"NtoP"
625.70101010101,1.12997261446284,0.236439300238119,"NtoP"
634.384848484848,1.12997261446284,0.236439300238119,"NtoP"
643.068686868687,1.12997261446284,0.236439300238119,"NtoP"
651.752525252525,1.12997261446284,0.236439300238119,"NtoP"
660.436363636364,1.12997261446284,0.236439300238119,"NtoP"
669.120202020202,1.12997261446284,0.236439300238119,"NtoP"
677.80404040404,1.12997261446284,0.236439300238119,"NtoP"
686.487878787879,1.12997261446284,0.236439300238119,"NtoP"
695.171717171717,1.12997261446284,0.236439300238119,"NtoP"
703.855555555555,1.12997261446284,0.236439300238119,"NtoP"
712.539393939394,1.12997261446284,0.236439300238119,"NtoP"
721.223232323232,1.12997261446284,0.236439300238119,"NtoP"
729.907070707071,1.12997261446284,0.236439300238119,"NtoP"
738.590909090909,1.12997261446284,0.236439300238119,"NtoP"
747.274747474747,1.12997261446284,0.236439300238119,"NtoP"
755.958585858586,1.12997261446284,0.236439300238119,"NtoP"
764.642424242424,1.12997261446284,0.236439300238119,"NtoP"
773.326262626263,1.12997261446284,0.236439300238119,"NtoP"
782.010101010101,1.12997261446284,0.236439300238119,"NtoP"
790.693939393939,1.12997261446284,0.236439300238119,"NtoP"
799.377777777778,1.12997261446284,0.236439300238119,"NtoP"
808.061616161616,1.12997261446284,0.236439300238119,"NtoP"
816.745454545455,1.12997261446284,0.236439300238119,"NtoP"
825.429292929293,1.12997261446284,0.236439300238119,"NtoP"
834.113131313131,1.12997261446284,0.236439300238119,"NtoP"
842.79696969697,1.12997261446284,0.236439300238119,"NtoP"
851.480808080808,1.12997261446284,0.236439300238119,"NtoP"
860.164646464646,1.12997261446284,0.236439300238119,"NtoP"
868.848484848485,1.12997261446284,0.236439300238119,"NtoP"
877.532323232323,1.12997261446284,0.236439300238119,"NtoP"
886.216161616162,1.12997261446284,0.236439300238119,"NtoP"
894.9,1.12997261446284,0.236439300238119,"NtoP"
0,1.03133152584371,0.2157993044813,"ppt_week"
0.305030307384453,1.03133152584371,0.2157993044813,"ppt_week"
0.610060614768905,1.03133152584371,0.2157993044813,"ppt_week"
0.915090922153358,1.03133152584371,0.2157993044813,"ppt_week"
1.22012122953781,0.987257919501341,0.206577193689249,"ppt_week"
1.52515153692226,0.985282350747281,0.206163818986355,"ppt_week"
1.83018184430672,0.9856675688072,0.206244423319027,"ppt_week"
2.13521215169117,1.07121018068739,0.224143649401695,"ppt_week"
2.44024245907562,1.12341405717143,0.235066965478227,"ppt_week"
2.74527276646007,1.12341405717143,0.235066965478227,"ppt_week"
3.05030307384453,1.12484024343315,0.235365385526124,"ppt_week"
3.35533338122898,1.12484024343315,0.235365385526124,"ppt_week"
3.66036368861343,1.12463887756742,0.235323251049786,"ppt_week"
3.96539399599788,1.12283151342591,0.234945072050204,"ppt_week"
4.27042430338234,1.13348780567784,0.237174830763761,"ppt_week"
4.57545461076679,1.13407868976863,0.2372984693539,"ppt_week"
4.88048491815124,1.13407868976863,0.2372984693539,"ppt_week"
5.18551522553569,1.13434080412193,0.237353315049702,"ppt_week"
5.49054553292015,1.13434080412193,0.237353315049702,"ppt_week"
5.7955758403046,1.13476142589174,0.237441327374643,"ppt_week"
6.10060614768905,1.13662773120974,0.237831839425793,"ppt_week"
6.4056364550735,1.13676632916946,0.237860840132706,"ppt_week"
6.71066676245796,1.12991449131254,0.236427138353122,"ppt_week"
7.01569706984241,1.12254847712768,0.234885848575724,"ppt_week"
7.32072737722686,1.12254847712768,0.234885848575724,"ppt_week"
7.62575768461131,1.12163829204776,0.234695398364251,"ppt_week"
7.93078799199577,1.10043196069938,0.230258113707567,"ppt_week"
8.23581829938022,1.10054354404581,0.23028146178522,"ppt_week"
8.54084860676467,1.10202117881148,0.230590647092484,"ppt_week"
8.84587891414912,1.10202117881148,0.230590647092484,"ppt_week"
9.15090922153358,1.10288488063148,0.230771370989082,"ppt_week"
9.45593952891803,1.10295560914893,0.23078617046383,"ppt_week"
9.76096983630248,1.08400001670653,0.226819838045401,"ppt_week"
10.0660001436869,1.08550360097946,0.227134453115527,"ppt_week"
10.3710304510714,1.08550360097946,0.227134453115527,"ppt_week"
10.6760607584558,1.08550360097946,0.227134453115527,"ppt_week"
10.9810910658403,1.08550360097946,0.227134453115527,"ppt_week"
11.2861213732247,1.08550360097946,0.227134453115527,"ppt_week"
11.5911516806092,1.08550360097946,0.227134453115527,"ppt_week"
11.8961819879936,1.08550360097946,0.227134453115527,"ppt_week"
12.2012122953781,1.08550360097946,0.227134453115527,"ppt_week"
12.5062426027626,1.08958003160202,0.227987419277302,"ppt_week"
12.811272910147,1.08967269373192,0.228006808215469,"ppt_week"
13.1163032175315,1.08967269373192,0.228006808215469,"ppt_week"
13.4213335249159,1.08967269373192,0.228006808215469,"ppt_week"
13.7263638323004,1.08967269373192,0.228006808215469,"ppt_week"
14.0313941396848,1.08967269373192,0.228006808215469,"ppt_week"
14.3364244470693,1.08967269373192,0.228006808215469,"ppt_week"
14.6414547544537,1.08967269373192,0.228006808215469,"ppt_week"
14.9464850618382,1.08967269373192,0.228006808215469,"ppt_week"
15.2515153692226,1.10117797547468,0.230414212367997,"ppt_week"
15.5565456766071,1.22049776309105,0.255381089199774,"ppt_week"
15.8615759839915,1.22420338793504,0.25615646670348,"ppt_week"
16.166606291376,1.22420338793504,0.25615646670348,"ppt_week"
16.4716365987604,1.22743239903564,0.25683211593189,"ppt_week"
16.7766669061449,1.22743239903564,0.25683211593189,"ppt_week"
17.0816972135293,1.22743239903564,0.25683211593189,"ppt_week"
17.3867275209138,1.22816137787069,0.256984649934434,"ppt_week"
17.6917578282982,1.22816137787069,0.256984649934434,"ppt_week"
17.9967881356827,1.22816137787069,0.256984649934434,"ppt_week"
18.3018184430672,1.22816137787069,0.256984649934434,"ppt_week"
18.6068487504516,1.22816137787069,0.256984649934434,"ppt_week"
18.9118790578361,1.22816137787069,0.256984649934434,"ppt_week"
19.2169093652205,1.22816137787069,0.256984649934434,"ppt_week"
19.521939672605,1.22816137787069,0.256984649934434,"ppt_week"
19.8269699799894,1.22816137787069,0.256984649934434,"ppt_week"
20.1320002873739,1.22816137787069,0.256984649934434,"ppt_week"
20.4370305947583,1.22816137787069,0.256984649934434,"ppt_week"
20.7420609021428,1.22816137787069,0.256984649934434,"ppt_week"
21.0470912095272,1.22816137787069,0.256984649934434,"ppt_week"
21.3521215169117,1.22816137787069,0.256984649934434,"ppt_week"
21.6571518242961,1.22816137787069,0.256984649934434,"ppt_week"
21.9621821316806,1.22816137787069,0.256984649934434,"ppt_week"
22.267212439065,1.22816137787069,0.256984649934434,"ppt_week"
22.5722427464495,1.22816137787069,0.256984649934434,"ppt_week"
22.8772730538339,1.22816137787069,0.256984649934434,"ppt_week"
23.1823033612184,1.22816137787069,0.256984649934434,"ppt_week"
23.4873336686028,1.22816137787069,0.256984649934434,"ppt_week"
23.7923639759873,1.22816137787069,0.256984649934434,"ppt_week"
24.0973942833717,1.22816137787069,0.256984649934434,"ppt_week"
24.4024245907562,1.22816137787069,0.256984649934434,"ppt_week"
24.7074548981407,1.22816137787069,0.256984649934434,"ppt_week"
25.0124852055251,1.22816137787069,0.256984649934434,"ppt_week"
25.3175155129096,1.22816137787069,0.256984649934434,"ppt_week"
25.622545820294,1.22816137787069,0.256984649934434,"ppt_week"
25.9275761276785,1.22816137787069,0.256984649934434,"ppt_week"
26.2326064350629,1.22816137787069,0.256984649934434,"ppt_week"
26.5376367424474,1.22816137787069,0.256984649934434,"ppt_week"
26.8426670498318,1.22816137787069,0.256984649934434,"ppt_week"
27.1476973572163,1.22816137787069,0.256984649934434,"ppt_week"
27.4527276646007,1.22816137787069,0.256984649934434,"ppt_week"
27.7577579719852,1.22816137787069,0.256984649934434,"ppt_week"
28.0627882793696,1.22816137787069,0.256984649934434,"ppt_week"
28.3678185867541,1.22816137787069,0.256984649934434,"ppt_week"
28.6728488941385,1.22816137787069,0.256984649934434,"ppt_week"
28.977879201523,1.22816137787069,0.256984649934434,"ppt_week"
29.2829095089074,1.22816137787069,0.256984649934434,"ppt_week"
29.5879398162919,1.22816137787069,0.256984649934434,"ppt_week"
29.8929701236763,1.22816137787069,0.256984649934434,"ppt_week"
30.1980004310608,1.22816137787069,0.256984649934434,"ppt_week"
0.081,1.00376676825904,0.210031561165104,"NO3_N"
0.0837676767676768,1.00376676825904,0.210031561165104,"NO3_N"
0.0865353535353535,1.00376676825904,0.210031561165104,"NO3_N"
0.0893030303030303,1.00376676825904,0.210031561165104,"NO3_N"
0.0920707070707071,1.00376676825904,0.210031561165104,"NO3_N"
0.0948383838383838,1.00376676825904,0.210031561165104,"NO3_N"
0.0976060606060606,1.00376676825904,0.210031561165104,"NO3_N"
0.100373737373737,1.00376676825904,0.210031561165104,"NO3_N"
0.103141414141414,1.00376676825904,0.210031561165104,"NO3_N"
0.105909090909091,1.00376676825904,0.210031561165104,"NO3_N"
0.108676767676768,1.00376676825904,0.210031561165104,"NO3_N"
0.111444444444444,1.00376676825904,0.210031561165104,"NO3_N"
0.114212121212121,1.00376676825904,0.210031561165104,"NO3_N"
0.116979797979798,1.00376676825904,0.210031561165104,"NO3_N"
0.119747474747475,1.00376676825904,0.210031561165104,"NO3_N"
0.122515151515152,1.00376676825904,0.210031561165104,"NO3_N"
0.125282828282828,1.00376676825904,0.210031561165104,"NO3_N"
0.128050505050505,1.00376676825904,0.210031561165104,"NO3_N"
0.130818181818182,1.00376676825904,0.210031561165104,"NO3_N"
0.133585858585859,1.02873422889076,0.215255837262532,"NO3_N"
0.136353535353535,1.0350371610661,0.216574684156617,"NO3_N"
0.139121212121212,1.02895716395802,0.215302484951712,"NO3_N"
0.141888888888889,1.02220531340525,0.213889704854587,"NO3_N"
0.144656565656566,1.02045739408121,0.213523964290118,"NO3_N"
0.147424242424242,1.0207749933214,0.213590419831735,"NO3_N"
0.150191919191919,1.02080099113705,0.21359585970281,"NO3_N"
0.152959595959596,1.02087870273382,0.213612120340746,"NO3_N"
0.155727272727273,1.02332677984523,0.214124364294043,"NO3_N"
0.158494949494949,1.05526672688944,0.220807587083796,"NO3_N"
0.161262626262626,1.0570672117059,0.221184326630086,"NO3_N"
0.164030303030303,1.0637647562175,0.22258574354707,"NO3_N"
0.16679797979798,1.06711658032475,0.223287090585303,"NO3_N"
0.169565656565657,1.09233528746685,0.22856393835424,"NO3_N"
0.172333333333333,1.0833327383865,0.226680214467775,"NO3_N"
0.17510101010101,1.07865683637462,0.225701812880407,"NO3_N"
0.177868686868687,1.0836279405403,0.226741983567113,"NO3_N"
0.180636363636364,1.09426756453525,0.228968254558077,"NO3_N"
0.18340404040404,1.09038493117538,0.228155839192484,"NO3_N"
0.186171717171717,1.08565621031691,0.227166385610612,"NO3_N"
0.188939393939394,1.08393695850555,0.226806643533673,"NO3_N"
0.191707070707071,1.08399677227354,0.226819159169245,"NO3_N"
0.194474747474747,1.08377998385569,0.226773797625823,"NO3_N"
0.197242424242424,1.08725832894532,0.227501618343292,"NO3_N"
0.200010101010101,1.08755079667333,0.227562815282109,"NO3_N"
0.202777777777778,1.09173650196974,0.22843864644706,"NO3_N"
0.205545454545455,1.09280808688138,0.228662868506436,"NO3_N"
0.208313131313131,1.09292580645864,0.228687500549828,"NO3_N"
0.211080808080808,1.09338680322754,0.228783961076443,"NO3_N"
0.213848484848485,1.09338680322754,0.228783961076443,"NO3_N"
0.216616161616162,1.09338680322754,0.228783961076443,"NO3_N"
0.219383838383838,1.09657414294821,0.22945089084406,"NO3_N"
0.222151515151515,1.10511189099222,0.231237358186097,"NO3_N"
0.224919191919192,1.10511189099222,0.231237358186097,"NO3_N"
0.227686868686869,1.10575737943013,0.231372422374925,"NO3_N"
0.230454545454545,1.10575737943013,0.231372422374925,"NO3_N"
0.233222222222222,1.11914380060655,0.23417344251925,"NO3_N"
0.235989898989899,1.12390235840406,0.235169139283389,"NO3_N"
0.238757575757576,1.13415355379848,0.237314134157281,"NO3_N"
0.241525252525253,1.13933675832377,0.238398685442209,"NO3_N"
0.244292929292929,1.21219623385973,0.25364404908284,"NO3_N"
0.247060606060606,1.21515481508418,0.25426311264726,"NO3_N"
0.249828282828283,1.21683462388038,0.254614601534002,"NO3_N"
0.25259595959596,1.23005084928005,0.257380009337069,"NO3_N"
0.255363636363636,1.23020318028222,0.257411883592336,"NO3_N"
0.258131313131313,1.23020318028222,0.257411883592336,"NO3_N"
0.26089898989899,1.23246207828105,0.257884543066837,"NO3_N"
0.263666666666667,1.23246207828105,0.257884543066837,"NO3_N"
0.266434343434343,1.23246207828105,0.257884543066837,"NO3_N"
0.26920202020202,1.23246207828105,0.257884543066837,"NO3_N"
0.271969696969697,1.23246207828105,0.257884543066837,"NO3_N"
0.274737373737374,1.23246207828105,0.257884543066837,"NO3_N"
0.27750505050505,1.23246207828105,0.257884543066837,"NO3_N"
0.280272727272727,1.23246207828105,0.257884543066837,"NO3_N"
0.283040404040404,1.23246207828105,0.257884543066837,"NO3_N"
0.285808080808081,1.23246207828105,0.257884543066837,"NO3_N"
0.288575757575758,1.23246207828105,0.257884543066837,"NO3_N"
0.291343434343434,1.23246207828105,0.257884543066837,"NO3_N"
0.294111111111111,1.23246207828105,0.257884543066837,"NO3_N"
0.296878787878788,1.23246207828105,0.257884543066837,"NO3_N"
0.299646464646465,1.23246207828105,0.257884543066837,"NO3_N"
0.302414141414141,1.23246207828105,0.257884543066837,"NO3_N"
0.305181818181818,1.23246207828105,0.257884543066837,"NO3_N"
0.307949494949495,1.23246207828105,0.257884543066837,"NO3_N"
0.310717171717172,1.23246207828105,0.257884543066837,"NO3_N"
0.313484848484848,1.23246207828105,0.257884543066837,"NO3_N"
0.316252525252525,1.23246207828105,0.257884543066837,"NO3_N"
0.319020202020202,1.23246207828105,0.257884543066837,"NO3_N"
0.321787878787879,1.23246207828105,0.257884543066837,"NO3_N"
0.324555555555556,1.23246207828105,0.257884543066837,"NO3_N"
0.327323232323232,1.23246207828105,0.257884543066837,"NO3_N"
0.330090909090909,1.23246207828105,0.257884543066837,"NO3_N"
0.332858585858586,1.23246207828105,0.257884543066837,"NO3_N"
0.335626262626263,1.23246207828105,0.257884543066837,"NO3_N"
0.338393939393939,1.23246207828105,0.257884543066837,"NO3_N"
0.341161616161616,1.23246207828105,0.257884543066837,"NO3_N"
0.343929292929293,1.23246207828105,0.257884543066837,"NO3_N"
0.34669696969697,1.23246207828105,0.257884543066837,"NO3_N"
0.349464646464646,1.23246207828105,0.257884543066837,"NO3_N"
0.352232323232323,1.23246207828105,0.257884543066837,"NO3_N"
0.355,1.23246207828105,0.257884543066837,"NO3_N"
-0.551692965543728,0.981519223310564,0.205376409445224,"tmean_percent_normal"
-0.530987235693693,0.981519223310564,0.205376409445224,"tmean_percent_normal"
-0.510281505843658,0.981519223310564,0.205376409445224,"tmean_percent_normal"
-0.489575775993623,0.981519223310564,0.205376409445224,"tmean_percent_normal"
-0.468870046143588,0.981519223310564,0.205376409445224,"tmean_percent_normal"
-0.448164316293553,0.981519223310564,0.205376409445224,"tmean_percent_normal"
-0.427458586443518,0.981519223310564,0.205376409445224,"tmean_percent_normal"
-0.406752856593484,0.981519223310564,0.205376409445224,"tmean_percent_normal"
-0.386047126743449,0.981519223310564,0.205376409445224,"tmean_percent_normal"
-0.365341396893414,0.981519223310564,0.205376409445224,"tmean_percent_normal"
-0.344635667043379,0.981519223310564,0.205376409445224,"tmean_percent_normal"
-0.323929937193344,0.981519223310564,0.205376409445224,"tmean_percent_normal"
-0.303224207343309,0.981519223310564,0.205376409445224,"tmean_percent_normal"
-0.282518477493274,0.981519223310564,0.205376409445224,"tmean_percent_normal"
-0.261812747643239,0.981519223310564,0.205376409445224,"tmean_percent_normal"
-0.241107017793204,0.981519223310564,0.205376409445224,"tmean_percent_normal"
-0.220401287943169,0.981519223310564,0.205376409445224,"tmean_percent_normal"
-0.199695558093134,0.981519223310564,0.205376409445224,"tmean_percent_normal"
-0.178989828243099,0.981519223310564,0.205376409445224,"tmean_percent_normal"
-0.158284098393064,0.981519223310564,0.205376409445224,"tmean_percent_normal"
-0.137578368543029,0.981519223310564,0.205376409445224,"tmean_percent_normal"
-0.116872638692995,0.981519223310564,0.205376409445224,"tmean_percent_normal"
-0.0961669088429596,0.981519223310564,0.205376409445224,"tmean_percent_normal"
-0.0754611789929246,0.981519223310564,0.205376409445224,"tmean_percent_normal"
-0.0547554491428897,0.981519223310564,0.205376409445224,"tmean_percent_normal"
-0.0340497192928548,0.981519223310564,0.205376409445224,"tmean_percent_normal"
-0.0133439894428199,0.981519223310564,0.205376409445224,"tmean_percent_normal"
0.00736174040721504,0.981519223310564,0.205376409445224,"tmean_percent_normal"
0.02806747025725,0.981519223310564,0.205376409445224,"tmean_percent_normal"
0.0487732001072849,0.981519223310564,0.205376409445224,"tmean_percent_normal"
0.0694789299573199,0.981519223310564,0.205376409445224,"tmean_percent_normal"
0.0901846598073548,0.981519223310564,0.205376409445224,"tmean_percent_normal"
0.11089038965739,0.981519223310564,0.205376409445224,"tmean_percent_normal"
0.131596119507425,0.981519223310564,0.205376409445224,"tmean_percent_normal"
0.15230184935746,0.981519223310564,0.205376409445224,"tmean_percent_normal"
0.173007579207495,0.981519223310564,0.205376409445224,"tmean_percent_normal"
0.193713309057529,0.981519223310564,0.205376409445224,"tmean_percent_normal"
0.214419038907564,0.981519223310564,0.205376409445224,"tmean_percent_normal"
0.235124768757599,0.981519223310564,0.205376409445224,"tmean_percent_normal"
0.255830498607634,0.981519223310564,0.205376409445224,"tmean_percent_normal"
0.276536228457669,0.981519223310564,0.205376409445224,"tmean_percent_normal"
0.297241958307704,0.981519223310564,0.205376409445224,"tmean_percent_normal"
0.317947688157739,0.981519223310564,0.205376409445224,"tmean_percent_normal"
0.338653418007774,0.981519223310564,0.205376409445224,"tmean_percent_normal"
0.359359147857809,0.981519223310564,0.205376409445224,"tmean_percent_normal"
0.380064877707844,0.981519223310564,0.205376409445224,"tmean_percent_normal"
0.400770607557879,0.981519223310564,0.205376409445224,"tmean_percent_normal"
0.421476337407914,0.981519223310564,0.205376409445224,"tmean_percent_normal"
0.442182067257949,0.981519223310564,0.205376409445224,"tmean_percent_normal"
0.462887797107984,0.981519223310564,0.205376409445224,"tmean_percent_normal"
0.483593526958018,0.981519223310564,0.205376409445224,"tmean_percent_normal"
0.504299256808053,0.981519223310564,0.205376409445224,"tmean_percent_normal"
0.525004986658088,0.981519223310564,0.205376409445224,"tmean_percent_normal"
0.545710716508123,0.981519223310564,0.205376409445224,"tmean_percent_normal"
0.566416446358158,0.981519223310564,0.205376409445224,"tmean_percent_normal"
0.587122176208193,0.981519223310564,0.205376409445224,"tmean_percent_normal"
0.607827906058228,0.981519223310564,0.205376409445224,"tmean_percent_normal"
0.628533635908263,0.981519223310564,0.205376409445224,"tmean_percent_normal"
0.649239365758298,0.981519223310564,0.205376409445224,"tmean_percent_normal"
0.669945095608333,0.981519223310564,0.205376409445224,"tmean_percent_normal"
0.690650825458368,0.981519223310564,0.205376409445224,"tmean_percent_normal"
0.711356555308403,0.981519223310564,0.205376409445224,"tmean_percent_normal"
0.732062285158438,0.981519223310564,0.205376409445224,"tmean_percent_normal"
0.752768015008473,0.981519223310564,0.205376409445224,"tmean_percent_normal"
0.773473744858508,0.981519223310564,0.205376409445224,"tmean_percent_normal"
0.794179474708542,0.981519223310564,0.205376409445224,"tmean_percent_normal"
0.814885204558577,0.981519223310564,0.205376409445224,"tmean_percent_normal"
0.835590934408612,0.981519223310564,0.205376409445224,"tmean_percent_normal"
0.856296664258647,0.981519223310564,0.205376409445224,"tmean_percent_normal"
0.877002394108682,0.981519223310564,0.205376409445224,"tmean_percent_normal"
0.897708123958717,0.981519223310564,0.205376409445224,"tmean_percent_normal"
0.918413853808752,0.981519223310564,0.205376409445224,"tmean_percent_normal"
0.939119583658787,0.981519223310564,0.205376409445224,"tmean_percent_normal"
0.959825313508822,0.981519223310564,0.205376409445224,"tmean_percent_normal"
0.980531043358857,0.981519223310564,0.205376409445224,"tmean_percent_normal"
1.00123677320889,0.981519223310564,0.205376409445224,"tmean_percent_normal"
1.02194250305893,1.08920973479013,0.227909937117148,"tmean_percent_normal"
1.04264823290896,1.08920973479013,0.227909937117148,"tmean_percent_normal"
1.063353962759,1.13366309827616,0.23721150958124,"tmean_percent_normal"
1.08405969260903,1.13366309827616,0.23721150958124,"tmean_percent_normal"
1.10476542245907,1.14077273769187,0.238699154632882,"tmean_percent_normal"
1.1254711523091,1.14077273769187,0.238699154632882,"tmean_percent_normal"
1.14617688215914,1.14265687760626,0.239093398455439,"tmean_percent_normal"
1.16688261200917,1.13601336729395,0.237703287837479,"tmean_percent_normal"
1.18758834185921,1.13601336729395,0.237703287837479,"tmean_percent_normal"
1.20829407170924,1.13159576598225,0.236778933964208,"tmean_percent_normal"
1.22899980155928,1.13148150506714,0.236755025623008,"tmean_percent_normal"
1.24970553140931,1.13148150506714,0.236755025623008,"tmean_percent_normal"
1.27041126125935,1.13057787347684,0.236565946685919,"tmean_percent_normal"
1.29111699110938,1.13057787347684,0.236565946685919,"tmean_percent_normal"
1.31182272095942,1.12714436096064,0.235847506888087,"tmean_percent_normal"
1.33252845080945,1.12714436096064,0.235847506888087,"tmean_percent_normal"
1.35323418065949,1.12714436096064,0.235847506888087,"tmean_percent_normal"
1.37393991050952,1.12714436096064,0.235847506888087,"tmean_percent_normal"
1.39464564035956,1.12696305939738,0.235809570734414,"tmean_percent_normal"
1.41535137020959,1.1263949181528,0.235690690934508,"tmean_percent_normal"
1.43605710005963,1.1263949181528,0.235690690934508,"tmean_percent_normal"
1.45676282990966,1.1263949181528,0.235690690934508,"tmean_percent_normal"
1.4774685597597,1.1263949181528,0.235690690934508,"tmean_percent_normal"
1.49817428960973,1.1263949181528,0.235690690934508,"tmean_percent_normal"
0.112,1.09367878498133,0.228845056328366,"TDN"
0.11569696969697,1.09367878498133,0.228845056328366,"TDN"
0.119393939393939,1.09367878498133,0.228845056328366,"TDN"
0.123090909090909,1.09367878498133,0.228845056328366,"TDN"
0.126787878787879,1.09367878498133,0.228845056328366,"TDN"
0.130484848484848,1.09367878498133,0.228845056328366,"TDN"
0.134181818181818,1.09367878498133,0.228845056328366,"TDN"
0.137878787878788,1.09367878498133,0.228845056328366,"TDN"
0.141575757575758,1.09367878498133,0.228845056328366,"TDN"
0.145272727272727,1.09367878498133,0.228845056328366,"TDN"
0.148969696969697,1.09367878498133,0.228845056328366,"TDN"
0.152666666666667,1.09367878498133,0.228845056328366,"TDN"
0.156363636363636,1.09367878498133,0.228845056328366,"TDN"
0.160060606060606,1.09367878498133,0.228845056328366,"TDN"
0.163757575757576,1.09367878498133,0.228845056328366,"TDN"
0.167454545454545,1.09367878498133,0.228845056328366,"TDN"
0.171151515151515,1.09367878498133,0.228845056328366,"TDN"
0.174848484848485,1.09367878498133,0.228845056328366,"TDN"
0.178545454545455,1.09367878498133,0.228845056328366,"TDN"
0.182242424242424,1.09367878498133,0.228845056328366,"TDN"
0.185939393939394,1.09367878498133,0.228845056328366,"TDN"
0.189636363636364,1.09367878498133,0.228845056328366,"TDN"
0.193333333333333,1.09431130489509,0.228977406939241,"TDN"
0.197030303030303,1.09431130489509,0.228977406939241,"TDN"
0.200727272727273,1.09442013746766,0.229000179435647,"TDN"
0.204424242424242,1.09396642483249,0.228905243065868,"TDN"
0.208121212121212,1.09418415074609,0.228950800774077,"TDN"
0.211818181818182,1.09507972893386,0.229138194589922,"TDN"
0.215515151515151,1.09452021450931,0.229021119895083,"TDN"
0.219212121212121,1.09221993415254,0.228539801435729,"TDN"
0.222909090909091,1.09189221492872,0.228471228354432,"TDN"
0.226606060606061,1.09713054623695,0.229567314554293,"TDN"
0.23030303030303,1.07269505429096,0.224454349387939,"TDN"
0.234,1.07023080098133,0.22393872067209,"TDN"
0.23769696969697,1.07023080098133,0.22393872067209,"TDN"
0.241393939393939,1.07084041052855,0.22406627744021,"TDN"
0.245090909090909,1.08182517317624,0.226364766412825,"TDN"
0.248787878787879,1.08080309862191,0.226150904068444,"TDN"
0.252484848484848,1.08080309862191,0.226150904068444,"TDN"
0.256181818181818,1.08758408247859,0.227569780116834,"TDN"
0.259878787878788,1.11621274829454,0.233560139197787,"TDN"
0.263575757575758,1.12073698155891,0.234506805102297,"TDN"
0.267272727272727,1.12073698155891,0.234506805102297,"TDN"
0.270969696969697,1.12205049250844,0.234781648585922,"TDN"
0.274666666666667,1.12433520677729,0.235259709944275,"TDN"
0.278363636363636,1.12687735247279,0.235791637126982,"TDN"
0.282060606060606,1.13106498039697,0.236667870589084,"TDN"
0.285757575757576,1.13211742334664,0.236888087319451,"TDN"
0.289454545454545,1.13242792673658,0.236953058101308,"TDN"
0.293151515151515,1.1295877649183,0.236358773014852,"TDN"
0.296848484848485,1.12902802587547,0.236241651320125,"TDN"
0.300545454545455,1.12960934891362,0.236363289323199,"TDN"
0.304242424242424,1.12960934891362,0.236363289323199,"TDN"
0.307939393939394,1.13002695870684,0.236450671411948,"TDN"
0.311636363636364,1.13002695870684,0.236450671411948,"TDN"
0.315333333333333,1.12812564572135,0.236052834237783,"TDN"
0.319030303030303,1.12812564572135,0.236052834237783,"TDN"
0.322727272727273,1.12768790199585,0.235961239256793,"TDN"
0.326424242424242,1.12128254837431,0.234620961352116,"TDN"
0.330121212121212,1.10170225705046,0.230523914822126,"TDN"
0.333818181818182,1.10170225705046,0.230523914822126,"TDN"
0.337515151515151,1.10170225705046,0.230523914822126,"TDN"
0.341212121212121,1.10144423650071,0.230469925727656,"TDN"
0.344909090909091,1.10144423650071,0.230469925727656,"TDN"
0.348606060606061,1.10144423650071,0.230469925727656,"TDN"
0.35230303030303,1.10144423650071,0.230469925727656,"TDN"
0.356,1.10144423650071,0.230469925727656,"TDN"
0.35969696969697,1.10144423650071,0.230469925727656,"TDN"
0.363393939393939,1.10144423650071,0.230469925727656,"TDN"
0.367090909090909,1.10144423650071,0.230469925727656,"TDN"
0.370787878787879,1.10144423650071,0.230469925727656,"TDN"
0.374484848484848,1.10144423650071,0.230469925727656,"TDN"
0.378181818181818,1.10144423650071,0.230469925727656,"TDN"
0.381878787878788,1.10144423650071,0.230469925727656,"TDN"
0.385575757575758,1.10144423650071,0.230469925727656,"TDN"
0.389272727272727,1.10144423650071,0.230469925727656,"TDN"
0.392969696969697,1.10144423650071,0.230469925727656,"TDN"
0.396666666666667,1.10144423650071,0.230469925727656,"TDN"
0.400363636363636,1.10144423650071,0.230469925727656,"TDN"
0.404060606060606,1.10144423650071,0.230469925727656,"TDN"
0.407757575757576,1.10144423650071,0.230469925727656,"TDN"
0.411454545454545,1.10144423650071,0.230469925727656,"TDN"
0.415151515151515,1.10144423650071,0.230469925727656,"TDN"
0.418848484848485,1.10144423650071,0.230469925727656,"TDN"
0.422545454545455,1.10144423650071,0.230469925727656,"TDN"
0.426242424242424,1.10144423650071,0.230469925727656,"TDN"
0.429939393939394,1.10144423650071,0.230469925727656,"TDN"
0.433636363636364,1.10144423650071,0.230469925727656,"TDN"
0.437333333333333,1.10144423650071,0.230469925727656,"TDN"
0.441030303030303,1.10144423650071,0.230469925727656,"TDN"
0.444727272727273,1.10144423650071,0.230469925727656,"TDN"
0.448424242424242,1.10144423650071,0.230469925727656,"TDN"
0.452121212121212,1.10144423650071,0.230469925727656,"TDN"
0.455818181818182,1.10144423650071,0.230469925727656,"TDN"
0.459515151515151,1.10144423650071,0.230469925727656,"TDN"
0.463212121212121,1.10144423650071,0.230469925727656,"TDN"
0.466909090909091,1.10144423650071,0.230469925727656,"TDN"
0.470606060606061,1.10144423650071,0.230469925727656,"TDN"
0.47430303030303,1.10144423650071,0.230469925727656,"TDN"
0.478,1.10144423650071,0.230469925727656,"TDN"
0,1.06189449695271,0.222194404158689,"ppt_day"
0.0790505072083136,1.07454470261051,0.22484137607227,"ppt_day"
0.158101014416627,1.07454470261051,0.22484137607227,"ppt_day"
0.237151521624941,1.07544710428893,0.225030197658429,"ppt_day"
0.316202028833255,1.07620400579568,0.225188574295452,"ppt_day"
0.395252536041568,1.08080298581358,0.226150880464047,"ppt_day"
0.474303043249882,1.08141882081715,0.226279739867753,"ppt_day"
0.553353550458195,1.0883446119898,0.227728915889807,"ppt_day"
0.632404057666509,1.17544449175245,0.245953989983036,"ppt_day"
0.711454564874823,1.17214295612394,0.245263165476563,"ppt_day"
0.790505072083136,1.17214295612394,0.245263165476563,"ppt_day"
0.86955557929145,1.17453447676826,0.24576357536297,"ppt_day"
0.948606086499764,1.17453447676826,0.24576357536297,"ppt_day"
1.02765659370808,1.17453447676826,0.24576357536297,"ppt_day"
1.10670710091639,1.1709390482195,0.245011255705622,"ppt_day"
1.1857576081247,1.1709390482195,0.245011255705622,"ppt_day"
1.26480811533302,1.1709390482195,0.245011255705622,"ppt_day"
1.34385862254133,1.16921544939355,0.244650604044617,"ppt_day"
1.42290912974965,1.16921544939355,0.244650604044617,"ppt_day"
1.50195963695796,1.16921544939355,0.244650604044617,"ppt_day"
1.58101014416627,1.16905765683504,0.244617586994786,"ppt_day"
1.66006065137459,1.16905765683504,0.244617586994786,"ppt_day"
1.7391111585829,1.16905765683504,0.244617586994786,"ppt_day"
1.81816166579121,1.16905765683504,0.244617586994786,"ppt_day"
1.89721217299953,1.16905765683504,0.244617586994786,"ppt_day"
1.97626268020784,1.16905765683504,0.244617586994786,"ppt_day"
2.05531318741615,1.16905765683504,0.244617586994786,"ppt_day"
2.13436369462447,1.16905765683504,0.244617586994786,"ppt_day"
2.21341420183278,1.16905765683504,0.244617586994786,"ppt_day"
2.2924647090411,1.16905765683504,0.244617586994786,"ppt_day"
2.37151521624941,1.16905765683504,0.244617586994786,"ppt_day"
2.45056572345772,1.16905765683504,0.244617586994786,"ppt_day"
2.52961623066604,1.16905765683504,0.244617586994786,"ppt_day"
2.60866673787435,1.16905765683504,0.244617586994786,"ppt_day"
2.68771724508266,1.16905765683504,0.244617586994786,"ppt_day"
2.76676775229098,1.16905765683504,0.244617586994786,"ppt_day"
2.84581825949929,1.16905765683504,0.244617586994786,"ppt_day"
2.9248687667076,1.16905765683504,0.244617586994786,"ppt_day"
3.00391927391592,1.16905765683504,0.244617586994786,"ppt_day"
3.08296978112423,1.16905765683504,0.244617586994786,"ppt_day"
3.16202028833255,1.16905765683504,0.244617586994786,"ppt_day"
3.24107079554086,1.16905765683504,0.244617586994786,"ppt_day"
3.32012130274917,1.16905765683504,0.244617586994786,"ppt_day"
3.39917180995749,1.16905765683504,0.244617586994786,"ppt_day"
3.4782223171658,1.16905765683504,0.244617586994786,"ppt_day"
3.55727282437411,1.16905765683504,0.244617586994786,"ppt_day"
3.63632333158243,1.16905765683504,0.244617586994786,"ppt_day"
3.71537383879074,1.16905765683504,0.244617586994786,"ppt_day"
3.79442434599905,1.16905765683504,0.244617586994786,"ppt_day"
3.87347485320737,1.16905765683504,0.244617586994786,"ppt_day"
3.95252536041568,1.16905765683504,0.244617586994786,"ppt_day"
4.031575867624,1.16905765683504,0.244617586994786,"ppt_day"
4.11062637483231,1.16905765683504,0.244617586994786,"ppt_day"
4.18967688204062,1.16905765683504,0.244617586994786,"ppt_day"
4.26872738924894,1.16905765683504,0.244617586994786,"ppt_day"
4.34777789645725,1.16905765683504,0.244617586994786,"ppt_day"
4.42682840366556,1.16905765683504,0.244617586994786,"ppt_day"
4.50587891087388,1.16905765683504,0.244617586994786,"ppt_day"
4.58492941808219,1.16905765683504,0.244617586994786,"ppt_day"
4.6639799252905,1.16905765683504,0.244617586994786,"ppt_day"
4.74303043249882,1.16905765683504,0.244617586994786,"ppt_day"
4.82208093970713,1.16905765683504,0.244617586994786,"ppt_day"
4.90113144691545,1.16905765683504,0.244617586994786,"ppt_day"
4.98018195412376,1.16905765683504,0.244617586994786,"ppt_day"
5.05923246133207,1.16905765683504,0.244617586994786,"ppt_day"
5.13828296854039,1.16905765683504,0.244617586994786,"ppt_day"
5.2173334757487,1.16905765683504,0.244617586994786,"ppt_day"
5.29638398295701,1.16905765683504,0.244617586994786,"ppt_day"
5.37543449016533,1.16905765683504,0.244617586994786,"ppt_day"
5.45448499737364,1.16905765683504,0.244617586994786,"ppt_day"
5.53353550458195,1.16905765683504,0.244617586994786,"ppt_day"
5.61258601179027,1.16905765683504,0.244617586994786,"ppt_day"
5.69163651899858,1.16905765683504,0.244617586994786,"ppt_day"
5.77068702620689,1.16905765683504,0.244617586994786,"ppt_day"
5.84973753341521,1.16905765683504,0.244617586994786,"ppt_day"
5.92878804062352,1.16905765683504,0.244617586994786,"ppt_day"
6.00783854783184,1.16905765683504,0.244617586994786,"ppt_day"
6.08688905504015,1.16905765683504,0.244617586994786,"ppt_day"
6.16593956224846,1.16905765683504,0.244617586994786,"ppt_day"
6.24499006945678,1.16905765683504,0.244617586994786,"ppt_day"
6.32404057666509,1.16905765683504,0.244617586994786,"ppt_day"
6.4030910838734,1.16905765683504,0.244617586994786,"ppt_day"
6.48214159108172,1.16905765683504,0.244617586994786,"ppt_day"
6.56119209829003,1.16905765683504,0.244617586994786,"ppt_day"
6.64024260549835,1.16905765683504,0.244617586994786,"ppt_day"
6.71929311270666,1.16905765683504,0.244617586994786,"ppt_day"
6.79834361991497,1.16905765683504,0.244617586994786,"ppt_day"
6.87739412712329,1.16905765683504,0.244617586994786,"ppt_day"
6.9564446343316,1.16905765683504,0.244617586994786,"ppt_day"
7.03549514153991,1.16905765683504,0.244617586994786,"ppt_day"
7.11454564874823,1.16905765683504,0.244617586994786,"ppt_day"
7.19359615595654,1.16905765683504,0.244617586994786,"ppt_day"
7.27264666316485,1.16905765683504,0.244617586994786,"ppt_day"
7.35169717037317,1.16905765683504,0.244617586994786,"ppt_day"
7.43074767758148,1.16905765683504,0.244617586994786,"ppt_day"
7.5097981847898,1.16905765683504,0.244617586994786,"ppt_day"
7.58884869199811,1.16905765683504,0.244617586994786,"ppt_day"
7.66789919920642,1.16905765683504,0.244617586994786,"ppt_day"
7.74694970641474,1.16905765683504,0.244617586994786,"ppt_day"
7.82600021362305,1.16905765683504,0.244617586994786,"ppt_day"
