-0.528259197494041
0.268088444063361
0.0938006283232523
1.08235376058028
0.981779997829412
0.562256134287739
0.521160473147993
1.25119037420335
0.617210476466152
0.663756142147401
1.51211942847835
0.240219419818306
1.5226190827717
2.15735524338879
1.97792387294988
0.9632521412568
1.60322143002073
1.30274482687753
1.16573186320884
2.03959979900129
-0.55702564983425
-0.766180705767673
-0.576540530581324
-0.722494839296352
-0.207149655246443
0.985377024078215
0.794610114043757
1.49415596299991
1.50033890793468
1.28495506407258
0.563234994354704
1.61476871886345
1.76364514717204
0.805095520530466
0.936072511999599
1.4235967330447
1.49087945011741
0.579335291701867
0.336829945185676
1.41864102643287
1.53214436213647
0.863383885621596
0.997662843066309
1.64370611710069
1.51421696243151
1.07188509756683
0.717516336989396
1.57538191546448
1.43545330671752
1.02096814927323
0.374504188020985
1.63551040286103
1.48776491029647
1.14861099700811
1.25018648268032
1.89209348716804
2.07808037205785
1.78600622631255
1.1892826540456
2.29033143517724
2.29563647563216
1.06176839256457
1.1223544910846
1.98583946243338
1.56658396256579
1.29789912141265
1.13439083932548
1.01931544006849
1.2647548716629
0.422369790548075
0.496757100184482
1.57272079777557
0.656802240225885
0.914745160341581
0.438034921511664
1.81293298700987
2.14516391658178
1.26869442760405
0.783704312275434
2.24959377572875
2.17838113502852
