2.20404158193874
2.7012581889028
2.09306646200682
2.22551687752815
1.64735003047945
2.33560299756547
1.85167718014046
1.78597402853571
0.746718710754325
1.08614653340655
0.390430133241544
0.534285321524709
0.819536311525482
0.880367041278561
0.76006874327593
1.11709824858273
1.15903491369271
1.68801605158335
1.17819760847253
0.962358736494601
0.819859442235985
1.00663988559484
0.811107954861673
0.900658991618546
0.786950043776021
0.717200584181051
1.13679236921201
0.99303535331616
1.9878211142772
1.66878158349131
1.92810517082928
1.79867674065436
1.60036610126089
1.25261530916292
1.87958707674501
1.73916088617137
1.7105789755544
1.90721773336885
1.35214004111134
1.75885581030903
1.35025272162328
1.23977331840371
1.59259933244228
1.06470806851309
1.2880391530013
2.00710264310671
1.89998646801816
1.484471285313
1.67268159511339
1.28466935899405
1.18591640993785
1.2993235049446
1.31183067427577
1.80792152914057
1.66549303668871
1.75734682273038
1.74933961286572
0.881388839162823
0.986592874652883
1.67840853865515
1.61795386921755
0.0234608896844622
0.0317334825465148
0.72941266777105
0.367235123756162
1.7393155062469
1.54357394445611
1.74527931665938
1.26840110421266
1.24689986141875
1.29213768720005
1.12071245226875
1.2549395974746
1.78744623328529
1.22499067573435
1.52639497672793
1.17215785492402
1.99808330609803
1.56485429325728
1.32192858225088
1.62000215017591
0.787238835560875
0.872580850857379
0.314787052167996
0.6362392171626
1.75544954666414
1.93101739319531
2.15764001062027
1.41413616995952
1.39167311550218
2.05016769677096
1.61873134826061
0.904269371022421
1.03061994348859
0.987767947843269
1.14471551771808
1.25691382026873
0.791633168059545
1.04873800642228
1.94055777181522
1.89362062491372
1.49772824910334
1.54228002005112
1.84352989621757
1.65834625551231
1.62802974055879
1.91362939641738
1.65401179326711
1.42488209937627
1.1886915088806
1.15993757343193
1.54013157549154
0.884103465003383
1.52123237492227
1.59699776356216
0.430480947951057
1.55206277728363
1.55426670414815
1.22020512074149
0.151116817077895
0.155862636235555
0.707281053164379
0.748155511029686
0.940693637226667
0.836712370100144
0.958241287385807
0.596870549847541
0.65811542907695
1.09253936838653
0.535529912751318
0.702749541961476
0.538806774708949
0.593286549479872
1.21451781698165
1.5616200378476
0.0125154168591221
0.483868754275525
0.105473133379268
0.530263165636153
1.37416699517441
1.15777841097839
0.52608655429262
1.30780210993311
1.82615778195835
1.61955208568648
1.92776091906058
1.56175092184082
