"R2","CVR2"
0.778203858841268,0.792542044907676
0.77493113758512,0.790411429092897
0.771724778841959,0.788879805207822
0.768576503494053,0.787749924231597
0.76596947157279,0.785650402107647
0.762742043573466,0.784497272296567
0.759511247972047,0.782802389107715
0.756163720025127,0.781834202867389
0.752700431112078,0.77991428960471
0.750458851631803,0.778536128351577
0.747788579967093,0.776588623604348
0.745393297035654,0.775568826487517
0.742477362707081,0.774415585471995
0.739804205696821,0.772694919979685
0.737404872782331,0.771518006256437
0.734863034947758,0.77125381931159
0.731905156103386,0.770479646751821
0.729265858162872,0.770589743679377
0.726608483232754,0.768794686124621
0.724065856513949,0.767890776347167
0.721802248652365,0.766564284486911
0.719509902781238,0.765272164030805
0.716573806940178,0.76498120636258
0.715015175643238,0.764009508439541
0.712783045733155,0.763140086882021
0.71039610648224,0.762187771272796
0.707684771514888,0.761052396633434
0.704932119551466,0.759601319286448
0.703324821780555,0.758228930249839
0.701396132420391,0.757562462657965
0.699562116472851,0.756547579096844
0.697618116826215,0.75578506337452
0.69597749855992,0.754948843560102
0.694359244952949,0.753698404138356
0.691727139000933,0.752603871050406
0.689309552057989,0.751900116435546
0.687402452018967,0.751497367531656
0.685747694899056,0.751083182582364
0.684284829883089,0.749542770069799
0.682377150549783,0.748704510886668
0.680092213065225,0.747715099815929
0.677819637767938,0.746862107969082
0.675583533645128,0.746120198026453
0.673987543519024,0.745235263395095
0.671530661608491,0.744723284025264
0.669535543372572,0.744310801374794
0.668539395665682,0.7440995215386
0.666218029031194,0.742905873122198
0.664286743176102,0.742653377224697
0.663139150989206,0.741243803941015
0.661545572260389,0.7403508705059
0.659933396637718,0.740426103770168
0.65836311505445,0.740448008156818
0.656076733925537,0.740003443282381
0.655205353960224,0.738535070386072
0.653216317924414,0.738222049632892
0.650905870929684,0.737119837833225
0.649346593350028,0.736515535428948
0.647603936405195,0.736445690974467
0.646201255145814,0.735869622023453
0.644517105093529,0.735163189619504
0.642164670599935,0.735036675482672
0.640066622332302,0.734124894629465
0.637696738651259,0.733175598636256
0.636711135194415,0.732605949032956
0.635359242788035,0.731643388444342
0.633779135082924,0.730863683922411
0.632447890850406,0.729992516615805
0.630895465047716,0.730300779529227
0.629691349600604,0.729980321874228
0.628111153166145,0.728736826753111
0.62639051059329,0.728624716976615
0.625052454860029,0.7276229455025
0.623682512829854,0.726639938868179
0.621770476668688,0.726686817004162
0.619821471793675,0.72627030865336
0.617938168702203,0.725506211154325
0.616914512560974,0.725015205635997
0.614853673083038,0.72468301287527
0.613268103740912,0.723621372139338
0.611676105193655,0.722514124166978
0.610109392469607,0.722435808535932
0.608200320489945,0.721592195730711
0.607386590033824,0.721446672669181
0.605918047699944,0.720671459647788
0.605194555597221,0.719805881244229
0.603499884943194,0.719227056233072
0.602402437328632,0.718501058679466
0.600810849475851,0.717429320392241
0.599304134975428,0.716362864154301
0.597772146651868,0.715783616228252
0.596421030655175,0.715013214921092
0.595045250897991,0.714195093170227
0.593469988436649,0.712521301699328
0.591980241551153,0.712043807533059
0.590553528022498,0.711412926665828
0.588865238936709,0.710353025113271
0.587609634993095,0.709460698912746
0.586518554112898,0.709982243861975
0.585038136433204,0.709685082584822
0.584139727690677,0.709355919694515
0.582779731152882,0.709648980296198
0.581323866740054,0.709254383116858
0.579877724543394,0.709111350854953
0.578556977152545,0.709573044874925
0.576925815909181,0.709503312221073
0.576079792946938,0.709695832281973
0.575065020328851,0.709592153535668
0.574358335719255,0.709141370741928
0.573795757689509,0.708519283732523
0.572747290489844,0.70788845338016
0.571352163436949,0.708163769834353
0.570306248001418,0.707663050782538
0.568973297787375,0.70736156092906
0.567791713473625,0.707466677623332
0.566941047516156,0.706868827732075
0.566046542068952,0.706042234859923
0.565060776173189,0.705752794995818
0.563821814862431,0.705744404194386
0.56320771384149,0.704920022568468
0.561590571316628,0.704161703037321
0.559985896743965,0.703602572008807
0.558768439390668,0.703632321096657
0.557595555735808,0.702925904932657
0.556540387210362,0.702212850995633
0.555600251452556,0.701784764701982
0.554431546271835,0.7013701786599
0.553054173005467,0.700659608043378
0.551681475646714,0.699710187552134
0.550905458282674,0.699616893126421
0.549872105945277,0.699270354704469
0.548571552695396,0.698636085563858
0.547221138045871,0.698826550583632
0.546655197194123,0.698298082626248
0.545751361896752,0.698468366597627
0.545066208124259,0.698609338956825
0.544116386705003,0.698981827184192
0.543437762270766,0.698815529653307
0.542298995356675,0.69940709328252
0.541232319381293,0.699239051607916
0.539932923060383,0.698794318074397
0.538766781586528,0.698851760334339
0.537833333188647,0.698238811497943
0.53689724552145,0.698018745172609
0.536096348383511,0.697005087016243
0.534878528634798,0.696942309633693
0.533870369102951,0.697197393022359
0.533079695361114,0.697339498606656
0.532403367945974,0.696262916731061
0.531087280687392,0.694798550983937
0.53030493126575,0.694672448991125
0.529325317604664,0.694131405438815
0.528130052478503,0.693918736145772
0.52696445170817,0.693714702601484
0.526473208799638,0.693527135187693
0.525585441809762,0.693560678601814
0.524784862665128,0.693018266405338
0.523749851487603,0.69341641248438
0.522690834869953,0.693099382983557
0.521947978496728,0.693171530736091
0.521136349246027,0.693327593443302
0.520151117521311,0.692810014841112
0.519039572458942,0.693174154362252
0.517814740040553,0.69283186594082
0.517053832178316,0.691975151689795
0.516224939994484,0.691184147766094
0.515053200543854,0.690180873002834
0.514376519167676,0.69036835250654
0.513238626983687,0.690067699327345
0.512315649254173,0.690012350292723
0.511628092550396,0.690031393224239
0.511030391036495,0.68918016206563
0.509985356441177,0.688767350011163
0.509310606492171,0.688263894712506
0.508506659141494,0.687332508505224
0.507671744376519,0.687713591142702
0.506739072549889,0.68729028049282
0.506002834675332,0.6862206637907
0.504924045087382,0.68519910477949
0.503885900592969,0.685387377153185
0.503132379281663,0.685327030108574
0.502141432382985,0.685733417327112
0.501466809192561,0.68614741160503
0.500708711364503,0.685799209837544
0.499954593853067,0.686150524717908
0.49924767612018,0.685544340446002
0.498389694413389,0.685380146321562
0.4974495136482,0.685076852243825
0.496790945988342,0.684763943249133
0.495814247317028,0.684904782939049
0.495476689761551,0.684452309753283
0.494983641205771,0.685121687345316
0.494234295875327,0.684601232559738
0.493080386001872,0.684530554773526
0.49213023298575,0.684311650728172
0.49129158374515,0.683220566647591
0.490747291614801,0.683667592559256
0.489813896538497,0.683163576548815
0.488947462247142,0.683322231880419
0.488042725293869,0.683217203599202
0.487229370416247,0.682992153029211
0.486432919844614,0.682974700424303
0.485796805124791,0.683429004737891
0.48503323983065,0.682308443806605
0.484246421965267,0.682758916214062
0.483182634974779,0.683234950373815
0.482075479267672,0.683104373895707
0.481128040418473,0.683527998761227
0.481154930755,0.683320763050424
0.480395075871166,0.682903382194401
0.479858067813911,0.682737727036492
0.479287039646455,0.682341854035059
0.478632918018944,0.682500695280675
0.477925736342014,0.682970760852993
0.477429075915403,0.682352460659863
0.476510644975748,0.682007009642531
0.475818550240351,0.681673949583131
0.474775854487071,0.681674937388541
0.473768130793932,0.681602458973785
0.473052858226297,0.681905507203642
0.47218904326979,0.68156744041315
0.471232334953189,0.681607129112148
0.470708126012306,0.68163130269145
0.46974696597878,0.681322274969834
0.469313322272049,0.681321701452607
0.468550738985803,0.680816097177759
0.468059287726354,0.681010885836924
0.467046858128227,0.680910067562973
0.46641376990712,0.680644468794804
0.465554994579845,0.680622835815866
0.464952379143847,0.680608709840815
0.464136085956977,0.680602574489306
0.463530777021669,0.680699164121984
0.462638815604856,0.680550573080303
0.461696461811949,0.680491819748073
0.461284591906838,0.680800110112361
0.460732036558412,0.680407032913531
0.460340696155474,0.680621592852005
0.459843862575022,0.680339637846202
0.459152348830267,0.679974849303198
0.458700935494204,0.679486242821592
0.457758778564213,0.679664680381456
0.457258869472247,0.679130074903122
0.456385202270505,0.679713707472355
0.455753953460128,0.679324513396009
0.455059882622067,0.679210984643366
0.454345633521385,0.679045119118293
0.45373416469054,0.679391325319246
0.452778213805617,0.679470637734806
0.452033283488269,0.679611620981414
0.451257091040107,0.679770548098859
0.450726170812024,0.679614222832448
0.450303728726396,0.679815924472668
0.449683353925085,0.679797334546728
0.449248603886161,0.679974777884307
0.448525522329178,0.679899883337597
0.447953755057414,0.68049399893062
0.447154966432821,0.680612422527212
0.446533393537467,0.679988801818539
0.445604770683176,0.680115238110066
0.445127569689409,0.679972135159783
0.444124537628825,0.679823374553258
0.443543275471108,0.679430324213387
0.443496866091868,0.679027086927739
0.442801719529403,0.678437326589834
0.442410521620258,0.678172349459371
0.442067690302318,0.677856108537592
0.441185025767034,0.678240201407387
0.440667212433266,0.677849768021677
0.439779309347697,0.67697765108862
0.439346684535533,0.676865465002176
0.438600786053214,0.676607533164367
0.437942440901024,0.67627731037351
0.437373436498197,0.675093206988896
0.436952285003069,0.674919525529813
0.43630104784994,0.67492059376879
0.435665404897261,0.674867002952899
0.43489347095487,0.6745027250475
0.434216342345968,0.674795270316995
0.433620264817292,0.675049590597696
0.433247860089459,0.675560660747082
0.432637770233469,0.675629605122885
0.432067267876812,0.675709067398075
0.43135992869473,0.674948765576455
0.430660393698057,0.674355120234319
0.429989983789991,0.673993359879667
0.428943004716351,0.673827629098473
0.428482236555182,0.674143064660278
0.427796957562237,0.674351294447223
0.426991860587093,0.674221952073661
0.426273552160449,0.674584404017826
0.425736636582846,0.674520443017243
0.425042135893739,0.674310050341338
0.424555760424187,0.674325713762102
0.423895457059896,0.673150383114039
0.423323891847502,0.67309772292107
0.42300040206861,0.672831615606509
0.422716403176444,0.673182705509026
0.421981817897329,0.673524441650559
0.42144490804436,0.67340871723843
0.420897782103385,0.673487586764606
0.420098286696583,0.67305646958361
0.419502758819933,0.673567527784584
0.419102677256934,0.673668182053711
0.418567918512744,0.673432613790463
0.418071583257038,0.672838415626392
0.417734625621619,0.672992108717918
0.417164791569257,0.673030413739514
0.416711986347896,0.673169858851829
0.416345359217282,0.673171316776785
0.415682994475289,0.672676293568536
0.415220492185486,0.672317726382726
0.41461242247263,0.67236678772858
0.414001382847291,0.672097501480348
0.413468145815034,0.671934336925618
0.412758204033742,0.671802669583265
0.412374592428258,0.671029855918507
0.411951719776662,0.67164373212075
0.411597776360107,0.67184900495267
0.41101131804663,0.671644122073103
0.41040463153438,0.671579117500511
0.410031418499149,0.671762399597436
0.409440643418548,0.671796544002444
0.408971083507168,0.671690533132955
0.408487588236043,0.672231315821304
0.408042501049083,0.671764026841542
0.407418321252408,0.671528881154914
0.406892289856466,0.671312411384297
0.406448101618663,0.671055423844575
0.406025391323086,0.670680812202973
0.405701489281534,0.670965913826433
0.405442786255356,0.670806365121429
0.405108892777514,0.670987551466511
0.404560530569888,0.671417486727834
0.404084858695903,0.671459350711261
0.403497147133712,0.671939594657813
0.403228147786426,0.672091145913794
0.402937849741903,0.672349758257556
0.40251173607154,0.672575389767221
0.402269176237744,0.672241977418238
0.401872084909263,0.672450214819389
0.401667783871657,0.67275306213539
0.401037660707678,0.672896899082072
0.400160674499201,0.672674196064857
0.399908177718367,0.672036217104635
0.399355123303028,0.672402618817834
0.398945304690714,0.672072631149312
0.398747832355648,0.672376597503884
0.398253962796181,0.672661163784237
0.397884360432797,0.672172401795904
0.397478088040482,0.67230200686248
0.397051251121561,0.672180833057183
0.396491646744609,0.672277187247719
0.396281601953712,0.672324700333014
0.396033694207852,0.672302878894802
0.395746430270798,0.672980284006246
0.395124757160197,0.673186810090486
0.394673830538798,0.673540399925898
0.394330472371227,0.673346559588222
0.394060019250469,0.673349172892189
0.393438517631958,0.673296071589712
0.393090883881563,0.672918747831865
0.392692726074138,0.672869218955026
0.392235663871991,0.672567137254283
0.391912830331433,0.671971705218911
0.391303280976184,0.671648349677822
0.390857715395738,0.671938278352137
0.390177316269033,0.671496116148085
0.389702034578635,0.671932382073381
0.389218237637552,0.671608757757106
0.389081884165862,0.671403157495406
0.388627953767473,0.671315536371986
0.38822781005708,0.671446178948499
0.38750722629294,0.672047341131586
0.387218234261122,0.671822485863614
0.386966043825429,0.671729677749125
0.386682669316166,0.67170056636664
0.386268659099564,0.671555715848036
0.385776483594302,0.671647029099026
0.385510882455687,0.671766774102344
0.385130493946131,0.672051716978263
0.384748365222027,0.671977531598591
0.384532457578956,0.672232818749078
0.383915705682706,0.672705964160866
0.383305191221331,0.67226955058575
0.383138490600838,0.672095080215181
0.382694914929885,0.672227455545824
0.382248821091806,0.672179758433167
0.381967955055862,0.672409729289129
0.381641413995887,0.672999294038392
0.381192724958388,0.673329165390107
0.380886464301992,0.6729964096697
0.380411975562448,0.672999050276252
0.380043571386245,0.673227391238972
0.379471432201749,0.673211249274245
0.378779516230659,0.672595322884911
0.378490059581185,0.672480458553371
0.377836409698601,0.672520156112454
0.377422746287569,0.672617246127481
0.376901387011915,0.672587547745359
0.376567043135471,0.672333412000436
0.376273869711377,0.672058332124115
0.375958035039855,0.672014696755068
0.375418331160587,0.672113179774585
0.374986104459861,0.671827582660294
0.374578063054901,0.671785581078065
0.374278081647576,0.672341940941754
0.373818678730795,0.672186922564468
0.373361080495228,0.67260775923857
0.372831877717251,0.672736111345243
0.372664262406346,0.672995915527142
0.372410650928107,0.673628915171323
0.372046339216746,0.67327986503073
0.371821630037691,0.672805784302358
0.371484828017501,0.673134250120839
0.371212806416899,0.673363928864343
0.370858036766045,0.673235661025384
0.370547250757973,0.673073784439241
0.370083029004147,0.673334741878752
0.369494452713059,0.673301177947694
0.368934306792542,0.67323790272256
0.368496807118636,0.673287786629157
0.368138335237673,0.673547475171342
0.367321298950814,0.673010973343122
0.367031433420678,0.672393635064467
0.366769180799107,0.672530392893941
0.366459962064683,0.672460038040308
0.366220304479816,0.672370352947736
0.365787355290732,0.672482948281659
0.365353288746244,0.672304153978717
0.364942802617567,0.671959317567601
0.364309006511385,0.671929114163467
0.364034928583889,0.672218676497204
0.363414277695495,0.672397948782517
0.363086466433301,0.672135459138355
0.362751821289035,0.672237509978303
0.362210396188187,0.672411323579117
0.36172434404553,0.672122857809998
0.36146215520388,0.672326815370829
0.360934434402905,0.672467421173584
0.3606017361284,0.672272257295285
0.360359367019881,0.67212978877259
0.360024977217371,0.671672248444266
0.359762261455309,0.672091924923072
0.359474940722799,0.672093857922317
0.359179995508942,0.671834943908539
0.358783704736737,0.671872900452251
0.358584909710659,0.671750009524772
0.358029711059681,0.672280169844828
0.357908150531087,0.671969420422434
0.357361353336949,0.671978903968672
0.356843587025158,0.672368470462949
0.356475927680075,0.671965682794621
0.356314143937482,0.672317086488319
0.355971063696358,0.672448029937794
0.35577123502253,0.67211756337823
0.355525212837937,0.671892580541092
0.355262580894756,0.67136433198255
0.355036487684209,0.671222340141998
0.354704852844441,0.670867943381176
0.354399618192134,0.671033270006114
0.354002511128864,0.671062095788525
0.353428131803092,0.671211678965147
0.352961977389901,0.671270357460682
0.352747900867336,0.671115844592027
0.352581294885764,0.67177286233955
0.352164185485335,0.671281994507197
0.351986857436548,0.671215043250518
0.351767645122255,0.671324976265229
0.351460809956426,0.671159894533077
0.350997479538484,0.671114238503371
0.350550564185199,0.671818942648132
0.35036434597614,0.671952394357287
0.349992546816909,0.672084695102637
0.349908104196155,0.672349407069531
0.34961581906837,0.672363404088947
0.348925078165181,0.672453557098253
0.348542566611511,0.672192108480741
0.348121793759926,0.672626656949473
0.34789003872221,0.672782544230112
0.347528674760832,0.673045085861893
0.34730835017871,0.673004073641091
0.346901222996175,0.672677789253212
0.346536763082788,0.672493397601791
0.346342223974683,0.671952722348337
0.345966081152318,0.672141697655151
0.345602025383585,0.672333187497027
0.345165837687324,0.672367680686325
0.344814087448672,0.672062950895973
0.344492897310196,0.672742956752338
0.343813306240037,0.672586331918156
0.343562952468631,0.672365966413569
0.343179098822945,0.672190746956811
0.342869581459788,0.672047457637212
0.342426515222559,0.672020990649868
0.342142757285059,0.671819106019131
0.341845877115025,0.671593010200613
0.341526638170997,0.670831132959077
0.34140399679265,0.671479251149204
0.340833678771712,0.671488842778121
0.340309200764333,0.671399117979914
0.340065231832643,0.670856551614772
0.339676027418448,0.670290789046244
0.339353470046165,0.670248998789794
0.339108686907559,0.670214970469159
0.338722234552449,0.669536208427509
0.338407001258471,0.669868468610534
0.338086586317113,0.669870657070978
0.337821622589398,0.669846275403019
0.337580496809254,0.669344016490513
0.337278194067172,0.668938162036254
0.336939385967958,0.668768623576706
0.336755742424529,0.668516054584597
0.336364791847112,0.668205132812997
0.336067508221987,0.668237545848048
0.335763935296135,0.668160281056446
0.335371693889108,0.668456331509046
0.334865990715853,0.668551307458203
0.334323187652245,0.668743941065391
0.334049248982038,0.668975094892793
0.333784516748275,0.668868955112532
0.333610519732592,0.668652724640017
0.333397669821616,0.668610666538917
0.332866294449609,0.668598512977354
0.332646863707157,0.668361375393102
0.332054425227984,0.668394541617831
0.331828741755386,0.668281232162056
0.331274644253999,0.668394608702009
0.330869269474625,0.66892191850848
0.330711483621544,0.669236499883298
0.330517028628674,0.669588404281382
0.33022390985875,0.669187060226501
0.330081275798294,0.669055115972846
0.329746592915511,0.669454462932941
0.329455552721684,0.66917292055063
0.329220307448455,0.669152139739009
0.329056342971701,0.66886105696078
0.328803144616533,0.669069623152765
0.328401362491017,0.668562910450401
0.328119465119899,0.668462045835263
0.327724866749091,0.669269078299641
0.327494057011752,0.66929406397004
0.32713697792504,0.668970193692481
0.326920058350927,0.669750190384371
0.326602612880097,0.669442462860119
0.32640613528244,0.669693365045493
0.326074004761981,0.669760892579648
0.325771901650761,0.670077190406289
0.325367021321966,0.669554481572416
0.325040682961315,0.670274267541643
0.324779355085719,0.670826001949118
0.32455047721097,0.67067388339489
0.324417902499975,0.671374950304333
0.324040464512925,0.671169327387525
0.323810886382887,0.671591888893821
0.323520884984699,0.671430054907113
0.323227295204853,0.671097297613383
0.322920398825509,0.671430877414384
0.322710240530738,0.671739989757062
0.322402547449244,0.6719403419072
0.32228102017564,0.67224335091283
0.322108041057662,0.672662733574639
0.321746795721042,0.672531681295268
0.321329500348168,0.672353940943849
0.321018032647635,0.672407865882895
0.320703296131433,0.672582760891984
0.320352234845381,0.672727865077129
0.31997630496384,0.673048594848622
0.319864885545374,0.67293490063363
0.319587523799093,0.672977286063798
0.31937153406404,0.673646556013792
0.319132064003027,0.672861692656924
0.318990827741033,0.672960918632673
0.318812015171949,0.673229908187997
0.318484440390097,0.673244570415887
0.318353209652845,0.67305645155859
0.318108866303714,0.672916836605189
0.317816059522699,0.67227745139932
0.317492864221076,0.672736052580276
0.317296245124936,0.672561335916861
0.316860075856151,0.672486127455801
0.316623057115395,0.672367912581083
0.316383314929831,0.672204285539077
0.31623800734837,0.672093450349876
0.315914279821807,0.672164471697292
0.315790438933286,0.672227505098169
0.315579349351189,0.672056915793988
0.315288848721418,0.671779613785584
0.315104103023975,0.672388563934964
0.314782060916793,0.672178384076412
0.314523024644356,0.672418959077402
0.314199954470406,0.67228755222361
0.314060168841669,0.672594609043832
0.313791382954236,0.672464375455364
0.313567947337947,0.67276628300944
0.313156987648502,0.67219507029878
0.3130386741893,0.671952132836519
0.312723572439321,0.67156181211957
0.312506278928252,0.67142708761339
0.312377988077303,0.670951768793214
0.312066418449395,0.670958702202962
0.311791465171837,0.670865651110475
0.311506955352284,0.671282126111219
0.311279526395166,0.671163119660189
0.311043188005418,0.671376761230762
0.3106132249594,0.671329735155393
0.310386972799619,0.671772253950937
0.310090437157732,0.671127297921212
0.309877123531094,0.671347524864987
0.309691590448991,0.671078834367433
0.309532385267777,0.671227486832862
0.309140770378695,0.671835807240726
0.308834948229563,0.672309400284223
0.308571220053088,0.672721262257197
0.30817133183696,0.6730379595834
0.307815560979155,0.672999979730765
0.307665762541168,0.672991077875125
0.307512557526546,0.673164059798253
0.307324418926591,0.673162608321816
0.307037455194397,0.673159536695205
0.306921808743288,0.67345121920266
0.306737518104491,0.673825637688079
0.306509433033093,0.673933344612934
0.306206044400726,0.674016226251727
0.305996439554841,0.673848323740774
0.305787233359375,0.67332309173327
0.305643637741456,0.673284806913386
0.305371538864849,0.672871927615443
0.305170894626413,0.673037107589242
0.305004086094718,0.673372378702082
0.304707277656891,0.673613193358753
0.304419638976481,0.673782714697151
0.304126030321859,0.673544142798428
0.303992970443954,0.673718781433499
0.303808895254484,0.673789300218738
0.303633814368263,0.673613987590742
0.303423872360185,0.673287434355958
0.30332590102956,0.673123414179002
0.30307506534546,0.673250282394821
0.302742909508526,0.673271911099041
0.302368887665073,0.67327750106816
0.301919385695719,0.673327713520651
0.301584396909358,0.6735834920337
0.301392551569966,0.673839742255191
0.301136034421049,0.673666509516183
0.300979353508849,0.673875409037356
0.300815769918463,0.674127704336404
0.30068357471028,0.674419886298745
0.300408620950677,0.674644416512028
0.300220967407155,0.674304169687788
0.299992293814082,0.674149220216233
0.299630989272726,0.674291260227046
0.29934803441658,0.674331938572874
0.298922535312625,0.674570167496518
0.298725648317736,0.674287208097674
0.298571239237905,0.673985901678303
0.298294869197704,0.674072014671281
0.297958998589681,0.674735100752382
0.297738630071133,0.67528083248259
0.297586724260338,0.675377199300356
0.297393579297203,0.675772452720659
0.297062911128355,0.675870731935497
0.296951555875548,0.676169384330582
0.296528227004795,0.675971127403373
0.296298477700007,0.675774664321633
0.296096142377789,0.675902182743102
0.295785198968632,0.675980276018873
0.29554201783821,0.6762935186273
0.295167527954891,0.676057277222013
0.294952153824724,0.675493199814669
0.294800786114222,0.675914952562477
0.294577318937086,0.675925723896237
0.294122630293991,0.67626170389881
0.294004117511783,0.676342795657837
0.293906647937866,0.676010920499932
0.293816406293152,0.676515131680238
0.293595132553381,0.676663768474759
0.293259924782383,0.676604321031708
0.292997311301546,0.676506176044085
0.292620962026463,0.676609989670343
0.292382232997985,0.676644304048062
0.292181230629178,0.676764933832472
0.291811865024324,0.676537333021004
0.291633316782209,0.677035660711027
0.291340399580946,0.677134584584249
0.291160028164232,0.677082715817388
0.29098457293564,0.676966785773689
0.290674384512186,0.676563088474124
0.290444892108555,0.676623601700664
0.290343440578032,0.676852493701108
0.290278314285198,0.676497069885292
0.290161292771576,0.676226045933156
0.289874777271688,0.676293027191318
0.28964954899432,0.675952673146293
0.289132010127782,0.676026313000341
0.288823477764526,0.676498397321488
0.288644530928203,0.676847820224545
0.288455939952186,0.676502717038985
0.288192941893682,0.676814250757992
0.288052843198968,0.676685657411569
0.287776583228214,0.676708741820728
0.287611298524096,0.676556200360487
