"Value","Chl_a","Chl_a_modified","Var"
0,1.62451231619247,0.298089324323929,"ppt_week"
0.273141414141414,1.2660248921475,0.232308798718158,"ppt_week"
0.546282828282828,1.2660248921475,0.232308798718158,"ppt_week"
0.819424242424242,1.2660248921475,0.232308798718158,"ppt_week"
1.09256565656566,1.24385190430445,0.228240174000145,"ppt_week"
1.36570707070707,1.18072792645081,0.216657261565764,"ppt_week"
1.63884848484848,1.18072792645081,0.216657261565764,"ppt_week"
1.9119898989899,1.26688021274632,0.232465745474942,"ppt_week"
2.18513131313131,1.29970991467072,0.23848982024917,"ppt_week"
2.45827272727273,1.31743700821384,0.241742647133785,"ppt_week"
2.73141414141414,1.31743700821384,0.241742647133785,"ppt_week"
3.00455555555556,1.32855106106246,0.243782016408565,"ppt_week"
3.27769696969697,1.32855106106246,0.243782016408565,"ppt_week"
3.55083838383838,1.29222364079221,0.237116129018944,"ppt_week"
3.8239797979798,1.29252379361984,0.237171205458002,"ppt_week"
4.09712121212121,1.29252379361984,0.237171205458002,"ppt_week"
4.37026262626263,1.29252379361984,0.237171205458002,"ppt_week"
4.64340404040404,1.2290200765061,0.225518612899727,"ppt_week"
4.91654545454545,1.2290200765061,0.225518612899727,"ppt_week"
5.18968686868687,1.2309572604399,0.225874075794135,"ppt_week"
5.46282828282828,1.20290473740927,0.220726587805013,"ppt_week"
5.7359696969697,1.11304912960269,0.204238564198915,"ppt_week"
6.00911111111111,1.03436672725733,0.18980076405574,"ppt_week"
6.28225252525252,0.97911934817829,0.179663165383089,"ppt_week"
6.55539393939394,1.00675886684716,0.184734869280018,"ppt_week"
6.82853535353535,1.00675886684716,0.184734869280018,"ppt_week"
7.10167676767677,1.00675886684716,0.184734869280018,"ppt_week"
7.37481818181818,0.992657706232964,0.182147381701271,"ppt_week"
7.6479595959596,0.992657706232964,0.182147381701271,"ppt_week"
7.92110101010101,0.949537375930012,0.174235031639956,"ppt_week"
8.19424242424242,0.949537375930012,0.174235031639956,"ppt_week"
8.46738383838384,0.97235395287133,0.178421751516457,"ppt_week"
8.74052525252525,0.97235395287133,0.178421751516457,"ppt_week"
9.01366666666667,0.940692195009963,0.172611988233206,"ppt_week"
9.28680808080808,0.940692195009963,0.172611988233206,"ppt_week"
9.55994949494949,0.911042479380071,0.167171423941748,"ppt_week"
9.83309090909091,0.911042479380071,0.167171423941748,"ppt_week"
10.1062323232323,0.957814490478304,0.175753837904741,"ppt_week"
10.3793737373737,0.957814490478304,0.175753837904741,"ppt_week"
10.6525151515152,0.957814490478304,0.175753837904741,"ppt_week"
10.9256565656566,0.957814490478304,0.175753837904741,"ppt_week"
11.198797979798,0.957814490478304,0.175753837904741,"ppt_week"
11.4719393939394,0.957814490478304,0.175753837904741,"ppt_week"
11.7450808080808,0.957814490478304,0.175753837904741,"ppt_week"
12.0182222222222,0.982216596561151,0.180231493901443,"ppt_week"
12.2913636363636,0.982216596561151,0.180231493901443,"ppt_week"
12.564505050505,0.982082906074319,0.180206962411906,"ppt_week"
12.8376464646465,0.982082906074319,0.180206962411906,"ppt_week"
13.1107878787879,0.982082906074319,0.180206962411906,"ppt_week"
13.3839292929293,0.982082906074319,0.180206962411906,"ppt_week"
13.6570707070707,0.982082906074319,0.180206962411906,"ppt_week"
13.9302121212121,0.982082906074319,0.180206962411906,"ppt_week"
14.2033535353535,0.982082906074319,0.180206962411906,"ppt_week"
14.4764949494949,1.07129853599314,0.196577553497339,"ppt_week"
14.7496363636364,1.13765691128614,0.208753960568653,"ppt_week"
15.0227777777778,1.13765691128614,0.208753960568653,"ppt_week"
15.2959191919192,1.13765691128614,0.208753960568653,"ppt_week"
15.5690606060606,1.13765691128614,0.208753960568653,"ppt_week"
15.842202020202,1.13765691128614,0.208753960568653,"ppt_week"
16.1153434343434,1.19510565754509,0.21929549834888,"ppt_week"
16.3884848484848,1.19510565754509,0.21929549834888,"ppt_week"
16.6616262626263,1.19510565754509,0.21929549834888,"ppt_week"
16.9347676767677,1.19510565754509,0.21929549834888,"ppt_week"
17.2079090909091,1.19510565754509,0.21929549834888,"ppt_week"
17.4810505050505,1.22359450164407,0.224523048921188,"ppt_week"
17.7541919191919,1.22359450164407,0.224523048921188,"ppt_week"
18.0273333333333,1.26814128412516,0.232697145330453,"ppt_week"
18.3004747474747,1.34424562302953,0.246661884616205,"ppt_week"
18.5736161616162,1.52342700901925,0.279540710925314,"ppt_week"
18.8467575757576,1.52342700901925,0.279540710925314,"ppt_week"
19.119898989899,1.52342700901925,0.279540710925314,"ppt_week"
19.3930404040404,1.52342700901925,0.279540710925314,"ppt_week"
19.6661818181818,1.52342700901925,0.279540710925314,"ppt_week"
19.9393232323232,1.52342700901925,0.279540710925314,"ppt_week"
20.2124646464646,1.52342700901925,0.279540710925314,"ppt_week"
20.4856060606061,1.52342700901925,0.279540710925314,"ppt_week"
20.7587474747475,1.52342700901925,0.279540710925314,"ppt_week"
21.0318888888889,1.52342700901925,0.279540710925314,"ppt_week"
21.3050303030303,1.52342700901925,0.279540710925314,"ppt_week"
21.5781717171717,1.52342700901925,0.279540710925314,"ppt_week"
21.8513131313131,1.52342700901925,0.279540710925314,"ppt_week"
22.1244545454545,1.52342700901925,0.279540710925314,"ppt_week"
22.397595959596,1.52342700901925,0.279540710925314,"ppt_week"
22.6707373737374,1.52342700901925,0.279540710925314,"ppt_week"
22.9438787878788,1.52342700901925,0.279540710925314,"ppt_week"
23.2170202020202,1.52342700901925,0.279540710925314,"ppt_week"
23.4901616161616,1.52342700901925,0.279540710925314,"ppt_week"
23.763303030303,1.52342700901925,0.279540710925314,"ppt_week"
24.0364444444444,1.52342700901925,0.279540710925314,"ppt_week"
24.3095858585859,1.52342700901925,0.279540710925314,"ppt_week"
24.5827272727273,1.52342700901925,0.279540710925314,"ppt_week"
24.8558686868687,1.52342700901925,0.279540710925314,"ppt_week"
25.1290101010101,1.52342700901925,0.279540710925314,"ppt_week"
25.4021515151515,1.52342700901925,0.279540710925314,"ppt_week"
25.6752929292929,1.52342700901925,0.279540710925314,"ppt_week"
25.9484343434343,1.52342700901925,0.279540710925314,"ppt_week"
26.2215757575758,1.52342700901925,0.279540710925314,"ppt_week"
26.4947171717172,1.52342700901925,0.279540710925314,"ppt_week"
26.7678585858586,1.52342700901925,0.279540710925314,"ppt_week"
27.041,1.52342700901925,0.279540710925314,"ppt_week"
0.48,0.797044461806539,0.146253397224408,"lake_perc_area"
0.579090909090909,0.797044461806539,0.146253397224408,"lake_perc_area"
0.678181818181818,0.797044461806539,0.146253397224408,"lake_perc_area"
0.777272727272727,0.797044461806539,0.146253397224408,"lake_perc_area"
0.876363636363636,0.958769857832427,0.175929142706208,"lake_perc_area"
0.975454545454545,1.05320666435627,0.193257791782862,"lake_perc_area"
1.07454545454545,1.05320666435627,0.193257791782862,"lake_perc_area"
1.17363636363636,1.31727604643281,0.241713111507572,"lake_perc_area"
1.27272727272727,1.31727604643281,0.241713111507572,"lake_perc_area"
1.37181818181818,1.31727604643281,0.241713111507572,"lake_perc_area"
1.47090909090909,1.31727604643281,0.241713111507572,"lake_perc_area"
1.57,1.31727604643281,0.241713111507572,"lake_perc_area"
1.66909090909091,1.31727604643281,0.241713111507572,"lake_perc_area"
1.76818181818182,1.30044311240521,0.238624358113299,"lake_perc_area"
1.86727272727273,1.48041034066351,0.271647382277069,"lake_perc_area"
1.96636363636364,1.51722294636685,0.278402298599545,"lake_perc_area"
2.06545454545455,1.52126631599817,0.279144235308413,"lake_perc_area"
2.16454545454545,1.52126631599817,0.279144235308413,"lake_perc_area"
2.26363636363636,1.52126631599817,0.279144235308413,"lake_perc_area"
2.36272727272727,1.52126631599817,0.279144235308413,"lake_perc_area"
2.46181818181818,1.52126631599817,0.279144235308413,"lake_perc_area"
2.56090909090909,1.53974452645102,0.282534888130003,"lake_perc_area"
2.66,1.52553476007692,0.279927471974992,"lake_perc_area"
2.75909090909091,1.52553476007692,0.279927471974992,"lake_perc_area"
2.85818181818182,1.49630654967835,0.27456425163984,"lake_perc_area"
2.95727272727273,1.49630654967835,0.27456425163984,"lake_perc_area"
3.05636363636364,1.49630654967835,0.27456425163984,"lake_perc_area"
3.15545454545454,1.49630654967835,0.27456425163984,"lake_perc_area"
3.25454545454545,1.39549119627502,0.256065173314652,"lake_perc_area"
3.35363636363636,1.39549119627502,0.256065173314652,"lake_perc_area"
3.45272727272727,1.39549119627502,0.256065173314652,"lake_perc_area"
3.55181818181818,1.32012416127665,0.242235725353544,"lake_perc_area"
3.65090909090909,1.32012416127665,0.242235725353544,"lake_perc_area"
3.75,1.2970808771835,0.238007405926807,"lake_perc_area"
3.84909090909091,1.27323863536761,0.233632482029693,"lake_perc_area"
3.94818181818182,1.27323863536761,0.233632482029693,"lake_perc_area"
4.04727272727273,1.2298813187053,0.22567664623852,"lake_perc_area"
4.14636363636364,1.2298813187053,0.22567664623852,"lake_perc_area"
4.24545454545454,1.2298813187053,0.22567664623852,"lake_perc_area"
4.34454545454545,1.2298813187053,0.22567664623852,"lake_perc_area"
4.44363636363636,1.2298813187053,0.22567664623852,"lake_perc_area"
4.54272727272727,1.2298813187053,0.22567664623852,"lake_perc_area"
4.64181818181818,1.2298813187053,0.22567664623852,"lake_perc_area"
4.74090909090909,1.2298813187053,0.22567664623852,"lake_perc_area"
4.84,1.2298813187053,0.22567664623852,"lake_perc_area"
4.93909090909091,1.2298813187053,0.22567664623852,"lake_perc_area"
5.03818181818182,1.2298813187053,0.22567664623852,"lake_perc_area"
5.13727272727273,1.2298813187053,0.22567664623852,"lake_perc_area"
5.23636363636364,1.2298813187053,0.22567664623852,"lake_perc_area"
5.33545454545454,1.2298813187053,0.22567664623852,"lake_perc_area"
5.43454545454545,1.2298813187053,0.22567664623852,"lake_perc_area"
5.53363636363636,1.2298813187053,0.22567664623852,"lake_perc_area"
5.63272727272727,1.2298813187053,0.22567664623852,"lake_perc_area"
5.73181818181818,1.2298813187053,0.22567664623852,"lake_perc_area"
5.83090909090909,1.2298813187053,0.22567664623852,"lake_perc_area"
5.93,1.25743561056311,0.230732711471297,"lake_perc_area"
6.02909090909091,1.25743561056311,0.230732711471297,"lake_perc_area"
6.12818181818182,1.25743561056311,0.230732711471297,"lake_perc_area"
6.22727272727273,1.25743561056311,0.230732711471297,"lake_perc_area"
6.32636363636364,1.25743561056311,0.230732711471297,"lake_perc_area"
6.42545454545454,1.25743561056311,0.230732711471297,"lake_perc_area"
6.52454545454545,1.25743561056311,0.230732711471297,"lake_perc_area"
6.62363636363636,1.25743561056311,0.230732711471297,"lake_perc_area"
6.72272727272727,1.25743561056311,0.230732711471297,"lake_perc_area"
6.82181818181818,1.25743561056311,0.230732711471297,"lake_perc_area"
6.92090909090909,1.25743561056311,0.230732711471297,"lake_perc_area"
7.02,1.25743561056311,0.230732711471297,"lake_perc_area"
7.11909090909091,1.25743561056311,0.230732711471297,"lake_perc_area"
7.21818181818182,1.25743561056311,0.230732711471297,"lake_perc_area"
7.31727272727273,1.25743561056311,0.230732711471297,"lake_perc_area"
7.41636363636364,1.25743561056311,0.230732711471297,"lake_perc_area"
7.51545454545454,1.25743561056311,0.230732711471297,"lake_perc_area"
7.61454545454545,1.25743561056311,0.230732711471297,"lake_perc_area"
7.71363636363636,1.25743561056311,0.230732711471297,"lake_perc_area"
7.81272727272727,1.25743561056311,0.230732711471297,"lake_perc_area"
7.91181818181818,1.25743561056311,0.230732711471297,"lake_perc_area"
8.01090909090909,1.25743561056311,0.230732711471297,"lake_perc_area"
8.11,1.25743561056311,0.230732711471297,"lake_perc_area"
8.20909090909091,1.25743561056311,0.230732711471297,"lake_perc_area"
8.30818181818182,1.25743561056311,0.230732711471297,"lake_perc_area"
8.40727272727273,1.25743561056311,0.230732711471297,"lake_perc_area"
8.50636363636364,1.25743561056311,0.230732711471297,"lake_perc_area"
8.60545454545455,1.25743561056311,0.230732711471297,"lake_perc_area"
8.70454545454545,1.25743561056311,0.230732711471297,"lake_perc_area"
8.80363636363636,1.25743561056311,0.230732711471297,"lake_perc_area"
8.90272727272727,1.25743561056311,0.230732711471297,"lake_perc_area"
9.00181818181818,1.25743561056311,0.230732711471297,"lake_perc_area"
9.10090909090909,1.25743561056311,0.230732711471297,"lake_perc_area"
9.2,1.25743561056311,0.230732711471297,"lake_perc_area"
9.29909090909091,1.25743561056311,0.230732711471297,"lake_perc_area"
9.39818181818182,1.25743561056311,0.230732711471297,"lake_perc_area"
9.49727272727273,1.25743561056311,0.230732711471297,"lake_perc_area"
9.59636363636364,1.25743561056311,0.230732711471297,"lake_perc_area"
9.69545454545455,1.25743561056311,0.230732711471297,"lake_perc_area"
9.79454545454545,1.25743561056311,0.230732711471297,"lake_perc_area"
9.89363636363636,1.25743561056311,0.230732711471297,"lake_perc_area"
9.99272727272727,1.25743561056311,0.230732711471297,"lake_perc_area"
10.0918181818182,1.25743561056311,0.230732711471297,"lake_perc_area"
10.1909090909091,1.25743561056311,0.230732711471297,"lake_perc_area"
10.29,1.25743561056311,0.230732711471297,"lake_perc_area"
5.619,1.18731137696342,0.217865289535428,"tmean_day"
5.72810101010101,1.18731137696342,0.217865289535428,"tmean_day"
5.83720202020202,1.18731137696342,0.217865289535428,"tmean_day"
5.94630303030303,1.18731137696342,0.217865289535428,"tmean_day"
6.05540404040404,1.18731137696342,0.217865289535428,"tmean_day"
6.16450505050505,1.18731137696342,0.217865289535428,"tmean_day"
6.27360606060606,1.18731137696342,0.217865289535428,"tmean_day"
6.38270707070707,1.18731137696342,0.217865289535428,"tmean_day"
6.49180808080808,1.18731137696342,0.217865289535428,"tmean_day"
6.60090909090909,1.18731137696342,0.217865289535428,"tmean_day"
6.7100101010101,1.18731137696342,0.217865289535428,"tmean_day"
6.81911111111111,1.18731137696342,0.217865289535428,"tmean_day"
6.92821212121212,1.18731137696342,0.217865289535428,"tmean_day"
7.03731313131313,1.18731137696342,0.217865289535428,"tmean_day"
7.14641414141414,1.18731137696342,0.217865289535428,"tmean_day"
7.25551515151515,1.18731137696342,0.217865289535428,"tmean_day"
7.36461616161616,1.18731137696342,0.217865289535428,"tmean_day"
7.47371717171717,1.18731137696342,0.217865289535428,"tmean_day"
7.58281818181818,1.18731137696342,0.217865289535428,"tmean_day"
7.69191919191919,1.18731137696342,0.217865289535428,"tmean_day"
7.8010202020202,1.18731137696342,0.217865289535428,"tmean_day"
7.91012121212121,1.18731137696342,0.217865289535428,"tmean_day"
8.01922222222222,1.18731137696342,0.217865289535428,"tmean_day"
8.12832323232323,1.18731137696342,0.217865289535428,"tmean_day"
8.23742424242424,1.18731137696342,0.217865289535428,"tmean_day"
8.34652525252525,1.18731137696342,0.217865289535428,"tmean_day"
8.45562626262626,1.18731137696342,0.217865289535428,"tmean_day"
8.56472727272727,1.18731137696342,0.217865289535428,"tmean_day"
8.67382828282828,1.18731137696342,0.217865289535428,"tmean_day"
8.78292929292929,1.18731137696342,0.217865289535428,"tmean_day"
8.8920303030303,1.18731137696342,0.217865289535428,"tmean_day"
9.00113131313131,1.15682485439703,0.212271175645233,"tmean_day"
9.11023232323232,1.18751446041502,0.21790255426298,"tmean_day"
9.21933333333333,1.18751446041502,0.21790255426298,"tmean_day"
9.32843434343434,1.18751446041502,0.21790255426298,"tmean_day"
9.43753535353535,1.16962210473614,0.214619402660054,"tmean_day"
9.54663636363636,1.16962210473614,0.214619402660054,"tmean_day"
9.65573737373737,1.16962210473614,0.214619402660054,"tmean_day"
9.76483838383838,1.16962210473614,0.214619402660054,"tmean_day"
9.87393939393939,1.16962210473614,0.214619402660054,"tmean_day"
9.98304040404041,1.19516102739033,0.219305658419439,"tmean_day"
10.0921414141414,1.19516102739033,0.219305658419439,"tmean_day"
10.2012424242424,1.19516102739033,0.219305658419439,"tmean_day"
10.3103434343434,1.19516102739033,0.219305658419439,"tmean_day"
10.4194444444444,1.17443125478954,0.215501855982014,"tmean_day"
10.5285454545455,1.17443125478954,0.215501855982014,"tmean_day"
10.6376464646465,1.17443125478954,0.215501855982014,"tmean_day"
10.7467474747475,1.17443125478954,0.215501855982014,"tmean_day"
10.8558484848485,1.17443125478954,0.215501855982014,"tmean_day"
10.9649494949495,1.17443125478954,0.215501855982014,"tmean_day"
11.0740505050505,1.17443125478954,0.215501855982014,"tmean_day"
11.1831515151515,1.18461758351148,0.217370992839764,"tmean_day"
11.2922525252525,1.34551316560919,0.246894471902468,"tmean_day"
11.4013535353535,1.42911356726137,0.262234698623626,"tmean_day"
11.5104545454545,1.42911356726137,0.262234698623626,"tmean_day"
11.6195555555556,1.44994751194269,0.266057616080856,"tmean_day"
11.7286565656566,1.54853058503325,0.28414708290387,"tmean_day"
11.8377575757576,1.63382637411942,0.299798404154525,"tmean_day"
11.9468585858586,1.56852742785604,0.28781639664575,"tmean_day"
12.0559595959596,1.36702550732168,0.250841871587767,"tmean_day"
12.1650606060606,1.35211783321151,0.248106393094653,"tmean_day"
12.2741616161616,1.35211783321151,0.248106393094653,"tmean_day"
12.3832626262626,1.31768933670695,0.241788948063157,"tmean_day"
12.4923636363636,1.53294530211852,0.281287266818057,"tmean_day"
12.6014646464646,1.49610604328422,0.274527459788554,"tmean_day"
12.7105656565657,1.55072930208309,0.284550535726747,"tmean_day"
12.8196666666667,1.53646579777117,0.281933258947463,"tmean_day"
12.9287676767677,1.5014779193127,0.275513170318244,"tmean_day"
13.0378686868687,1.5014779193127,0.275513170318244,"tmean_day"
13.1469696969697,1.46383093436926,0.268605149866343,"tmean_day"
13.2560707070707,1.44456679303554,0.265070282930211,"tmean_day"
13.3651717171717,1.09102232628474,0.20019676355966,"tmean_day"
13.4742727272727,1.09102232628474,0.20019676355966,"tmean_day"
13.5833737373737,1.00730539880809,0.184835154972734,"tmean_day"
13.6924747474747,1.00730539880809,0.184835154972734,"tmean_day"
13.8015757575758,1.00730539880809,0.184835154972734,"tmean_day"
13.9106767676768,1.00730539880809,0.184835154972734,"tmean_day"
14.0197777777778,1.00730539880809,0.184835154972734,"tmean_day"
14.1288787878788,1.03100432642597,0.189183781480764,"tmean_day"
14.2379797979798,1.03100432642597,0.189183781480764,"tmean_day"
14.3470808080808,1.03100432642597,0.189183781480764,"tmean_day"
14.4561818181818,1.03100432642597,0.189183781480764,"tmean_day"
14.5652828282828,1.03100432642597,0.189183781480764,"tmean_day"
14.6743838383838,1.03100432642597,0.189183781480764,"tmean_day"
14.7834848484849,1.03100432642597,0.189183781480764,"tmean_day"
14.8925858585859,1.03100432642597,0.189183781480764,"tmean_day"
15.0016868686869,1.03100432642597,0.189183781480764,"tmean_day"
15.1107878787879,1.03100432642597,0.189183781480764,"tmean_day"
15.2198888888889,1.03100432642597,0.189183781480764,"tmean_day"
15.3289898989899,1.03100432642597,0.189183781480764,"tmean_day"
15.4380909090909,1.03100432642597,0.189183781480764,"tmean_day"
15.5471919191919,1.03100432642597,0.189183781480764,"tmean_day"
15.6562929292929,1.03100432642597,0.189183781480764,"tmean_day"
15.7653939393939,1.03100432642597,0.189183781480764,"tmean_day"
15.874494949495,1.03100432642597,0.189183781480764,"tmean_day"
15.983595959596,1.03100432642597,0.189183781480764,"tmean_day"
16.092696969697,1.03100432642597,0.189183781480764,"tmean_day"
16.201797979798,1.03100432642597,0.189183781480764,"tmean_day"
16.310898989899,1.03100432642597,0.189183781480764,"tmean_day"
16.42,1.03100432642597,0.189183781480764,"tmean_day"
2.403333,1.22356436813982,0.224517519584272,"tmean_month"
2.52528957575758,1.22356436813982,0.224517519584272,"tmean_month"
2.64724615151515,1.22356436813982,0.224517519584272,"tmean_month"
2.76920272727273,1.22356436813982,0.224517519584272,"tmean_month"
2.8911593030303,1.22356436813982,0.224517519584272,"tmean_month"
3.01311587878788,1.22356436813982,0.224517519584272,"tmean_month"
3.13507245454545,1.22356436813982,0.224517519584272,"tmean_month"
3.25702903030303,1.22356436813982,0.224517519584272,"tmean_month"
3.37898560606061,1.22356436813982,0.224517519584272,"tmean_month"
3.50094218181818,1.22356436813982,0.224517519584272,"tmean_month"
3.62289875757576,1.22356436813982,0.224517519584272,"tmean_month"
3.74485533333333,1.22356436813982,0.224517519584272,"tmean_month"
3.86681190909091,1.22356436813982,0.224517519584272,"tmean_month"
3.98876848484848,1.22356436813982,0.224517519584272,"tmean_month"
4.11072506060606,1.22356436813982,0.224517519584272,"tmean_month"
4.23268163636364,1.22356436813982,0.224517519584272,"tmean_month"
4.35463821212121,1.22356436813982,0.224517519584272,"tmean_month"
4.47659478787879,1.22356436813982,0.224517519584272,"tmean_month"
4.59855136363636,1.22356436813982,0.224517519584272,"tmean_month"
4.72050793939394,1.22356436813982,0.224517519584272,"tmean_month"
4.84246451515151,1.22356436813982,0.224517519584272,"tmean_month"
4.96442109090909,1.22356436813982,0.224517519584272,"tmean_month"
5.08637766666667,1.22356436813982,0.224517519584272,"tmean_month"
5.20833424242424,1.22356436813982,0.224517519584272,"tmean_month"
5.33029081818182,1.22356436813982,0.224517519584272,"tmean_month"
5.45224739393939,1.22356436813982,0.224517519584272,"tmean_month"
5.57420396969697,1.22356436813982,0.224517519584272,"tmean_month"
5.69616054545454,1.22356436813982,0.224517519584272,"tmean_month"
5.81811712121212,1.22356436813982,0.224517519584272,"tmean_month"
5.9400736969697,1.22356436813982,0.224517519584272,"tmean_month"
6.06203027272727,1.22356436813982,0.224517519584272,"tmean_month"
6.18398684848485,1.22356436813982,0.224517519584272,"tmean_month"
6.30594342424242,1.22356436813982,0.224517519584272,"tmean_month"
6.4279,1.22356436813982,0.224517519584272,"tmean_month"
6.54985657575758,1.22356436813982,0.224517519584272,"tmean_month"
6.67181315151515,1.22356436813982,0.224517519584272,"tmean_month"
6.79376972727273,1.22356436813982,0.224517519584272,"tmean_month"
6.9157263030303,1.22356436813982,0.224517519584272,"tmean_month"
7.03768287878788,1.22356436813982,0.224517519584272,"tmean_month"
7.15963945454545,1.22356436813982,0.224517519584272,"tmean_month"
7.28159603030303,1.22356436813982,0.224517519584272,"tmean_month"
7.40355260606061,1.22356436813982,0.224517519584272,"tmean_month"
7.52550918181818,1.22356436813982,0.224517519584272,"tmean_month"
7.64746575757576,1.22356436813982,0.224517519584272,"tmean_month"
7.76942233333333,1.22356436813982,0.224517519584272,"tmean_month"
7.89137890909091,1.22356436813982,0.224517519584272,"tmean_month"
8.01333548484848,1.22356436813982,0.224517519584272,"tmean_month"
8.13529206060606,1.22356436813982,0.224517519584272,"tmean_month"
8.25724863636364,1.22356436813982,0.224517519584272,"tmean_month"
8.37920521212121,1.22356436813982,0.224517519584272,"tmean_month"
8.50116178787879,1.22356436813982,0.224517519584272,"tmean_month"
8.62311836363636,1.22356436813982,0.224517519584272,"tmean_month"
8.74507493939394,1.22356436813982,0.224517519584272,"tmean_month"
8.86703151515152,1.22356436813982,0.224517519584272,"tmean_month"
8.98898809090909,1.22356436813982,0.224517519584272,"tmean_month"
9.11094466666666,1.40422359529131,0.257667521845068,"tmean_month"
9.23290124242424,1.46687098196589,0.269162982346257,"tmean_month"
9.35485781818182,1.50055520999527,0.275343858091899,"tmean_month"
9.47681439393939,1.5170984497154,0.278379454129644,"tmean_month"
9.59877096969697,1.5170984497154,0.278379454129644,"tmean_month"
9.72072754545454,1.5407677387823,0.282722642122036,"tmean_month"
9.84268412121212,1.5407677387823,0.282722642122036,"tmean_month"
9.9646406969697,1.29460284283612,0.237552699873243,"tmean_month"
10.0865972727273,1.29460284283612,0.237552699873243,"tmean_month"
10.2085538484848,1.28132490966999,0.235116270129709,"tmean_month"
10.3305104242424,1.28132490966999,0.235116270129709,"tmean_month"
10.452467,1.13010159214311,0.207367599901547,"tmean_month"
10.5744235757576,1.23376958497662,0.226390122310111,"tmean_month"
10.6963801515152,1.07798616233334,0.197804697174372,"tmean_month"
10.8183367272727,0.897726444511366,0.164728002739507,"tmean_month"
10.9402933030303,1.13815713387962,0.208845748740042,"tmean_month"
11.0622498787879,1.2200159300696,0.22386640017064,"tmean_month"
11.1842064545455,1.2200159300696,0.22386640017064,"tmean_month"
11.306163030303,1.32729062213413,0.24355073260434,"tmean_month"
11.4281196060606,1.33475923203481,0.244921182589078,"tmean_month"
11.5500761818182,1.3605303274419,0.249650040807274,"tmean_month"
11.6720327575758,1.37480426391593,0.252269231832528,"tmean_month"
11.7939893333333,1.28722830659069,0.236199511901264,"tmean_month"
11.9159459090909,1.31059580500679,0.240487322922803,"tmean_month"
12.0379024848485,1.32535484075053,0.243195527070395,"tmean_month"
12.1598590606061,1.32535484075053,0.243195527070395,"tmean_month"
12.2818156363636,1.29980376294945,0.238507040906544,"tmean_month"
12.4037722121212,1.29980376294945,0.238507040906544,"tmean_month"
12.5257287878788,1.26172744368177,0.231520239901645,"tmean_month"
12.6476853636364,1.26172744368177,0.231520239901645,"tmean_month"
12.7696419393939,1.26172744368177,0.231520239901645,"tmean_month"
12.8915985151515,1.26172744368177,0.231520239901645,"tmean_month"
13.0135550909091,1.26172744368177,0.231520239901645,"tmean_month"
13.1355116666667,1.26172744368177,0.231520239901645,"tmean_month"
13.2574682424242,1.26172744368177,0.231520239901645,"tmean_month"
13.3794248181818,1.26172744368177,0.231520239901645,"tmean_month"
13.5013813939394,1.26172744368177,0.231520239901645,"tmean_month"
13.623337969697,1.26172744368177,0.231520239901645,"tmean_month"
13.7452945454545,1.26172744368177,0.231520239901645,"tmean_month"
13.8672511212121,1.26172744368177,0.231520239901645,"tmean_month"
13.9892076969697,1.26172744368177,0.231520239901645,"tmean_month"
14.1111642727273,1.26172744368177,0.231520239901645,"tmean_month"
14.2331208484848,1.26172744368177,0.231520239901645,"tmean_month"
14.3550774242424,1.26172744368177,0.231520239901645,"tmean_month"
14.477034,1.26172744368177,0.231520239901645,"tmean_month"
1.8,1.04851441840514,0.192396789738622,"max_depth_m"
2.20606060606061,1.04851441840514,0.192396789738622,"max_depth_m"
2.61212121212121,1.04851441840514,0.192396789738622,"max_depth_m"
3.01818181818182,1.04851441840514,0.192396789738622,"max_depth_m"
3.42424242424242,1.04851441840514,0.192396789738622,"max_depth_m"
3.83030303030303,1.1316254939231,0.207647227730408,"max_depth_m"
4.23636363636364,1.1316254939231,0.207647227730408,"max_depth_m"
4.64242424242424,1.11918539715962,0.205364536487141,"max_depth_m"
5.04848484848485,1.11918539715962,0.205364536487141,"max_depth_m"
5.45454545454546,1.11918539715962,0.205364536487141,"max_depth_m"
5.86060606060606,1.11918539715962,0.205364536487141,"max_depth_m"
6.26666666666667,1.14698206701056,0.210465076785747,"max_depth_m"
6.67272727272727,1.14698206701056,0.210465076785747,"max_depth_m"
7.07878787878788,1.14698206701056,0.210465076785747,"max_depth_m"
7.48484848484848,1.3584514264683,0.249268573593773,"max_depth_m"
7.89090909090909,1.31120421783755,0.240598963424277,"max_depth_m"
8.2969696969697,1.22734185299455,0.225210667858228,"max_depth_m"
8.7030303030303,1.28920956678783,0.236563062554336,"max_depth_m"
9.10909090909091,1.35480259926955,0.248599033311801,"max_depth_m"
9.51515151515152,1.32613597968293,0.243338861888013,"max_depth_m"
9.92121212121212,1.23082575143057,0.225849944594056,"max_depth_m"
10.3272727272727,1.20583129053044,0.221263594655495,"max_depth_m"
10.7333333333333,1.14860063604775,0.210762075550152,"max_depth_m"
11.1393939393939,1.14860063604775,0.210762075550152,"max_depth_m"
11.5454545454545,1.14860063604775,0.210762075550152,"max_depth_m"
11.9515151515152,1.14860063604775,0.210762075550152,"max_depth_m"
12.3575757575758,1.31475049968845,0.241249687183193,"max_depth_m"
12.7636363636364,1.31475049968845,0.241249687183193,"max_depth_m"
13.169696969697,1.31475049968845,0.241249687183193,"max_depth_m"
13.5757575757576,1.33205518118028,0.244425003714884,"max_depth_m"
13.9818181818182,1.33205518118028,0.244425003714884,"max_depth_m"
14.3878787878788,1.40749442433398,0.258267701486422,"max_depth_m"
14.7939393939394,1.40749442433398,0.258267701486422,"max_depth_m"
15.2,1.40749442433398,0.258267701486422,"max_depth_m"
15.6060606060606,1.50975386622804,0.277031762328624,"max_depth_m"
16.0121212121212,1.50975386622804,0.277031762328624,"max_depth_m"
16.4181818181818,1.44635640611609,0.265398667362058,"max_depth_m"
16.8242424242424,1.44635640611609,0.265398667362058,"max_depth_m"
17.230303030303,1.44635640611609,0.265398667362058,"max_depth_m"
17.6363636363636,1.44635640611609,0.265398667362058,"max_depth_m"
18.0424242424242,1.36571530683754,0.250601456804108,"max_depth_m"
18.4484848484848,1.36571530683754,0.250601456804108,"max_depth_m"
18.8545454545455,1.36571530683754,0.250601456804108,"max_depth_m"
19.2606060606061,1.36571530683754,0.250601456804108,"max_depth_m"
19.6666666666667,1.40105456454869,0.257086021647492,"max_depth_m"
20.0727272727273,1.40105456454869,0.257086021647492,"max_depth_m"
20.4787878787879,1.40105456454869,0.257086021647492,"max_depth_m"
20.8848484848485,1.40105456454869,0.257086021647492,"max_depth_m"
21.2909090909091,1.40105456454869,0.257086021647492,"max_depth_m"
21.6969696969697,1.40105456454869,0.257086021647492,"max_depth_m"
22.1030303030303,1.40105456454869,0.257086021647492,"max_depth_m"
22.5090909090909,1.40105456454869,0.257086021647492,"max_depth_m"
22.9151515151515,1.40105456454869,0.257086021647492,"max_depth_m"
23.3212121212121,1.40105456454869,0.257086021647492,"max_depth_m"
23.7272727272727,1.40105456454869,0.257086021647492,"max_depth_m"
24.1333333333333,1.40105456454869,0.257086021647492,"max_depth_m"
24.5393939393939,1.40105456454869,0.257086021647492,"max_depth_m"
24.9454545454545,1.40105456454869,0.257086021647492,"max_depth_m"
25.3515151515152,1.40105456454869,0.257086021647492,"max_depth_m"
25.7575757575758,1.40105456454869,0.257086021647492,"max_depth_m"
26.1636363636364,1.40105456454869,0.257086021647492,"max_depth_m"
26.569696969697,1.40105456454869,0.257086021647492,"max_depth_m"
26.9757575757576,1.40105456454869,0.257086021647492,"max_depth_m"
27.3818181818182,1.40105456454869,0.257086021647492,"max_depth_m"
27.7878787878788,1.40105456454869,0.257086021647492,"max_depth_m"
28.1939393939394,1.40105456454869,0.257086021647492,"max_depth_m"
28.6,1.40105456454869,0.257086021647492,"max_depth_m"
29.0060606060606,1.40105456454869,0.257086021647492,"max_depth_m"
29.4121212121212,1.40105456454869,0.257086021647492,"max_depth_m"
29.8181818181818,1.40105456454869,0.257086021647492,"max_depth_m"
30.2242424242424,1.40105456454869,0.257086021647492,"max_depth_m"
30.630303030303,1.40105456454869,0.257086021647492,"max_depth_m"
31.0363636363636,1.40105456454869,0.257086021647492,"max_depth_m"
31.4424242424242,1.40105456454869,0.257086021647492,"max_depth_m"
31.8484848484849,1.40105456454869,0.257086021647492,"max_depth_m"
32.2545454545455,1.40105456454869,0.257086021647492,"max_depth_m"
32.6606060606061,1.40105456454869,0.257086021647492,"max_depth_m"
33.0666666666667,1.40105456454869,0.257086021647492,"max_depth_m"
33.4727272727273,1.40105456454869,0.257086021647492,"max_depth_m"
33.8787878787879,1.40105456454869,0.257086021647492,"max_depth_m"
34.2848484848485,1.40105456454869,0.257086021647492,"max_depth_m"
34.6909090909091,1.40105456454869,0.257086021647492,"max_depth_m"
35.0969696969697,1.40105456454869,0.257086021647492,"max_depth_m"
35.5030303030303,1.40105456454869,0.257086021647492,"max_depth_m"
35.9090909090909,1.40105456454869,0.257086021647492,"max_depth_m"
36.3151515151515,1.40105456454869,0.257086021647492,"max_depth_m"
36.7212121212121,1.40105456454869,0.257086021647492,"max_depth_m"
37.1272727272727,1.40105456454869,0.257086021647492,"max_depth_m"
37.5333333333333,1.40105456454869,0.257086021647492,"max_depth_m"
37.9393939393939,1.40105456454869,0.257086021647492,"max_depth_m"
38.3454545454545,1.40105456454869,0.257086021647492,"max_depth_m"
38.7515151515152,1.40105456454869,0.257086021647492,"max_depth_m"
39.1575757575758,1.40105456454869,0.257086021647492,"max_depth_m"
39.5636363636364,1.40105456454869,0.257086021647492,"max_depth_m"
39.969696969697,1.40105456454869,0.257086021647492,"max_depth_m"
40.3757575757576,1.40105456454869,0.257086021647492,"max_depth_m"
40.7818181818182,1.40105456454869,0.257086021647492,"max_depth_m"
41.1878787878788,1.40105456454869,0.257086021647492,"max_depth_m"
41.5939393939394,1.40105456454869,0.257086021647492,"max_depth_m"
42,1.40105456454869,0.257086021647492,"max_depth_m"
0.23120234,1.07316133452055,0.196919367067388,"ppt_percent_normal"
0.241233064848485,1.07316133452055,0.196919367067388,"ppt_percent_normal"
0.25126378969697,1.07316133452055,0.196919367067388,"ppt_percent_normal"
0.261294514545455,1.07316133452055,0.196919367067388,"ppt_percent_normal"
0.271325239393939,1.07316133452055,0.196919367067388,"ppt_percent_normal"
0.281355964242424,1.1066330330828,0.203061244792131,"ppt_percent_normal"
0.291386689090909,1.1066330330828,0.203061244792131,"ppt_percent_normal"
0.301417413939394,1.19950743150568,0.220103200335907,"ppt_percent_normal"
0.311448138787879,1.19950743150568,0.220103200335907,"ppt_percent_normal"
0.321478863636364,1.14977504104216,0.210977572587494,"ppt_percent_normal"
0.331509588484848,1.14977504104216,0.210977572587494,"ppt_percent_normal"
0.341540313333333,1.14977504104216,0.210977572587494,"ppt_percent_normal"
0.351571038181818,1.14977504104216,0.210977572587494,"ppt_percent_normal"
0.361601763030303,1.14977504104216,0.210977572587494,"ppt_percent_normal"
0.371632487878788,1.15824784572242,0.212532286945207,"ppt_percent_normal"
0.381663212727273,1.14124288557017,0.209411967676826,"ppt_percent_normal"
0.391693937575758,1.12560469809297,0.206542443886661,"ppt_percent_normal"
0.401724662424242,1.14750489161363,0.210561012305052,"ppt_percent_normal"
0.411755387272727,1.19771734598827,0.219774729214421,"ppt_percent_normal"
0.421786112121212,1.21874678823215,0.223633519429125,"ppt_percent_normal"
0.431816836969697,1.26295797610657,0.231746036022371,"ppt_percent_normal"
0.441847561818182,1.26295797610657,0.231746036022371,"ppt_percent_normal"
0.451878286666667,1.41347606310299,0.259365300218813,"ppt_percent_normal"
0.461909011515152,1.41519435417063,0.259680597442624,"ppt_percent_normal"
0.471939736363636,1.53345790108417,0.281381325987566,"ppt_percent_normal"
0.481970461212121,1.53345790108417,0.281381325987566,"ppt_percent_normal"
0.492001186060606,1.53345790108417,0.281381325987566,"ppt_percent_normal"
0.502031910909091,1.53345790108417,0.281381325987566,"ppt_percent_normal"
0.512062635757576,1.53345790108417,0.281381325987566,"ppt_percent_normal"
0.522093360606061,1.53345790108417,0.281381325987566,"ppt_percent_normal"
0.532124085454545,1.53345790108417,0.281381325987566,"ppt_percent_normal"
0.54215481030303,1.55586072906874,0.285492125142675,"ppt_percent_normal"
0.552185535151515,1.55586072906874,0.285492125142675,"ppt_percent_normal"
0.56221626,1.55586072906874,0.285492125142675,"ppt_percent_normal"
0.572246984848485,1.55586072906874,0.285492125142675,"ppt_percent_normal"
0.58227770969697,1.55586072906874,0.285492125142675,"ppt_percent_normal"
0.592308434545455,1.55586072906874,0.285492125142675,"ppt_percent_normal"
0.602339159393939,1.55586072906874,0.285492125142675,"ppt_percent_normal"
0.612369884242424,1.55586072906874,0.285492125142675,"ppt_percent_normal"
0.622400609090909,1.55586072906874,0.285492125142675,"ppt_percent_normal"
0.632431333939394,1.55586072906874,0.285492125142675,"ppt_percent_normal"
0.642462058787879,1.55586072906874,0.285492125142675,"ppt_percent_normal"
0.652492783636364,1.55586072906874,0.285492125142675,"ppt_percent_normal"
0.662523508484848,1.55586072906874,0.285492125142675,"ppt_percent_normal"
0.672554233333333,1.55586072906874,0.285492125142675,"ppt_percent_normal"
0.682584958181818,1.55586072906874,0.285492125142675,"ppt_percent_normal"
0.692615683030303,1.55586072906874,0.285492125142675,"ppt_percent_normal"
0.702646407878788,1.55586072906874,0.285492125142675,"ppt_percent_normal"
0.712677132727273,1.55586072906874,0.285492125142675,"ppt_percent_normal"
0.722707857575758,1.55586072906874,0.285492125142675,"ppt_percent_normal"
0.732738582424243,1.55586072906874,0.285492125142675,"ppt_percent_normal"
0.742769307272727,1.55586072906874,0.285492125142675,"ppt_percent_normal"
0.752800032121212,1.55586072906874,0.285492125142675,"ppt_percent_normal"
0.762830756969697,1.55586072906874,0.285492125142675,"ppt_percent_normal"
0.772861481818182,1.55586072906874,0.285492125142675,"ppt_percent_normal"
0.782892206666667,1.55586072906874,0.285492125142675,"ppt_percent_normal"
0.792922931515152,1.55586072906874,0.285492125142675,"ppt_percent_normal"
0.802953656363636,1.55586072906874,0.285492125142675,"ppt_percent_normal"
0.812984381212121,1.55586072906874,0.285492125142675,"ppt_percent_normal"
0.823015106060606,1.55586072906874,0.285492125142675,"ppt_percent_normal"
0.833045830909091,1.55586072906874,0.285492125142675,"ppt_percent_normal"
0.843076555757576,1.55586072906874,0.285492125142675,"ppt_percent_normal"
0.853107280606061,1.55586072906874,0.285492125142675,"ppt_percent_normal"
0.863138005454545,1.55586072906874,0.285492125142675,"ppt_percent_normal"
0.87316873030303,1.55586072906874,0.285492125142675,"ppt_percent_normal"
0.883199455151515,1.55586072906874,0.285492125142675,"ppt_percent_normal"
0.89323018,1.55586072906874,0.285492125142675,"ppt_percent_normal"
0.903260904848485,1.55586072906874,0.285492125142675,"ppt_percent_normal"
0.91329162969697,1.55586072906874,0.285492125142675,"ppt_percent_normal"
0.923322354545455,1.55586072906874,0.285492125142675,"ppt_percent_normal"
0.933353079393939,1.55586072906874,0.285492125142675,"ppt_percent_normal"
0.943383804242424,1.55586072906874,0.285492125142675,"ppt_percent_normal"
0.953414529090909,1.46189365572531,0.268249669593127,"ppt_percent_normal"
0.963445253939394,1.46189365572531,0.268249669593127,"ppt_percent_normal"
0.973475978787879,1.46189365572531,0.268249669593127,"ppt_percent_normal"
0.983506703636364,1.46189365572531,0.268249669593127,"ppt_percent_normal"
0.993537428484848,1.46189365572531,0.268249669593127,"ppt_percent_normal"
1.00356815333333,1.46189365572531,0.268249669593127,"ppt_percent_normal"
1.01359887818182,1.46189365572531,0.268249669593127,"ppt_percent_normal"
1.0236296030303,1.46189365572531,0.268249669593127,"ppt_percent_normal"
1.03366032787879,1.30747755900094,0.239915141452897,"ppt_percent_normal"
1.04369105272727,1.19067524032893,0.218482540477601,"ppt_percent_normal"
1.05372177757576,1.21331490976316,0.222636798772413,"ppt_percent_normal"
1.06375250242424,1.21331490976316,0.222636798772413,"ppt_percent_normal"
1.07378322727273,1.21331490976316,0.222636798772413,"ppt_percent_normal"
1.08381395212121,1.21113374046313,0.222236565867805,"ppt_percent_normal"
1.0938446769697,1.21113374046313,0.222236565867805,"ppt_percent_normal"
1.10387540181818,1.21113374046313,0.222236565867805,"ppt_percent_normal"
1.11390612666667,1.21113374046313,0.222236565867805,"ppt_percent_normal"
1.12393685151515,1.21113374046313,0.222236565867805,"ppt_percent_normal"
1.13396757636364,1.21113374046313,0.222236565867805,"ppt_percent_normal"
1.14399830121212,1.21113374046313,0.222236565867805,"ppt_percent_normal"
1.15402902606061,1.21113374046313,0.222236565867805,"ppt_percent_normal"
1.16405975090909,1.21113374046313,0.222236565867805,"ppt_percent_normal"
1.17409047575758,1.21113374046313,0.222236565867805,"ppt_percent_normal"
1.18412120060606,1.21113374046313,0.222236565867805,"ppt_percent_normal"
1.19415192545455,1.21113374046313,0.222236565867805,"ppt_percent_normal"
1.20418265030303,1.21113374046313,0.222236565867805,"ppt_percent_normal"
1.21421337515152,1.21113374046313,0.222236565867805,"ppt_percent_normal"
1.2242441,1.21113374046313,0.222236565867805,"ppt_percent_normal"
152,1.09239398128843,0.200448454919079,"Ordinal_date"
153.151515151515,1.09239398128843,0.200448454919079,"Ordinal_date"
154.30303030303,1.09239398128843,0.200448454919079,"Ordinal_date"
155.454545454545,1.09239398128843,0.200448454919079,"Ordinal_date"
156.606060606061,1.09239398128843,0.200448454919079,"Ordinal_date"
157.757575757576,1.09239398128843,0.200448454919079,"Ordinal_date"
158.909090909091,1.09239398128843,0.200448454919079,"Ordinal_date"
160.060606060606,1.09239398128843,0.200448454919079,"Ordinal_date"
161.212121212121,1.09239398128843,0.200448454919079,"Ordinal_date"
162.363636363636,1.09239398128843,0.200448454919079,"Ordinal_date"
163.515151515152,1.09239398128843,0.200448454919079,"Ordinal_date"
164.666666666667,1.09239398128843,0.200448454919079,"Ordinal_date"
165.818181818182,1.09239398128843,0.200448454919079,"Ordinal_date"
166.969696969697,1.09239398128843,0.200448454919079,"Ordinal_date"
168.121212121212,1.09239398128843,0.200448454919079,"Ordinal_date"
169.272727272727,1.09239398128843,0.200448454919079,"Ordinal_date"
170.424242424242,1.09239398128843,0.200448454919079,"Ordinal_date"
171.575757575758,1.09239398128843,0.200448454919079,"Ordinal_date"
172.727272727273,1.09239398128843,0.200448454919079,"Ordinal_date"
173.878787878788,1.09239398128843,0.200448454919079,"Ordinal_date"
175.030303030303,1.09239398128843,0.200448454919079,"Ordinal_date"
176.181818181818,1.09239398128843,0.200448454919079,"Ordinal_date"
177.333333333333,1.09239398128843,0.200448454919079,"Ordinal_date"
178.484848484848,1.09239398128843,0.200448454919079,"Ordinal_date"
179.636363636364,1.119005429861,0.205331513450068,"Ordinal_date"
180.787878787879,1.119005429861,0.205331513450068,"Ordinal_date"
181.939393939394,1.119005429861,0.205331513450068,"Ordinal_date"
183.090909090909,1.119005429861,0.205331513450068,"Ordinal_date"
184.242424242424,1.119005429861,0.205331513450068,"Ordinal_date"
185.393939393939,1.11105498755969,0.203872649796002,"Ordinal_date"
186.545454545455,1.11105498755969,0.203872649796002,"Ordinal_date"
187.69696969697,1.06120323273185,0.194725119324936,"Ordinal_date"
188.848484848485,1.06120323273185,0.194725119324936,"Ordinal_date"
190,1.00027903783721,0.183545855302065,"Ordinal_date"
191.151515151515,1.02446644079087,0.187984114422504,"Ordinal_date"
192.30303030303,1.04602694979561,0.191940352548396,"Ordinal_date"
193.454545454545,1.06609360863179,0.19562247715545,"Ordinal_date"
194.606060606061,1.16276054283412,0.213360342737397,"Ordinal_date"
195.757575757576,1.19380558214744,0.219056941464459,"Ordinal_date"
196.909090909091,1.1511157048911,0.211223577235716,"Ordinal_date"
198.060606060606,1.1511157048911,0.211223577235716,"Ordinal_date"
199.212121212121,1.1511157048911,0.211223577235716,"Ordinal_date"
200.363636363636,1.1511157048911,0.211223577235716,"Ordinal_date"
201.515151515152,1.17578301163525,0.215749896135832,"Ordinal_date"
202.666666666667,1.25476928029234,0.230243454122542,"Ordinal_date"
203.818181818182,1.24237626054449,0.22796940125994,"Ordinal_date"
204.969696969697,1.24237626054449,0.22796940125994,"Ordinal_date"
206.121212121212,1.26710842615254,0.232507621414805,"Ordinal_date"
207.272727272727,1.26710842615254,0.232507621414805,"Ordinal_date"
208.424242424242,1.5126358112363,0.277560583828892,"Ordinal_date"
209.575757575758,1.5126358112363,0.277560583828892,"Ordinal_date"
210.727272727273,1.55548203639225,0.285422637061276,"Ordinal_date"
211.878787878788,1.55548203639225,0.285422637061276,"Ordinal_date"
213.030303030303,1.55717729023685,0.285733707077832,"Ordinal_date"
214.181818181818,1.55717729023685,0.285733707077832,"Ordinal_date"
215.333333333333,1.44755379218023,0.265618381302825,"Ordinal_date"
216.484848484848,1.44755379218023,0.265618381302825,"Ordinal_date"
217.636363636364,1.33260002793754,0.244524980181736,"Ordinal_date"
218.787878787879,1.33260002793754,0.244524980181736,"Ordinal_date"
219.939393939394,1.33326320869601,0.24464667030512,"Ordinal_date"
221.090909090909,1.33326320869601,0.24464667030512,"Ordinal_date"
222.242424242424,1.31033790903068,0.240440000390066,"Ordinal_date"
223.393939393939,1.31033790903068,0.240440000390066,"Ordinal_date"
224.545454545455,1.40212925441899,0.257283221492703,"Ordinal_date"
225.69696969697,1.40212925441899,0.257283221492703,"Ordinal_date"
226.848484848485,1.32839847120607,0.243754016985761,"Ordinal_date"
228,1.32839847120607,0.243754016985761,"Ordinal_date"
229.151515151515,1.35199961921051,0.248084701457518,"Ordinal_date"
230.30303030303,1.35199961921051,0.248084701457518,"Ordinal_date"
231.454545454545,1.35199961921051,0.248084701457518,"Ordinal_date"
232.606060606061,1.35199961921051,0.248084701457518,"Ordinal_date"
233.757575757576,1.35199961921051,0.248084701457518,"Ordinal_date"
234.909090909091,1.35199961921051,0.248084701457518,"Ordinal_date"
236.060606060606,1.35199961921051,0.248084701457518,"Ordinal_date"
237.212121212121,1.35199961921051,0.248084701457518,"Ordinal_date"
238.363636363636,1.35199961921051,0.248084701457518,"Ordinal_date"
239.515151515152,1.35199961921051,0.248084701457518,"Ordinal_date"
240.666666666667,1.35199961921051,0.248084701457518,"Ordinal_date"
241.818181818182,1.35199961921051,0.248084701457518,"Ordinal_date"
242.969696969697,1.35199961921051,0.248084701457518,"Ordinal_date"
244.121212121212,1.35199961921051,0.248084701457518,"Ordinal_date"
245.272727272727,1.35199961921051,0.248084701457518,"Ordinal_date"
246.424242424242,1.35199961921051,0.248084701457518,"Ordinal_date"
247.575757575758,1.35199961921051,0.248084701457518,"Ordinal_date"
248.727272727273,1.35199961921051,0.248084701457518,"Ordinal_date"
249.878787878788,1.35199961921051,0.248084701457518,"Ordinal_date"
251.030303030303,1.35199961921051,0.248084701457518,"Ordinal_date"
252.181818181818,1.35199961921051,0.248084701457518,"Ordinal_date"
253.333333333333,1.35199961921051,0.248084701457518,"Ordinal_date"
254.484848484848,1.35199961921051,0.248084701457518,"Ordinal_date"
255.636363636364,1.35199961921051,0.248084701457518,"Ordinal_date"
256.787878787879,1.35199961921051,0.248084701457518,"Ordinal_date"
257.939393939394,1.35199961921051,0.248084701457518,"Ordinal_date"
259.090909090909,1.35199961921051,0.248084701457518,"Ordinal_date"
260.242424242424,1.35199961921051,0.248084701457518,"Ordinal_date"
261.393939393939,1.35199961921051,0.248084701457518,"Ordinal_date"
262.545454545455,1.35199961921051,0.248084701457518,"Ordinal_date"
263.69696969697,1.35199961921051,0.248084701457518,"Ordinal_date"
264.848484848485,1.35199961921051,0.248084701457518,"Ordinal_date"
266,1.35199961921051,0.248084701457518,"Ordinal_date"
-0.035897436,1.2092399349296,0.221889062677915,"snow1992to2011"
-0.0355348356363636,1.2092399349296,0.221889062677915,"snow1992to2011"
-0.0351722352727273,1.2092399349296,0.221889062677915,"snow1992to2011"
-0.0348096349090909,1.2092399349296,0.221889062677915,"snow1992to2011"
-0.0344470345454545,1.2092399349296,0.221889062677915,"snow1992to2011"
-0.0340844341818182,1.2092399349296,0.221889062677915,"snow1992to2011"
-0.0337218338181818,1.2092399349296,0.221889062677915,"snow1992to2011"
-0.0333592334545455,1.2092399349296,0.221889062677915,"snow1992to2011"
-0.0329966330909091,1.2092399349296,0.221889062677915,"snow1992to2011"
-0.0326340327272727,1.2092399349296,0.221889062677915,"snow1992to2011"
-0.0322714323636364,1.2092399349296,0.221889062677915,"snow1992to2011"
-0.031908832,1.2092399349296,0.221889062677915,"snow1992to2011"
-0.0315462316363636,1.2092399349296,0.221889062677915,"snow1992to2011"
-0.0311836312727273,1.2092399349296,0.221889062677915,"snow1992to2011"
-0.0308210309090909,1.2092399349296,0.221889062677915,"snow1992to2011"
-0.0304584305454545,1.2092399349296,0.221889062677915,"snow1992to2011"
-0.0300958301818182,1.2092399349296,0.221889062677915,"snow1992to2011"
-0.0297332298181818,1.2092399349296,0.221889062677915,"snow1992to2011"
-0.0293706294545455,1.2092399349296,0.221889062677915,"snow1992to2011"
-0.0290080290909091,1.2092399349296,0.221889062677915,"snow1992to2011"
-0.0286454287272727,1.2092399349296,0.221889062677915,"snow1992to2011"
-0.0282828283636364,1.2092399349296,0.221889062677915,"snow1992to2011"
-0.027920228,1.2092399349296,0.221889062677915,"snow1992to2011"
-0.0275576276363636,1.2092399349296,0.221889062677915,"snow1992to2011"
-0.0271950272727273,1.2092399349296,0.221889062677915,"snow1992to2011"
-0.0268324269090909,1.2092399349296,0.221889062677915,"snow1992to2011"
-0.0264698265454545,1.2092399349296,0.221889062677915,"snow1992to2011"
-0.0261072261818182,1.2092399349296,0.221889062677915,"snow1992to2011"
-0.0257446258181818,1.2092399349296,0.221889062677915,"snow1992to2011"
-0.0253820254545455,1.2092399349296,0.221889062677915,"snow1992to2011"
-0.0250194250909091,1.2092399349296,0.221889062677915,"snow1992to2011"
-0.0246568247272727,1.2092399349296,0.221889062677915,"snow1992to2011"
-0.0242942243636364,1.2092399349296,0.221889062677915,"snow1992to2011"
-0.023931624,1.2092399349296,0.221889062677915,"snow1992to2011"
-0.0235690236363636,1.2092399349296,0.221889062677915,"snow1992to2011"
-0.0232064232727273,1.2092399349296,0.221889062677915,"snow1992to2011"
-0.0228438229090909,1.23556244926239,0.226719103320734,"snow1992to2011"
-0.0224812225454545,1.23556244926239,0.226719103320734,"snow1992to2011"
-0.0221186221818182,1.23556244926239,0.226719103320734,"snow1992to2011"
-0.0217560218181818,1.23556244926239,0.226719103320734,"snow1992to2011"
-0.0213934214545455,1.23556244926239,0.226719103320734,"snow1992to2011"
-0.0210308210909091,1.18742126255183,0.21788545295338,"snow1992to2011"
-0.0206682207272727,1.18742126255183,0.21788545295338,"snow1992to2011"
-0.0203056203636364,1.18742126255183,0.21788545295338,"snow1992to2011"
-0.01994302,1.18742126255183,0.21788545295338,"snow1992to2011"
-0.0195804196363636,1.20860253754445,0.221772103665681,"snow1992to2011"
-0.0192178192727273,1.20860253754445,0.221772103665681,"snow1992to2011"
-0.0188552189090909,1.18890684259793,0.218158048948965,"snow1992to2011"
-0.0184926185454545,1.22144205565398,0.224128086590381,"snow1992to2011"
-0.0181300181818182,1.22144205565398,0.224128086590381,"snow1992to2011"
-0.0177674178181818,1.22144205565398,0.224128086590381,"snow1992to2011"
-0.0174048174545455,1.22144205565398,0.224128086590381,"snow1992to2011"
-0.0170422170909091,1.22144205565398,0.224128086590381,"snow1992to2011"
-0.0166796167272727,1.22144205565398,0.224128086590381,"snow1992to2011"
-0.0163170163636364,1.22144205565398,0.224128086590381,"snow1992to2011"
-0.015954416,1.22144205565398,0.224128086590381,"snow1992to2011"
-0.0155918156363636,1.16689323063468,0.214118668852767,"snow1992to2011"
-0.0152292152727273,1.16689323063468,0.214118668852767,"snow1992to2011"
-0.0148666149090909,1.16689323063468,0.214118668852767,"snow1992to2011"
-0.0145040145454545,1.16689323063468,0.214118668852767,"snow1992to2011"
-0.0141414141818182,1.16689323063468,0.214118668852767,"snow1992to2011"
-0.0137788138181818,1.192194287284,0.218761277472046,"snow1992to2011"
-0.0134162134545455,1.192194287284,0.218761277472046,"snow1992to2011"
-0.0130536130909091,1.192194287284,0.218761277472046,"snow1992to2011"
-0.0126910127272727,1.192194287284,0.218761277472046,"snow1992to2011"
-0.0123284123636364,1.192194287284,0.218761277472046,"snow1992to2011"
-0.011965812,1.17305372107824,0.21524908591118,"snow1992to2011"
-0.0116032116363636,1.17305372107824,0.21524908591118,"snow1992to2011"
-0.0112406112727273,1.17305372107824,0.21524908591118,"snow1992to2011"
-0.0108780109090909,1.17305372107824,0.21524908591118,"snow1992to2011"
-0.0105154105454545,1.17305372107824,0.21524908591118,"snow1992to2011"
-0.0101528101818182,1.17305372107824,0.21524908591118,"snow1992to2011"
-0.00979020981818182,1.2082102131722,0.221700114240993,"snow1992to2011"
-0.00942760945454545,1.18449889197275,0.21734921357701,"snow1992to2011"
-0.00906500909090909,1.18449889197275,0.21734921357701,"snow1992to2011"
-0.00870240872727273,1.18449889197275,0.21734921357701,"snow1992to2011"
-0.00833980836363636,1.18449889197275,0.21734921357701,"snow1992to2011"
-0.007977208,1.18449889197275,0.21734921357701,"snow1992to2011"
-0.00761460763636363,1.20184299851681,0.220531764394992,"snow1992to2011"
-0.00725200727272727,1.20184299851681,0.220531764394992,"snow1992to2011"
-0.00688940690909091,1.22118107596086,0.22408019821206,"snow1992to2011"
-0.00652680654545455,1.22118107596086,0.22408019821206,"snow1992to2011"
-0.00616420618181818,1.24857232578104,0.22910634610266,"snow1992to2011"
-0.00580160581818182,1.24857232578104,0.22910634610266,"snow1992to2011"
-0.00543900545454545,1.24857232578104,0.22910634610266,"snow1992to2011"
-0.00507640509090909,1.24857232578104,0.22910634610266,"snow1992to2011"
-0.00471380472727273,1.26687872957544,0.232465473321014,"snow1992to2011"
-0.00435120436363636,1.26687872957544,0.232465473321014,"snow1992to2011"
-0.003988604,1.23825504570566,0.227213180371705,"snow1992to2011"
-0.00362600363636364,1.23825504570566,0.227213180371705,"snow1992to2011"
-0.00326340327272727,1.23825504570566,0.227213180371705,"snow1992to2011"
-0.00290080290909091,1.23825504570566,0.227213180371705,"snow1992to2011"
-0.00253820254545455,1.23825504570566,0.227213180371705,"snow1992to2011"
-0.00217560218181818,1.23825504570566,0.227213180371705,"snow1992to2011"
-0.00181300181818182,1.23825504570566,0.227213180371705,"snow1992to2011"
-0.00145040145454545,1.23825504570566,0.227213180371705,"snow1992to2011"
-0.00108780109090909,1.23825504570566,0.227213180371705,"snow1992to2011"
-0.000725200727272723,1.23825504570566,0.227213180371705,"snow1992to2011"
-0.000362600363636362,1.40527152321262,0.257859811015726,"snow1992to2011"
0,1.40527152321262,0.257859811015726,"snow1992to2011"
0.855079,1.16517737922309,0.213803819292797,"tmean_percent_normal"
0.863733877777778,1.16517737922309,0.213803819292797,"tmean_percent_normal"
0.872388755555556,1.16517737922309,0.213803819292797,"tmean_percent_normal"
0.881043633333333,1.16517737922309,0.213803819292797,"tmean_percent_normal"
0.889698511111111,1.16517737922309,0.213803819292797,"tmean_percent_normal"
0.898353388888889,1.16517737922309,0.213803819292797,"tmean_percent_normal"
0.907008266666667,1.16517737922309,0.213803819292797,"tmean_percent_normal"
0.915663144444445,1.16517737922309,0.213803819292797,"tmean_percent_normal"
0.924318022222222,1.16517737922309,0.213803819292797,"tmean_percent_normal"
0.9329729,1.16517737922309,0.213803819292797,"tmean_percent_normal"
0.941627777777778,1.16517737922309,0.213803819292797,"tmean_percent_normal"
0.950282655555556,1.16517737922309,0.213803819292797,"tmean_percent_normal"
0.958937533333333,1.16517737922309,0.213803819292797,"tmean_percent_normal"
0.967592411111111,1.16517737922309,0.213803819292797,"tmean_percent_normal"
0.976247288888889,1.16517737922309,0.213803819292797,"tmean_percent_normal"
0.984902166666667,1.16517737922309,0.213803819292797,"tmean_percent_normal"
0.993557044444444,1.16517737922309,0.213803819292797,"tmean_percent_normal"
1.00221192222222,1.16517737922309,0.213803819292797,"tmean_percent_normal"
1.0108668,1.20726325454956,0.221526352396794,"tmean_percent_normal"
1.01952167777778,1.20726325454956,0.221526352396794,"tmean_percent_normal"
1.02817655555556,1.20726325454956,0.221526352396794,"tmean_percent_normal"
1.03683143333333,1.20726325454956,0.221526352396794,"tmean_percent_normal"
1.04548631111111,1.20726325454956,0.221526352396794,"tmean_percent_normal"
1.05414118888889,1.20726325454956,0.221526352396794,"tmean_percent_normal"
1.06279606666667,1.20726325454956,0.221526352396794,"tmean_percent_normal"
1.07145094444444,1.20726325454956,0.221526352396794,"tmean_percent_normal"
1.08010582222222,1.20726325454956,0.221526352396794,"tmean_percent_normal"
1.0887607,1.20726325454956,0.221526352396794,"tmean_percent_normal"
1.09741557777778,1.20726325454956,0.221526352396794,"tmean_percent_normal"
1.10607045555556,1.20726325454956,0.221526352396794,"tmean_percent_normal"
1.11472533333333,1.20726325454956,0.221526352396794,"tmean_percent_normal"
1.12338021111111,1.20726325454956,0.221526352396794,"tmean_percent_normal"
1.13203508888889,1.20726325454956,0.221526352396794,"tmean_percent_normal"
1.14068996666667,1.24241121802979,0.227975815771587,"tmean_percent_normal"
1.14934484444444,1.26820992134644,0.232709739893578,"tmean_percent_normal"
1.15799972222222,1.26820992134644,0.232709739893578,"tmean_percent_normal"
1.1666546,1.28261768383948,0.2353534872778,"tmean_percent_normal"
1.17530947777778,1.25043048409348,0.229447308218073,"tmean_percent_normal"
1.18396435555556,1.25043048409348,0.229447308218073,"tmean_percent_normal"
1.19261923333333,1.2193386112086,0.223742115781032,"tmean_percent_normal"
1.20127411111111,1.28789866642208,0.236322519346146,"tmean_percent_normal"
1.20992898888889,1.28789866642208,0.236322519346146,"tmean_percent_normal"
1.21858386666667,1.28789866642208,0.236322519346146,"tmean_percent_normal"
1.22723874444444,1.28789866642208,0.236322519346146,"tmean_percent_normal"
1.23589362222222,1.28789866642208,0.236322519346146,"tmean_percent_normal"
1.2445485,1.28789866642208,0.236322519346146,"tmean_percent_normal"
1.25320337777778,1.28789866642208,0.236322519346146,"tmean_percent_normal"
1.26185825555556,1.28789866642208,0.236322519346146,"tmean_percent_normal"
1.27051313333333,1.28789866642208,0.236322519346146,"tmean_percent_normal"
1.27916801111111,1.28789866642208,0.236322519346146,"tmean_percent_normal"
1.28782288888889,1.28789866642208,0.236322519346146,"tmean_percent_normal"
1.29647776666667,1.28789866642208,0.236322519346146,"tmean_percent_normal"
1.30513264444444,1.28789866642208,0.236322519346146,"tmean_percent_normal"
1.31378752222222,1.28789866642208,0.236322519346146,"tmean_percent_normal"
1.3224424,1.28789866642208,0.236322519346146,"tmean_percent_normal"
1.33109727777778,1.28789866642208,0.236322519346146,"tmean_percent_normal"
1.33975215555556,1.28789866642208,0.236322519346146,"tmean_percent_normal"
1.34840703333333,1.28789866642208,0.236322519346146,"tmean_percent_normal"
1.35706191111111,1.28789866642208,0.236322519346146,"tmean_percent_normal"
1.36571678888889,1.31332465667201,0.240988052613158,"tmean_percent_normal"
1.37437166666667,1.31332465667201,0.240988052613158,"tmean_percent_normal"
1.38302654444444,1.31332465667201,0.240988052613158,"tmean_percent_normal"
1.39168142222222,1.31332465667201,0.240988052613158,"tmean_percent_normal"
1.4003363,1.29221331573925,0.23711423442693,"tmean_percent_normal"
1.40899117777778,1.29221331573925,0.23711423442693,"tmean_percent_normal"
1.41764605555556,1.29221331573925,0.23711423442693,"tmean_percent_normal"
1.42630093333333,1.30938036056602,0.240264295366477,"tmean_percent_normal"
1.43495581111111,1.31807886057844,0.241860423610929,"tmean_percent_normal"
1.44361068888889,1.31807886057844,0.241860423610929,"tmean_percent_normal"
1.45226556666667,1.31405866735357,0.241122739648728,"tmean_percent_normal"
1.46092044444444,1.36665882061844,0.250774586538266,"tmean_percent_normal"
1.46957532222222,1.36665882061844,0.250774586538266,"tmean_percent_normal"
1.4782302,1.36818038076939,0.251053784690718,"tmean_percent_normal"
1.48688507777778,1.36818038076939,0.251053784690718,"tmean_percent_normal"
1.49553995555556,1.36818038076939,0.251053784690718,"tmean_percent_normal"
1.50419483333333,1.36818038076939,0.251053784690718,"tmean_percent_normal"
1.51284971111111,1.23433255315273,0.226493423960435,"tmean_percent_normal"
1.52150458888889,1.23433255315273,0.226493423960435,"tmean_percent_normal"
1.53015946666667,1.19117370855767,0.218574006732439,"tmean_percent_normal"
1.53881434444444,1.19117370855767,0.218574006732439,"tmean_percent_normal"
1.54746922222222,1.19117370855767,0.218574006732439,"tmean_percent_normal"
1.5561241,1.19117370855767,0.218574006732439,"tmean_percent_normal"
1.56477897777778,1.19117370855767,0.218574006732439,"tmean_percent_normal"
1.57343385555556,1.19117370855767,0.218574006732439,"tmean_percent_normal"
1.58208873333333,1.19117370855767,0.218574006732439,"tmean_percent_normal"
1.59074361111111,1.19117370855767,0.218574006732439,"tmean_percent_normal"
1.59939848888889,1.19117370855767,0.218574006732439,"tmean_percent_normal"
1.60805336666667,1.19117370855767,0.218574006732439,"tmean_percent_normal"
1.61670824444444,1.19117370855767,0.218574006732439,"tmean_percent_normal"
1.62536312222222,1.19117370855767,0.218574006732439,"tmean_percent_normal"
1.634018,1.19117370855767,0.218574006732439,"tmean_percent_normal"
1.64267287777778,1.19117370855767,0.218574006732439,"tmean_percent_normal"
1.65132775555556,1.19117370855767,0.218574006732439,"tmean_percent_normal"
1.65998263333333,1.19117370855767,0.218574006732439,"tmean_percent_normal"
1.66863751111111,1.19117370855767,0.218574006732439,"tmean_percent_normal"
1.67729238888889,1.19117370855767,0.218574006732439,"tmean_percent_normal"
1.68594726666667,1.19117370855767,0.218574006732439,"tmean_percent_normal"
1.69460214444444,1.19117370855767,0.218574006732439,"tmean_percent_normal"
1.70325702222222,1.19117370855767,0.218574006732439,"tmean_percent_normal"
1.7119119,1.19117370855767,0.218574006732439,"tmean_percent_normal"
0,1.40681818639251,0.258143615439769,"snow2011"
0.00776796839393939,1.40681818639251,0.258143615439769,"snow2011"
0.0155359367878788,1.40681818639251,0.258143615439769,"snow2011"
0.0233039051818182,1.40681818639251,0.258143615439769,"snow2011"
0.0310718735757576,1.40681818639251,0.258143615439769,"snow2011"
0.038839841969697,1.40681818639251,0.258143615439769,"snow2011"
0.0466078103636364,1.40681818639251,0.258143615439769,"snow2011"
0.0543757787575758,1.40681818639251,0.258143615439769,"snow2011"
0.0621437471515151,1.40681818639251,0.258143615439769,"snow2011"
0.0699117155454545,1.40681818639251,0.258143615439769,"snow2011"
0.0776796839393939,1.40681818639251,0.258143615439769,"snow2011"
0.0854476523333333,1.40681818639251,0.258143615439769,"snow2011"
0.0932156207272727,1.40681818639251,0.258143615439769,"snow2011"
0.100983589121212,1.40681818639251,0.258143615439769,"snow2011"
0.108751557515152,1.40681818639251,0.258143615439769,"snow2011"
0.116519525909091,1.40681818639251,0.258143615439769,"snow2011"
0.12428749430303,1.40681818639251,0.258143615439769,"snow2011"
0.13205546269697,1.40681818639251,0.258143615439769,"snow2011"
0.139823431090909,1.40681818639251,0.258143615439769,"snow2011"
0.147591399484848,1.40681818639251,0.258143615439769,"snow2011"
0.155359367878788,1.40681818639251,0.258143615439769,"snow2011"
0.163127336272727,1.3796288689217,0.253154521055617,"snow2011"
0.170895304666667,1.3796288689217,0.253154521055617,"snow2011"
0.178663273060606,1.3796288689217,0.253154521055617,"snow2011"
0.186431241454545,1.3796288689217,0.253154521055617,"snow2011"
0.194199209848485,1.3796288689217,0.253154521055617,"snow2011"
0.201967178242424,1.3796288689217,0.253154521055617,"snow2011"
0.209735146636364,1.37522014889459,0.252345544502521,"snow2011"
0.217503115030303,1.37522014889459,0.252345544502521,"snow2011"
0.225271083424242,1.37522014889459,0.252345544502521,"snow2011"
0.233039051818182,1.37522014889459,0.252345544502521,"snow2011"
0.240807020212121,1.36155003648864,0.249837151965325,"snow2011"
0.248574988606061,1.32766843309477,0.243620058895596,"snow2011"
0.256342957,1.3397801921609,0.245842501926904,"snow2011"
0.264110925393939,1.3397801921609,0.245842501926904,"snow2011"
0.271878893787879,1.3397801921609,0.245842501926904,"snow2011"
0.279646862181818,1.3397801921609,0.245842501926904,"snow2011"
0.287414830575758,1.35326814441175,0.248317469049587,"snow2011"
0.295182798969697,1.35326814441175,0.248317469049587,"snow2011"
0.302950767363636,1.35326814441175,0.248317469049587,"snow2011"
0.310718735757576,1.35326814441175,0.248317469049587,"snow2011"
0.318486704151515,1.34228336422539,0.246301820617155,"snow2011"
0.326254672545455,1.34228336422539,0.246301820617155,"snow2011"
0.334022640939394,1.35725014162499,0.249048144247875,"snow2011"
0.341790609333333,1.35725014162499,0.249048144247875,"snow2011"
0.349558577727273,1.34292134005091,0.246418885770106,"snow2011"
0.357326546121212,1.20116815494054,0.220407934206898,"snow2011"
0.365094514515152,1.20116815494054,0.220407934206898,"snow2011"
0.372862482909091,1.18549599987547,0.217532177545972,"snow2011"
0.38063045130303,1.17008089183996,0.214703587640631,"snow2011"
0.38839841969697,1.17008089183996,0.214703587640631,"snow2011"
0.396166388090909,1.17008089183996,0.214703587640631,"snow2011"
0.403934356484848,1.17008089183996,0.214703587640631,"snow2011"
0.411702324878788,1.12933322575565,0.207226608777634,"snow2011"
0.419470293272727,1.1209655724834,0.205691189141083,"snow2011"
0.427238261666667,1.1209655724834,0.205691189141083,"snow2011"
0.435006230060606,1.1209655724834,0.205691189141083,"snow2011"
0.442774198454545,1.14490225067492,0.210083441608205,"snow2011"
0.450542166848485,1.14490225067492,0.210083441608205,"snow2011"
0.458310135242424,1.14490225067492,0.210083441608205,"snow2011"
0.466078103636364,1.14490225067492,0.210083441608205,"snow2011"
0.473846072030303,1.14490225067492,0.210083441608205,"snow2011"
0.481614040424242,1.14490225067492,0.210083441608205,"snow2011"
0.489382008818182,0.976575260650735,0.179196338924126,"snow2011"
0.497149977212121,0.976575260650735,0.179196338924126,"snow2011"
0.504917945606061,0.976575260650735,0.179196338924126,"snow2011"
0.512685914,0.976575260650735,0.179196338924126,"snow2011"
0.520453882393939,0.976575260650735,0.179196338924126,"snow2011"
0.528221850787879,0.976575260650735,0.179196338924126,"snow2011"
0.535989819181818,0.976575260650735,0.179196338924126,"snow2011"
0.543757787575758,0.976575260650735,0.179196338924126,"snow2011"
0.551525755969697,0.976575260650735,0.179196338924126,"snow2011"
0.559293724363636,0.976575260650735,0.179196338924126,"snow2011"
0.567061692757576,0.976575260650735,0.179196338924126,"snow2011"
0.574829661151515,0.976575260650735,0.179196338924126,"snow2011"
0.582597629545454,0.976575260650735,0.179196338924126,"snow2011"
0.590365597939394,0.976575260650735,0.179196338924126,"snow2011"
0.598133566333333,0.976575260650735,0.179196338924126,"snow2011"
0.605901534727273,0.976575260650735,0.179196338924126,"snow2011"
0.613669503121212,0.976575260650735,0.179196338924126,"snow2011"
0.621437471515151,0.976575260650735,0.179196338924126,"snow2011"
0.629205439909091,0.976575260650735,0.179196338924126,"snow2011"
0.63697340830303,0.976575260650735,0.179196338924126,"snow2011"
0.64474137669697,0.976575260650735,0.179196338924126,"snow2011"
0.652509345090909,0.976575260650735,0.179196338924126,"snow2011"
0.660277313484848,0.976575260650735,0.179196338924126,"snow2011"
0.668045281878788,0.976575260650735,0.179196338924126,"snow2011"
0.675813250272727,0.976575260650735,0.179196338924126,"snow2011"
0.683581218666667,0.976575260650735,0.179196338924126,"snow2011"
0.691349187060606,0.976575260650735,0.179196338924126,"snow2011"
0.699117155454545,0.976575260650735,0.179196338924126,"snow2011"
0.706885123848485,0.976575260650735,0.179196338924126,"snow2011"
0.714653092242424,0.976575260650735,0.179196338924126,"snow2011"
0.722421060636364,0.976575260650735,0.179196338924126,"snow2011"
0.730189029030303,0.976575260650735,0.179196338924126,"snow2011"
0.737956997424242,0.976575260650735,0.179196338924126,"snow2011"
0.745724965818182,0.976575260650735,0.179196338924126,"snow2011"
0.753492934212121,0.976575260650735,0.179196338924126,"snow2011"
0.76126090260606,0.976575260650735,0.179196338924126,"snow2011"
0.769028871,0.976575260650735,0.179196338924126,"snow2011"
2987,1.29838059624957,0.238245897426289,"elevation_m"
2992.68686868687,1.29838059624957,0.238245897426289,"elevation_m"
2998.37373737374,1.29838059624957,0.238245897426289,"elevation_m"
3004.06060606061,1.29838059624957,0.238245897426289,"elevation_m"
3009.74747474747,1.29838059624957,0.238245897426289,"elevation_m"
3015.43434343434,1.29838059624957,0.238245897426289,"elevation_m"
3021.12121212121,1.29838059624957,0.238245897426289,"elevation_m"
3026.80808080808,1.29838059624957,0.238245897426289,"elevation_m"
3032.49494949495,1.29838059624957,0.238245897426289,"elevation_m"
3038.18181818182,1.29838059624957,0.238245897426289,"elevation_m"
3043.86868686869,1.29838059624957,0.238245897426289,"elevation_m"
3049.55555555556,1.29838059624957,0.238245897426289,"elevation_m"
3055.24242424242,1.29838059624957,0.238245897426289,"elevation_m"
3060.92929292929,1.29838059624957,0.238245897426289,"elevation_m"
3066.61616161616,1.29838059624957,0.238245897426289,"elevation_m"
3072.30303030303,1.29838059624957,0.238245897426289,"elevation_m"
3077.9898989899,1.29838059624957,0.238245897426289,"elevation_m"
3083.67676767677,1.29838059624957,0.238245897426289,"elevation_m"
3089.36363636364,1.29838059624957,0.238245897426289,"elevation_m"
3095.0505050505,1.29838059624957,0.238245897426289,"elevation_m"
3100.73737373737,1.29838059624957,0.238245897426289,"elevation_m"
3106.42424242424,1.29838059624957,0.238245897426289,"elevation_m"
3112.11111111111,1.29838059624957,0.238245897426289,"elevation_m"
3117.79797979798,1.29838059624957,0.238245897426289,"elevation_m"
3123.48484848485,1.29838059624957,0.238245897426289,"elevation_m"
3129.17171717172,1.29838059624957,0.238245897426289,"elevation_m"
3134.85858585859,1.29838059624957,0.238245897426289,"elevation_m"
3140.54545454545,1.29838059624957,0.238245897426289,"elevation_m"
3146.23232323232,1.29838059624957,0.238245897426289,"elevation_m"
3151.91919191919,1.29838059624957,0.238245897426289,"elevation_m"
3157.60606060606,1.29838059624957,0.238245897426289,"elevation_m"
3163.29292929293,1.29838059624957,0.238245897426289,"elevation_m"
3168.9797979798,1.29838059624957,0.238245897426289,"elevation_m"
3174.66666666667,1.29838059624957,0.238245897426289,"elevation_m"
3180.35353535354,1.29838059624957,0.238245897426289,"elevation_m"
3186.0404040404,1.29838059624957,0.238245897426289,"elevation_m"
3191.72727272727,1.29838059624957,0.238245897426289,"elevation_m"
3197.41414141414,1.29838059624957,0.238245897426289,"elevation_m"
3203.10101010101,1.29838059624957,0.238245897426289,"elevation_m"
3208.78787878788,1.29838059624957,0.238245897426289,"elevation_m"
3214.47474747475,1.29838059624957,0.238245897426289,"elevation_m"
3220.16161616162,1.29838059624957,0.238245897426289,"elevation_m"
3225.84848484848,1.33561184332172,0.245077632201613,"elevation_m"
3231.53535353535,1.38716670119711,0.254537672976011,"elevation_m"
3237.22222222222,1.38716670119711,0.254537672976011,"elevation_m"
3242.90909090909,1.38716670119711,0.254537672976011,"elevation_m"
3248.59595959596,1.35680394450012,0.24896626946112,"elevation_m"
3254.28282828283,1.35680394450012,0.24896626946112,"elevation_m"
3259.9696969697,1.35680394450012,0.24896626946112,"elevation_m"
3265.65656565657,1.35680394450012,0.24896626946112,"elevation_m"
3271.34343434343,1.35680394450012,0.24896626946112,"elevation_m"
3277.0303030303,1.35680394450012,0.24896626946112,"elevation_m"
3282.71717171717,1.39624194777826,0.256202932201492,"elevation_m"
3288.40404040404,1.39624194777826,0.256202932201492,"elevation_m"
3294.09090909091,1.39624194777826,0.256202932201492,"elevation_m"
3299.77777777778,1.39624194777826,0.256202932201492,"elevation_m"
3305.46464646465,1.34071595912807,0.246014210162162,"elevation_m"
3311.15151515152,1.34071595912807,0.246014210162162,"elevation_m"
3316.83838383838,1.35958579971084,0.249476725018684,"elevation_m"
3322.52525252525,1.35958579971084,0.249476725018684,"elevation_m"
3328.21212121212,1.33939883472402,0.24577252487622,"elevation_m"
3333.89898989899,1.3031577899332,0.239122486925257,"elevation_m"
3339.58585858586,1.3031577899332,0.239122486925257,"elevation_m"
3345.27272727273,1.28413545183279,0.235631989589599,"elevation_m"
3350.9595959596,1.28413545183279,0.235631989589599,"elevation_m"
3356.64646464646,1.26466620202302,0.232059486344754,"elevation_m"
3362.33333333333,1.17800673257277,0.216157937038411,"elevation_m"
3368.0202020202,1.17800673257277,0.216157937038411,"elevation_m"
3373.70707070707,1.17800673257277,0.216157937038411,"elevation_m"
3379.39393939394,1.17800673257277,0.216157937038411,"elevation_m"
3385.08080808081,1.17800673257277,0.216157937038411,"elevation_m"
3390.76767676768,1.17800673257277,0.216157937038411,"elevation_m"
3396.45454545455,1.17800673257277,0.216157937038411,"elevation_m"
3402.14141414141,1.17800673257277,0.216157937038411,"elevation_m"
3407.82828282828,1.17800673257277,0.216157937038411,"elevation_m"
3413.51515151515,1.19597566472755,0.219455140015239,"elevation_m"
3419.20202020202,1.21774393753903,0.223449501688827,"elevation_m"
3424.88888888889,1.21774393753903,0.223449501688827,"elevation_m"
3430.57575757576,1.21774393753903,0.223449501688827,"elevation_m"
3436.26262626263,1.21774393753903,0.223449501688827,"elevation_m"
3441.94949494949,1.19147300502876,0.218628926034651,"elevation_m"
3447.63636363636,1.19147300502876,0.218628926034651,"elevation_m"
3453.32323232323,1.19147300502876,0.218628926034651,"elevation_m"
3459.0101010101,1.19147300502876,0.218628926034651,"elevation_m"
3464.69696969697,1.19147300502876,0.218628926034651,"elevation_m"
3470.38383838384,1.14255909597578,0.20965348524894,"elevation_m"
3476.07070707071,1.23201853662857,0.226068814300485,"elevation_m"
3481.75757575758,1.23201853662857,0.226068814300485,"elevation_m"
3487.44444444444,1.23201853662857,0.226068814300485,"elevation_m"
3493.13131313131,1.12943454344527,0.207245200031969,"elevation_m"
3498.81818181818,1.12943454344527,0.207245200031969,"elevation_m"
3504.50505050505,1.12943454344527,0.207245200031969,"elevation_m"
3510.19191919192,1.12943454344527,0.207245200031969,"elevation_m"
3515.87878787879,1.12943454344527,0.207245200031969,"elevation_m"
3521.56565656566,1.12943454344527,0.207245200031969,"elevation_m"
3527.25252525253,1.12943454344527,0.207245200031969,"elevation_m"
3532.93939393939,1.12943454344527,0.207245200031969,"elevation_m"
3538.62626262626,1.12943454344527,0.207245200031969,"elevation_m"
3544.31313131313,1.12943454344527,0.207245200031969,"elevation_m"
3550,1.12943454344527,0.207245200031969,"elevation_m"
0,1.23025831416488,0.225745822889689,"ppt_day"
0.069959595959596,1.14974536760901,0.210972127671165,"ppt_day"
0.139919191919192,1.14974536760901,0.210972127671165,"ppt_day"
0.209878787878788,1.08685708312061,0.199432463709136,"ppt_day"
0.279838383838384,1.05529070037537,0.193640201249757,"ppt_day"
0.34979797979798,0.987195315768959,0.181145062256611,"ppt_day"
0.419757575757576,0.907285994186647,0.166482128993363,"ppt_day"
0.489717171717172,0.907285994186647,0.166482128993363,"ppt_day"
0.559676767676768,0.9238432740327,0.169520301319148,"ppt_day"
0.629636363636364,0.9238432740327,0.169520301319148,"ppt_day"
0.69959595959596,0.947404535675543,0.17384366685681,"ppt_day"
0.769555555555556,0.947404535675543,0.17384366685681,"ppt_day"
0.839515151515152,0.947404535675543,0.17384366685681,"ppt_day"
0.909474747474747,0.947404535675543,0.17384366685681,"ppt_day"
0.979434343434343,0.947404535675543,0.17384366685681,"ppt_day"
1.04939393939394,0.947404535675543,0.17384366685681,"ppt_day"
1.11935353535354,0.947404535675543,0.17384366685681,"ppt_day"
1.18931313131313,0.947404535675543,0.17384366685681,"ppt_day"
1.25927272727273,1.01311914165747,0.185901945701552,"ppt_day"
1.32923232323232,1.06740885515628,0.195863817860533,"ppt_day"
1.39919191919192,1.16803529051991,0.214328230735513,"ppt_day"
1.46915151515152,1.28998022255512,0.236704473767209,"ppt_day"
1.53911111111111,1.28998022255512,0.236704473767209,"ppt_day"
1.60907070707071,1.42981879286417,0.262364103751145,"ppt_day"
1.6790303030303,1.42981879286417,0.262364103751145,"ppt_day"
1.7489898989899,1.42981879286417,0.262364103751145,"ppt_day"
1.81894949494949,1.42981879286417,0.262364103751145,"ppt_day"
1.88890909090909,1.47774588037355,0.271158468059795,"ppt_day"
1.95886868686869,1.47774588037355,0.271158468059795,"ppt_day"
2.02882828282828,1.43611464938593,0.263519359761154,"ppt_day"
2.09878787878788,1.43611464938593,0.263519359761154,"ppt_day"
2.16874747474747,1.43611464938593,0.263519359761154,"ppt_day"
2.23870707070707,1.43611464938593,0.263519359761154,"ppt_day"
2.30866666666667,1.43611464938593,0.263519359761154,"ppt_day"
2.37862626262626,1.46807862571535,0.269384578517435,"ppt_day"
2.44858585858586,1.46807862571535,0.269384578517435,"ppt_day"
2.51854545454545,1.46807862571535,0.269384578517435,"ppt_day"
2.58850505050505,1.46807862571535,0.269384578517435,"ppt_day"
2.65846464646465,1.46807862571535,0.269384578517435,"ppt_day"
2.72842424242424,1.46807862571535,0.269384578517435,"ppt_day"
2.79838383838384,1.46807862571535,0.269384578517435,"ppt_day"
2.86834343434343,1.46807862571535,0.269384578517435,"ppt_day"
2.93830303030303,1.46807862571535,0.269384578517435,"ppt_day"
3.00826262626263,1.46807862571535,0.269384578517435,"ppt_day"
3.07822222222222,1.46807862571535,0.269384578517435,"ppt_day"
3.14818181818182,1.46807862571535,0.269384578517435,"ppt_day"
3.21814141414141,1.46807862571535,0.269384578517435,"ppt_day"
3.28810101010101,1.46807862571535,0.269384578517435,"ppt_day"
3.35806060606061,1.46807862571535,0.269384578517435,"ppt_day"
3.4280202020202,1.46807862571535,0.269384578517435,"ppt_day"
3.4979797979798,1.46807862571535,0.269384578517435,"ppt_day"
3.56793939393939,1.46807862571535,0.269384578517435,"ppt_day"
3.63789898989899,1.46807862571535,0.269384578517435,"ppt_day"
3.70785858585859,1.46807862571535,0.269384578517435,"ppt_day"
3.77781818181818,1.46807862571535,0.269384578517435,"ppt_day"
3.84777777777778,1.46807862571535,0.269384578517435,"ppt_day"
3.91773737373737,1.46807862571535,0.269384578517435,"ppt_day"
3.98769696969697,1.46807862571535,0.269384578517435,"ppt_day"
4.05765656565657,1.46807862571535,0.269384578517435,"ppt_day"
4.12761616161616,1.46807862571535,0.269384578517435,"ppt_day"
4.19757575757576,1.46807862571535,0.269384578517435,"ppt_day"
4.26753535353535,1.46807862571535,0.269384578517435,"ppt_day"
4.33749494949495,1.46807862571535,0.269384578517435,"ppt_day"
4.40745454545455,1.46807862571535,0.269384578517435,"ppt_day"
4.47741414141414,1.46807862571535,0.269384578517435,"ppt_day"
4.54737373737374,1.46807862571535,0.269384578517435,"ppt_day"
4.61733333333333,1.46807862571535,0.269384578517435,"ppt_day"
4.68729292929293,1.46807862571535,0.269384578517435,"ppt_day"
4.75725252525253,1.46807862571535,0.269384578517435,"ppt_day"
4.82721212121212,1.46807862571535,0.269384578517435,"ppt_day"
4.89717171717172,1.46807862571535,0.269384578517435,"ppt_day"
4.96713131313131,1.46807862571535,0.269384578517435,"ppt_day"
5.03709090909091,1.46807862571535,0.269384578517435,"ppt_day"
5.1070505050505,1.46807862571535,0.269384578517435,"ppt_day"
5.1770101010101,1.46807862571535,0.269384578517435,"ppt_day"
5.2469696969697,1.46807862571535,0.269384578517435,"ppt_day"
5.31692929292929,1.46807862571535,0.269384578517435,"ppt_day"
5.38688888888889,1.46807862571535,0.269384578517435,"ppt_day"
5.45684848484848,1.46807862571535,0.269384578517435,"ppt_day"
5.52680808080808,1.46807862571535,0.269384578517435,"ppt_day"
5.59676767676768,1.46807862571535,0.269384578517435,"ppt_day"
5.66672727272727,1.46807862571535,0.269384578517435,"ppt_day"
5.73668686868687,1.46807862571535,0.269384578517435,"ppt_day"
5.80664646464646,1.46807862571535,0.269384578517435,"ppt_day"
5.87660606060606,1.46807862571535,0.269384578517435,"ppt_day"
5.94656565656566,1.46807862571535,0.269384578517435,"ppt_day"
6.01652525252525,1.46807862571535,0.269384578517435,"ppt_day"
6.08648484848485,1.46807862571535,0.269384578517435,"ppt_day"
6.15644444444444,1.46807862571535,0.269384578517435,"ppt_day"
6.22640404040404,1.46807862571535,0.269384578517435,"ppt_day"
6.29636363636364,1.46807862571535,0.269384578517435,"ppt_day"
6.36632323232323,1.46807862571535,0.269384578517435,"ppt_day"
6.43628282828283,1.46807862571535,0.269384578517435,"ppt_day"
6.50624242424242,1.46807862571535,0.269384578517435,"ppt_day"
6.57620202020202,1.46807862571535,0.269384578517435,"ppt_day"
6.64616161616162,1.46807862571535,0.269384578517435,"ppt_day"
6.71612121212121,1.46807862571535,0.269384578517435,"ppt_day"
6.78608080808081,1.46807862571535,0.269384578517435,"ppt_day"
6.8560404040404,1.46807862571535,0.269384578517435,"ppt_day"
6.926,1.46807862571535,0.269384578517435,"ppt_day"
-0.078810751,1.20271602977166,0.220691960962466,"eastMEAN"
-0.0766166239090909,1.20271602977166,0.220691960962466,"eastMEAN"
-0.0744224968181818,1.20271602977166,0.220691960962466,"eastMEAN"
-0.0722283697272727,1.20271602977166,0.220691960962466,"eastMEAN"
-0.0700342426363636,1.20271602977166,0.220691960962466,"eastMEAN"
-0.0678401155454545,1.20271602977166,0.220691960962466,"eastMEAN"
-0.0656459884545455,1.20271602977166,0.220691960962466,"eastMEAN"
-0.0634518613636364,1.20271602977166,0.220691960962466,"eastMEAN"
-0.0612577342727273,1.20271602977166,0.220691960962466,"eastMEAN"
-0.0590636071818182,1.20271602977166,0.220691960962466,"eastMEAN"
-0.0568694800909091,1.20271602977166,0.220691960962466,"eastMEAN"
-0.054675353,1.20271602977166,0.220691960962466,"eastMEAN"
-0.0524812259090909,1.20271602977166,0.220691960962466,"eastMEAN"
-0.0502870988181818,1.20271602977166,0.220691960962466,"eastMEAN"
-0.0480929717272727,1.20271602977166,0.220691960962466,"eastMEAN"
-0.0458988446363636,1.20271602977166,0.220691960962466,"eastMEAN"
-0.0437047175454545,1.20271602977166,0.220691960962466,"eastMEAN"
-0.0415105904545455,1.20271602977166,0.220691960962466,"eastMEAN"
-0.0393164633636364,1.20271602977166,0.220691960962466,"eastMEAN"
-0.0371223362727273,1.20271602977166,0.220691960962466,"eastMEAN"
-0.0349282091818182,1.20271602977166,0.220691960962466,"eastMEAN"
-0.0327340820909091,1.20271602977166,0.220691960962466,"eastMEAN"
-0.030539955,1.20271602977166,0.220691960962466,"eastMEAN"
-0.0283458279090909,1.20271602977166,0.220691960962466,"eastMEAN"
-0.0261517008181818,1.20271602977166,0.220691960962466,"eastMEAN"
-0.0239575737272727,1.20271602977166,0.220691960962466,"eastMEAN"
-0.0217634466363636,1.20271602977166,0.220691960962466,"eastMEAN"
-0.0195693195454546,1.1780879895253,0.216172847254748,"eastMEAN"
-0.0173751924545455,1.1780879895253,0.216172847254748,"eastMEAN"
-0.0151810653636364,1.1780879895253,0.216172847254748,"eastMEAN"
-0.0129869382727273,1.17358636673599,0.215346823541509,"eastMEAN"
-0.0107928111818182,1.17358636673599,0.215346823541509,"eastMEAN"
-0.0085986840909091,1.17358636673599,0.215346823541509,"eastMEAN"
-0.00640455700000001,1.17358636673599,0.215346823541509,"eastMEAN"
-0.00421042990909092,1.19511988745173,0.219298109460665,"eastMEAN"
-0.00201630281818183,1.19511988745173,0.219298109460665,"eastMEAN"
0.000177824272727264,1.19511988745173,0.219298109460665,"eastMEAN"
0.00237195136363635,1.19511988745173,0.219298109460665,"eastMEAN"
0.00456607845454544,1.15534889706505,0.212000345366241,"eastMEAN"
0.00676020554545453,1.15534889706505,0.212000345366241,"eastMEAN"
0.00895433263636362,1.13460568536181,0.208194076925372,"eastMEAN"
0.0111484597272727,1.16376250462224,0.213544197368378,"eastMEAN"
0.0133425868181818,1.14772405336667,0.210601227314953,"eastMEAN"
0.0155367139090909,1.18089717573089,0.216688317903741,"eastMEAN"
0.017730841,1.18089717573089,0.216688317903741,"eastMEAN"
0.0199249680909091,1.19967967500421,0.220134806096962,"eastMEAN"
0.0221190951818182,1.19967967500421,0.220134806096962,"eastMEAN"
0.0243132222727273,1.19967967500421,0.220134806096962,"eastMEAN"
0.0265073493636364,1.18538431837111,0.217511684587044,"eastMEAN"
0.0287014764545454,1.26801349992685,0.23267369761328,"eastMEAN"
0.0308956035454545,1.30022925280425,0.238585116019956,"eastMEAN"
0.0330897306363636,1.30022925280425,0.238585116019956,"eastMEAN"
0.0352838577272727,1.28567679178662,0.235914817230124,"eastMEAN"
0.0374779848181818,1.28567679178662,0.235914817230124,"eastMEAN"
0.0396721119090909,1.28567679178662,0.235914817230124,"eastMEAN"
0.041866239,1.28567679178662,0.235914817230124,"eastMEAN"
0.0440603660909091,1.28567679178662,0.235914817230124,"eastMEAN"
0.0462544931818182,1.28567679178662,0.235914817230124,"eastMEAN"
0.0484486202727273,1.28567679178662,0.235914817230124,"eastMEAN"
0.0506427473636363,1.33668767608895,0.245275041762299,"eastMEAN"
0.0528368744545454,1.33668767608895,0.245275041762299,"eastMEAN"
0.0550310015454545,1.33668767608895,0.245275041762299,"eastMEAN"
0.0572251286363636,1.33668767608895,0.245275041762299,"eastMEAN"
0.0594192557272727,1.42628952019293,0.261716501085757,"eastMEAN"
0.0616133828181818,1.42628952019293,0.261716501085757,"eastMEAN"
0.0638075099090909,1.42628952019293,0.261716501085757,"eastMEAN"
0.066001637,1.42628952019293,0.261716501085757,"eastMEAN"
0.0681957640909091,1.42628952019293,0.261716501085757,"eastMEAN"
0.0703898911818182,1.42628952019293,0.261716501085757,"eastMEAN"
0.0725840182727273,1.42628952019293,0.261716501085757,"eastMEAN"
0.0747781453636363,1.42628952019293,0.261716501085757,"eastMEAN"
0.0769722724545455,1.42628952019293,0.261716501085757,"eastMEAN"
0.0791663995454545,1.42628952019293,0.261716501085757,"eastMEAN"
0.0813605266363636,1.42628952019293,0.261716501085757,"eastMEAN"
0.0835546537272727,1.42628952019293,0.261716501085757,"eastMEAN"
0.0857487808181818,1.42628952019293,0.261716501085757,"eastMEAN"
0.0879429079090909,1.42628952019293,0.261716501085757,"eastMEAN"
0.090137035,1.42628952019293,0.261716501085757,"eastMEAN"
0.0923311620909091,1.42628952019293,0.261716501085757,"eastMEAN"
0.0945252891818182,1.42628952019293,0.261716501085757,"eastMEAN"
0.0967194162727272,1.42628952019293,0.261716501085757,"eastMEAN"
0.0989135433636363,1.42628952019293,0.261716501085757,"eastMEAN"
0.101107670454545,1.42628952019293,0.261716501085757,"eastMEAN"
0.103301797545455,1.42628952019293,0.261716501085757,"eastMEAN"
0.105495924636364,1.42628952019293,0.261716501085757,"eastMEAN"
0.107690051727273,1.42628952019293,0.261716501085757,"eastMEAN"
0.109884178818182,1.42628952019293,0.261716501085757,"eastMEAN"
0.112078305909091,1.42628952019293,0.261716501085757,"eastMEAN"
0.114272433,1.42628952019293,0.261716501085757,"eastMEAN"
0.116466560090909,1.42628952019293,0.261716501085757,"eastMEAN"
0.118660687181818,1.42628952019293,0.261716501085757,"eastMEAN"
0.120854814272727,1.42628952019293,0.261716501085757,"eastMEAN"
0.123048941363636,1.42628952019293,0.261716501085757,"eastMEAN"
0.125243068454545,1.42628952019293,0.261716501085757,"eastMEAN"
0.127437195545455,1.42628952019293,0.261716501085757,"eastMEAN"
0.129631322636364,1.42628952019293,0.261716501085757,"eastMEAN"
0.131825449727273,1.42628952019293,0.261716501085757,"eastMEAN"
0.134019576818182,1.42628952019293,0.261716501085757,"eastMEAN"
0.136213703909091,1.42628952019293,0.261716501085757,"eastMEAN"
0.138407831,1.42628952019293,0.261716501085757,"eastMEAN"
