2.40778942498766
2.96594162730195
1.75899213535698
2.40778942498766
1.3201980022716
2.96594162730195
1.3201980022716
1.75899213535698
0.213832839976586
2.04865681686151
-0.0831743686951801
-0.0831743686951801
1.08163190533734
1.36048893611066
1.36048893611066
1.08163190533734
1.26592252203323
1.84915947369407
0.7425864146187
0.638390738588371
0.833528976105043
0.264691215500609
0.833528976105043
0.973647280132909
0.264691215500609
0.973647280132909
1.14767411491053
0.846417545824835
2.23151373484669
1.85620152025587
2.23151373484669
1.85620152025587
1.93435813735401
0.912405798494114
2.57592042992573
2.00140364347057
1.52926844752779
2.00140364347057
1.52926844752779
2.57592042992573
0.570705061687003
0.570705061687003
2.25093243233224
1.08429189881213
1.08429189881213
2.18979213132768
2.18979213132768
0.977427899437567
2.25093243233224
0.977427899437567
2.37354869307904
1.74046760558072
1.74046760558072
1.83984874436501
1.83984874436501
1.59741948201453
1.59741948201453
0.773644167854627
0.773644167854627
2.02625757930652
2.02625757930652
-0.772809962148261
-0.38356910543386
0.431178225538273
-0.207847827806041
2.03563127237747
2.03563127237747
2.19923119767468
1.13180382308949
1.13180382308949
2.19923119767468
1.26540782796161
1.26540782796161
1.72502994091201
0.831212711956377
1.72502994091201
0.831212711956377
1.44402055215095
1.981867039882
1.981867039882
1.44402055215095
0.875976476655233
0.875976476655233
0.107516176546937
0.528776598101202
1.48850240789652
1.32139002364811
3.06001268230038
0.48089520557304
1.48850240789652
3.06001268230038
1.32139002364811
0.21428409898334
0.211227140355636
1.14197462226584
1.50504256873426
1.14197462226584
0.211227140355636
1.50504256873426
1.80245655334127
1.80245655334127
1.39725095168983
1.39725095168983
2.10621381767727
1.88649671593159
1.53925413728985
2.10621381767727
1.88649671593159
1.53925413728985
1.1350478586039
1.1350478586039
1.47049645551112
0.388873448522428
1.47049645551112
1.74403317263103
-0.561491293867735
1.01733783709794
1.01733783709794
1.74403317263103
-0.750810067768788
-0.750810067768788
0.838282125444359
0.491136028710012
0.61916718673181
1.08873484909705
1.08873484909705
0.838282125444359
0.491136028710012
1.46921421087724
0.929373845545852
0.61916718673181
0.929373845545852
1.46921421087724
0.956157075561215
2.18805738620136
-0.390379037835062
0.635651159592673
-0.390379037835062
0.635651159592673
1.61543317893939
1.61543317893939
-0.481549419215742
1.19565694200084
1.43741800221968
1.43741800221968
1.90804796423143
1.90804796423143
