"R2","CVR2"
0.746403654451316,0.794177168395952
0.729387853869063,0.780172252919641
0.711238101247561,0.76961151667459
0.697056772775349,0.768963738642539
0.67976378447189,0.762051213754496
0.662332998407263,0.749916017165473
0.648892683047595,0.738827559946847
0.631064799664309,0.724060049656505
0.622663218809186,0.719444277687705
0.610240630316081,0.716256089129748
0.601468428577158,0.701717724587929
0.589604604074209,0.700633065386647
0.579316779076245,0.695155763739925
0.566541113829159,0.693409567507699
0.55275133518212,0.692262395816638
0.541572928166962,0.696028230060835
0.535132514659453,0.688874773730507
0.526280795895251,0.683847954958776
0.516971703904328,0.688110001542321
0.510568548160564,0.679611004944616
0.504895574812697,0.681472357508026
0.500341031371023,0.675104252495247
0.493611314219645,0.676643663116223
0.48472320043747,0.674119708075352
0.478554803724145,0.67412630457787
0.473377079816095,0.670948736148736
0.46772187706875,0.670950847767639
0.459279062772466,0.666328584759958
0.450538391492896,0.658617195140259
0.448071017844785,0.658564624287229
0.445080740510984,0.654506825213369
0.440118619254757,0.651286404717554
0.432977401611295,0.651249233151177
0.432226696655175,0.649281909632087
0.42980843417639,0.650073305966451
0.423983454008233,0.65387087501348
0.417796118337975,0.655810946962043
0.413475010110091,0.661257762628239
0.406681928877727,0.660619479002309
0.402170266337203,0.661554145982358
0.398071188048436,0.66206944208036
0.394873839918295,0.656323677947503
0.389792953213903,0.657162820988362
0.386907079136845,0.652215087476699
0.383309094455818,0.654154258239193
0.380261010503005,0.650589037364736
0.377981448119705,0.65136519690648
0.37548922300045,0.654933269477252
0.368417551344734,0.650478651900426
0.367425076878382,0.648860478969867
0.362459954976019,0.648324480245976
0.360969348267851,0.648596865446065
0.356674878580579,0.64685547807833
0.353695531659503,0.640918102144758
0.350435261760373,0.638539086679342
0.346853373062439,0.634658604297837
0.344624601749244,0.626295009521729
0.343526913109247,0.625824644680562
0.342068851094446,0.625984027270077
0.338781295017062,0.623427527467692
0.337335394826076,0.615757273955992
0.335344352406253,0.614573039905159
0.333202656493016,0.614077478107444
0.331195224173001,0.61647560865299
0.327112137113484,0.61562062094859
0.324722306778594,0.620912364583986
0.325177119819001,0.619965760592078
0.323588554379608,0.616978194117946
0.321153741485056,0.615170782227205
0.317601962339843,0.6098450366573
0.317248274384733,0.606872414782533
0.315977520515771,0.603015005615931
0.312659078599659,0.608736526006933
0.310521180851308,0.605494563523437
0.309625446981016,0.601581966178084
0.307410631610739,0.603477613266697
0.303603548542936,0.603567446579957
0.300293288267663,0.602729055153423
0.299097130758255,0.603671190265365
0.29713181356873,0.602279083219963
0.296181954766332,0.598307433453778
0.293068588508788,0.590417355373472
0.291872496972405,0.587073303503394
0.289579606263712,0.590542173853525
0.288885938596128,0.583020180326803
0.287055535443103,0.582488033666936
0.285915153878969,0.582652425845784
0.284246169646881,0.577951272079976
0.282400240571002,0.574313039308686
0.281007179719292,0.57849529925913
0.279112075189482,0.576121185157576
0.277625051985226,0.57627784907155
0.276655983182221,0.572775280144388
0.275192615099776,0.573896763568275
0.273975287108666,0.575255051967193
0.27419601953775,0.572643998785201
0.272640231746493,0.579540078237133
0.271851225652259,0.579036328530587
0.270036418019329,0.583597809652236
0.268844471308233,0.582258437739416
0.26800987821768,0.579198064558719
0.266122960083792,0.57733224302305
0.26463552431746,0.580062041941674
0.263510541586473,0.579454749882238
0.263511894059135,0.578653534826805
0.261283376865699,0.57927817714408
0.260781652142657,0.580493215635254
0.259849084956075,0.578753757000873
0.258954813127269,0.577667031612451
0.258969008823578,0.576690043935009
0.258641303313763,0.577552652953672
0.258080936033362,0.577019238476764
0.255819988079469,0.575254454025457
0.254105430484118,0.576558103424726
0.252424445510674,0.57770346528765
0.250701467160956,0.573738661825403
0.249132520296367,0.571837677807104
0.249051231864866,0.572063013803826
0.246769547633763,0.573428742426459
0.247069267122547,0.573512938333126
0.245885900198945,0.576424001329109
0.245943350387035,0.579668491543586
0.244332138380438,0.576232853250351
0.243562862761323,0.578639681445507
0.242480004180012,0.574958471800946
0.241536919758628,0.573150473214151
0.241185474655456,0.571176823803461
0.240751825718854,0.568735176071471
0.239642726183718,0.568357832933677
0.23707219591742,0.567183286351324
0.236810435332434,0.566371614284405
0.236734406371178,0.567171070798124
0.235819190584464,0.57004881516849
0.23524535025976,0.572127313677345
0.234119285549231,0.575486083530804
0.232029541408031,0.575304540811298
0.231393126000092,0.577469554919993
0.230266655844606,0.579425168890045
0.230047035239855,0.578046418228023
0.229165933520116,0.576590772809662
0.228118091884833,0.578736264993862
0.227490938489697,0.575855916204214
0.226649748994512,0.579350502685878
0.225162881688352,0.578503628359478
0.225124434403958,0.576884905128465
0.224596165743124,0.575071894247666
0.22273620661806,0.575782736940662
0.222214487908942,0.574528465506726
0.220429153632218,0.573797149576237
0.219218700563345,0.575685154651334
0.218781793143295,0.57383225506029
0.217995335509709,0.572590903055956
0.21747132020582,0.569608281124719
0.21629901540103,0.570637128418186
0.21629198293011,0.570125103720342
0.215249751231944,0.569855867286204
0.214894705284142,0.570738036459253
0.214369562482071,0.573001832154751
0.213088845499952,0.572820163743507
0.212364284889883,0.573747712769857
0.212387494898761,0.572574024044639
0.211822469639865,0.574018816422252
0.211599931991651,0.572492951552549
0.210546404660518,0.57222409828932
0.21005223518919,0.568055185900577
0.209877992439821,0.568276851639182
0.209898427526124,0.569372387463125
0.209034119990297,0.56822772373254
0.208995527938865,0.568786996411216
0.207482911913226,0.568069369010399
0.20717875039405,0.56692920000402
0.206267630073282,0.569164581616098
0.205900144521911,0.568655214796394
0.205208519244339,0.565165350793691
0.20425977658127,0.569834669604943
0.204365396716438,0.572352621540055
0.203830660446175,0.573761695728113
0.202529795311851,0.571380864470853
0.202280546364196,0.572983634009185
0.201365001825207,0.574288431306821
0.199812844590559,0.57596377087083
0.199301671132469,0.575860772765514
0.199014230801508,0.574482313608932
0.198039604905823,0.573093618919703
0.197538010303301,0.574494727551749
0.196468886863747,0.570855427734125
0.195978595880625,0.571881191004309
0.195754083155864,0.571018861171153
0.194790765362035,0.573696253663951
0.192990059818932,0.5708622057056
0.192553838042553,0.569760775254457
0.192454546272907,0.56939736609288
0.192024232990208,0.568998236597597
0.191668434976394,0.568863838143216
0.191277601621289,0.568846750947659
0.19177158747038,0.565953871625986
0.19135442360911,0.567362835025452
0.190892084682361,0.570025569922073
0.190427214105454,0.569968317540868
0.190237524090845,0.571260772646446
0.190420442836526,0.571647093237003
0.190029585981567,0.56850913310887
0.18994036795684,0.56581669931183
0.189221170912226,0.56271213596163
0.189111648611028,0.562210973658796
0.188175602440248,0.560220774589468
0.187056616434442,0.562599056597045
0.186542707225047,0.557391202070519
0.186187133943936,0.556208535750587
0.18536364113706,0.557482133698638
0.184812430176629,0.558370732335254
0.18468995748136,0.561583875838325
0.18421837590082,0.563132767549099
0.183865958408539,0.559432672591786
0.184084747557978,0.559025800420484
0.184373883423244,0.555298875414967
0.18448692252634,0.553504661542438
0.183544477577341,0.553637281056129
0.183322352952142,0.554322352158541
0.182327522863687,0.560182593385558
0.181758643558561,0.562002957192714
0.181136632050383,0.561543005574343
0.18079991501308,0.563684590090897
0.180660478512454,0.562112669812316
0.180534780981512,0.560728294411637
0.180107609233698,0.562857137904007
0.179940734469371,0.565925422869209
0.179956600859696,0.563751382917716
0.179724203297447,0.565251942758191
0.179590362989246,0.563792193272209
0.179535186712247,0.562492668018304
0.179519944785889,0.564578141594718
0.17971726868546,0.563052084211652
0.179704108989278,0.562983451266201
0.179406329165163,0.561676253225049
0.178993346867283,0.562598893498175
0.179428645348169,0.561611031384472
0.179606788934649,0.562146688392636
0.179535169773549,0.562781958429398
0.179252597337589,0.561368575269245
0.179656774726044,0.556929772121382
0.179685410327554,0.560771575469866
0.179275569145037,0.562235938098258
0.179041383227003,0.562969193295004
0.178880562934123,0.560419359639832
0.177621968918464,0.560423566785978
0.177061969555209,0.55819716355939
0.176101488515899,0.562301151946532
0.17520000617702,0.560864184591942
0.174819938332033,0.56152210854942
0.174426475806688,0.560787234312608
0.174313621856049,0.559691202684336
0.174228868841953,0.559417797143503
0.174351010737427,0.556067414215986
0.173449030729659,0.555388035012956
0.173499754935087,0.555235777225616
0.173440080644488,0.553850744588463
0.172818043484766,0.553978035279702
0.172209948576704,0.557328429982254
0.171025266841966,0.554194525587419
0.170730014878773,0.553550597138913
0.170839174323539,0.557069174293743
0.17104600162456,0.556541998850995
0.170705278150763,0.556949937927531
0.171073489718789,0.557571456009664
0.171155148945348,0.557502759859709
0.170849402280965,0.558003845910741
0.170430228561784,0.55753841737586
0.170344308298703,0.557918349030774
0.170299715325368,0.558918329396823
0.170092346562987,0.559303547803843
0.1694670268594,0.557767387610239
0.169468460325841,0.556579577048022
0.169563850135871,0.555350431126625
0.168701487554071,0.557372317924827
0.168474740981212,0.558360582990525
0.168247043268256,0.557929487657973
0.168286556281189,0.554667110840712
0.168345265086844,0.557617599874777
0.168512579320449,0.556542617271872
0.167706039240876,0.55801398349222
0.167742697403461,0.558636476328695
0.167730451039857,0.55705434780255
0.167366011861324,0.557446975082146
0.166884190871217,0.556229068037814
0.166546285497511,0.555682931297293
0.166381907163568,0.555376685725496
0.166150404930626,0.554170436456889
0.165601475716061,0.555157825053574
0.165331227636963,0.556911711387048
0.165229705086497,0.557708468866466
0.165082867906893,0.554943286531463
0.165221593514102,0.555238346038224
0.165125398382415,0.556604886443806
0.164528069948925,0.553618806158164
0.164445347842642,0.557041838731925
0.1644692592881,0.557327775832514
0.164255236011008,0.556946704684567
0.164436142189851,0.556871914222045
0.164277898906446,0.555881553946683
0.164206709998108,0.55737508640145
0.1641333325829,0.560395505822161
0.16433602032872,0.558811146976613
0.164748135578325,0.557976444528751
0.163889618930206,0.557640592758485
0.163447191241169,0.562158121683361
0.16313316536158,0.562114149235932
0.163560290123823,0.562220500682623
0.16337598319092,0.563599864322733
0.163013503404901,0.561993895820123
0.162929016906112,0.562298721092287
0.162666078310805,0.561523832784694
0.162843596767596,0.557602253276474
0.161847199016915,0.560063601381342
0.161294027806264,0.56104572042338
0.160887155269424,0.561897858801968
0.160793673355805,0.560596832571411
0.160319881539271,0.559027462497751
0.15980577889341,0.56007195757047
0.160069584679506,0.560922142185757
0.160098485236802,0.561219902783867
0.160229464949439,0.563144525643318
0.160187603916476,0.56256505356358
0.160075315843835,0.563441658691425
0.159938630439647,0.566186976496372
0.15992246017546,0.568988111204104
0.159827062839508,0.571477321526727
0.159561285573011,0.572957823430261
0.159488530675674,0.570204542035283
0.159397659884493,0.57057302595502
0.159687003979032,0.569484406952093
0.159148823354655,0.568322043245889
0.158952109781798,0.568646228660156
0.158687796742629,0.568270609130328
0.158010939325607,0.565344259151424
0.157649782087611,0.565828787143296
0.157759404444939,0.564725029170536
0.157593898979086,0.564683698196202
0.157337060557292,0.564925470300389
0.157352332500306,0.566190655127566
0.157060601996735,0.565594436466249
0.156968375675246,0.565719047050731
0.156612702393533,0.564205267007366
0.156820157204965,0.565517868228347
0.156377950300703,0.565468051801032
0.155995196478773,0.566879518490457
0.155783147193273,0.56789669811937
0.15538413183244,0.568923266498448
0.15547839492561,0.570116704400935
0.155381968344962,0.571123957280657
0.155305182187946,0.570416283543587
0.15497251547068,0.573808541352471
0.155222220468319,0.573502855764411
0.15502132843386,0.571234751847451
0.155453866765618,0.570445525877681
0.155030278149417,0.569533878884385
0.154242110561789,0.570281078218853
0.154010633564541,0.572632360435328
0.154122458881062,0.570553428662761
0.153995057886471,0.571084334507199
0.153607645570655,0.571691275306825
0.153351191317461,0.573288251952272
0.153676871147866,0.573217261668261
0.153168577368187,0.572219082513106
0.153053133126067,0.572234701244778
0.153398021175865,0.57368661913098
0.152557643204096,0.575706426201163
0.152451503088657,0.576207840631839
0.152335010726504,0.575970694642809
0.151918616446825,0.576215687847152
0.15190877026521,0.5767521299737
0.15121120931768,0.576025161556596
0.151341117518999,0.5743124791139
0.151473125410126,0.574128036774621
0.151101480224739,0.572518339351911
0.150800249123727,0.573665399997786
0.150574698227748,0.573881931755323
0.150417822656601,0.572647374191732
0.150204282084876,0.572242652103061
0.150081956096156,0.572156874419916
0.149881758997642,0.573475450228937
0.1498054591751,0.574479681422694
0.149513482884224,0.57574622130806
0.149597226397716,0.577461281364136
0.149281618320476,0.575875651670296
0.149291075487042,0.575898343747252
0.149030114049454,0.577265644732802
0.149096038440299,0.578306023962617
0.149031027332783,0.576647633644226
0.148864821892193,0.575730557026436
0.148911118545035,0.576047275436687
0.148884238210981,0.577421979996067
0.149228484642829,0.57847057994747
0.149085485569389,0.575655792133346
0.148838128265513,0.576498835676381
0.148572594660669,0.576282592653794
0.14799238864184,0.576714987980096
0.148115325575391,0.574717172833278
0.148159573845905,0.577076734022645
0.148047748619593,0.576193988938167
0.14830944002067,0.576808550296769
0.148491167376083,0.578057772769782
0.148303868374074,0.575918202232877
0.148034027178475,0.576060133067337
0.148290350365491,0.575353324595825
0.147894028838093,0.577809933718353
0.14811938920113,0.578209016977926
0.148446919240676,0.579237549495983
0.148480856341282,0.578118538174148
0.148445983800195,0.576682816386596
0.148132154391159,0.577604249700629
0.147732635481,0.580146631317596
0.14763705845027,0.580405792989194
0.147912592573168,0.581549960123614
0.147869761332087,0.581959084921171
0.147461408561859,0.580002484638745
0.147545621210811,0.579400664822865
0.147708235088189,0.578421739590161
0.147793402672159,0.577515891824577
0.147824454804186,0.580014361860039
0.14779810153452,0.579307431416225
0.147261124602,0.579066076715666
0.147080145438446,0.579384356492865
0.146865800217699,0.578632277328021
0.146984897176825,0.57761486564944
0.147239790816351,0.575080821183147
0.147333275661086,0.575308665708445
0.147329145263683,0.577159060959587
0.147136316013097,0.573828456314392
0.14739200014212,0.572931256743989
0.147563985562523,0.573713396255621
0.147377763159926,0.571578470563827
0.147235721061504,0.572405472058993
0.14731280256488,0.572792319791688
0.146746704222343,0.570166851183086
0.146747566421319,0.569954476007836
0.146907516236775,0.571691064434626
0.146691510717755,0.574428779121785
0.145989772913201,0.575378944303089
0.145505169327469,0.574565799155956
0.145542769632719,0.573474909835359
0.145417384580754,0.575540270722618
0.145578081242999,0.5751360915996
0.145877657721557,0.571227387335972
0.146025822800754,0.571103224800859
0.146157809470108,0.571801182121233
0.145686726197703,0.570556222351014
0.14536596427362,0.573535924791529
0.145424734588007,0.574831892255352
0.145748964527058,0.574858236974383
0.146117228591824,0.57457645989056
0.145864351059205,0.576206897440553
0.145986048685427,0.576067320071029
0.146416454357615,0.574949180476615
0.146010951728621,0.57524106065442
0.146416696601606,0.575480744246014
0.145911902818216,0.574947995602066
0.146387046923409,0.576237937005551
0.146050609269662,0.578892249476929
0.145756500105347,0.580350451874398
0.145279468806611,0.580000927924538
0.145086745482251,0.577595336915585
0.145605706512044,0.576739339471506
0.145147436822338,0.576554310961752
0.144665592997006,0.574995720302465
0.144970232575109,0.57495385827989
0.144517534909864,0.575606990895587
0.144078417033698,0.576088916336946
0.143822879652001,0.576753845146552
0.143791569050838,0.575502174232249
0.143510638763873,0.575026659702131
0.143326847796084,0.576060941863916
0.14330034213986,0.578041854282148
0.143411296451924,0.577408571677128
0.143294321093749,0.579083692490462
0.142906881527072,0.580162046741179
0.142759674152332,0.582174935092488
0.142530612184956,0.579577374700557
0.142270166554945,0.581874343684473
0.142466006827748,0.584066408205203
0.142682968049132,0.581754887925413
0.142757022745054,0.580070396130707
0.142903090364417,0.578755483804348
0.143238870002178,0.580192567135412
0.14289644981015,0.579025756911966
0.142603927390777,0.579976677798472
0.142671788477973,0.581307941236133
0.142528737886325,0.580860330237208
0.142609831164524,0.578223257102718
0.142363785090177,0.576832740539498
0.142301091603533,0.579166596640864
0.14216589652731,0.580702520862546
0.141615067489572,0.581133384310337
0.141769815176229,0.579094415567414
0.141725193250178,0.580120082133954
0.141687064688897,0.580506671056692
0.141418018067457,0.582019583627922
0.141119117643895,0.581708344128871
0.141134501185341,0.580495234153802
0.141223639337498,0.58063173793888
0.141037101635259,0.583316956469964
0.14103927735255,0.582049898345364
0.14106727283425,0.583027463123213
0.141061646034457,0.586107947584116
0.141375167648829,0.586896513548936
0.141227026111605,0.588720850895271
0.140912841859869,0.590712105613872
0.140727635985225,0.589672551138134
0.140756186711663,0.589965240877101
0.14090024419829,0.589746154659638
0.140872778837381,0.589155907704236
0.140830244272556,0.587984735971515
0.140888482908161,0.588827385907835
0.141222543403531,0.590916188651225
0.141087218190704,0.591004051930311
0.140892929737434,0.591906896620199
0.140704622661946,0.591599162136325
0.140471008781577,0.589305165624543
0.140434403572409,0.591357546459391
0.140366863008232,0.592651395198003
0.140538684720137,0.593789222358811
0.140466255846272,0.591961916713614
0.140555865633425,0.591684236585856
0.140279726706048,0.594524241961143
0.139937709949082,0.595736260387753
0.139925653590254,0.594472870588281
0.139950136698613,0.593209794089918
0.139616151241972,0.593204282641869
0.139391620222916,0.594382511528944
0.139278082188419,0.593768952035647
0.138855263777352,0.595696404076648
0.139105280244027,0.594863735736308
0.139046347850477,0.592888841206532
0.13888191700971,0.594112035638285
0.138658213598363,0.593309606566116
0.138407236361424,0.595248935890955
0.138526180923764,0.5944355903133
0.13831932281295,0.593753525501904
0.138431333190661,0.595227344823798
0.138495754426885,0.59375480545884
0.138475383366138,0.595042896763072
0.138658884045761,0.594008321504151
0.138192512326176,0.595318136935538
0.138718117023915,0.59335149819571
0.138601847713262,0.5914305360361
0.138542167603534,0.592248876047805
0.138627882026545,0.593105686441443
0.138768997478621,0.592791702304984
0.138431013182225,0.593430278592624
0.13842937697278,0.595864178502873
0.13829919204856,0.596227649636785
0.138406132485445,0.594614543401111
0.138152137748053,0.594755907229204
0.137675757528493,0.594147449586446
0.137768349420242,0.592778372592615
0.137586224424921,0.592876053381259
0.137657768558001,0.591705445368667
0.137582389357896,0.592529970969198
0.137674590214342,0.594025168746159
0.137765995449113,0.593482855570705
0.138041265378155,0.592044206478713
0.137845506101021,0.592115637862906
0.137827628335822,0.592227266970488
0.137710654217064,0.591727811886652
0.137022028220775,0.592392278084677
0.137233936833073,0.593308402507216
0.137075513186075,0.593239184717804
0.136939659098066,0.594956901327874
0.136438588704389,0.595817951688164
0.13671900605143,0.595043396768541
0.137019511616597,0.595340951071957
0.136904414647506,0.593734758302448
0.137095392703413,0.592184211101191
0.137015599289686,0.590814164195848
0.136753875155687,0.59253579384886
0.136561954223116,0.592025000611563
0.136622853554732,0.591748239308722
0.136496521031791,0.591084785391151
0.136150074291861,0.591098442691155
0.13647246365073,0.591835503581316
0.136032161755405,0.590317560718945
0.136353828618847,0.590102835136879
0.136271651350669,0.590798780141822
0.136181088142072,0.590970471227466
0.136263091473578,0.591944526884102
0.136070235234058,0.592285318210175
0.136165027780917,0.59162726809626
0.136248637792338,0.59136601026927
0.13632731051304,0.593472041750232
0.135977083443925,0.592946631139547
0.136032283211458,0.593337739202255
0.13555388940308,0.593287236709116
0.135782275067438,0.594670801637589
0.135488327698437,0.595903006944514
0.135344120266182,0.595346744271423
0.135565739233751,0.595460673276216
0.135576105367799,0.594829974089099
0.135339828003197,0.594273993523709
0.135035672692025,0.590607157892832
0.135108003764178,0.591456350001109
0.135041812024232,0.591183796171852
0.135138005598636,0.591229515575216
0.135058089086811,0.593246771828723
0.135221403467839,0.591568241111916
0.135399289553166,0.589490464567071
0.135094812651295,0.584566259041065
0.135143340170736,0.587361096150604
0.135059018102022,0.58800935351524
0.134949422374254,0.585912019702288
0.135170667880116,0.586233639695534
0.135191694637384,0.586710358026515
0.134755594840908,0.587863790478951
0.134600130612879,0.58597376917638
0.134608271404801,0.586448398101402
0.134801340712301,0.586861457295
0.13503358403414,0.586844704911411
0.134713513570919,0.587127828185303
0.134719777055201,0.585899668429285
0.134521985329028,0.586188174779509
0.134526957227044,0.585461909781351
0.134356245427588,0.584839201421225
0.134631483114579,0.585666113198525
0.134469022467025,0.584024935990339
0.134047378596054,0.58540235458958
0.134024291909632,0.586190404989297
0.134054471888937,0.586516806081145
0.134210000489044,0.588048123194822
0.134171918567793,0.587316195550079
0.134368302457465,0.587038057261286
0.134595399725049,0.589324957602706
0.13437142719695,0.590338132663415
0.134681890631505,0.591763405803135
0.134057139763615,0.591540304468978
0.134208417459493,0.592692359442349
0.134488099594731,0.592895294072242
0.134405942051736,0.593272985619608
0.134380979468315,0.596710916697703
0.134501452906297,0.593202801062664
0.134591924440276,0.593373786273039
0.134402352706854,0.5933595927448
0.134287562438388,0.593568619043436
0.134378070726245,0.595245764820503
0.133702061275102,0.593786187809419
0.13385943094585,0.590460410753646
0.133915029706395,0.589491902354619
0.134096270902512,0.592024877455592
0.133929299760618,0.590617100785938
0.133753724039298,0.590406681908787
0.133598954650192,0.589011436175927
0.133373278578336,0.592808148720898
0.13326204590517,0.59307699956642
0.132952166268161,0.593248622406045
0.132788772399406,0.59301930372097
0.132461278228675,0.595412102166722
0.132432257981639,0.594392251572293
0.132495954273851,0.592788693809777
0.132496057729997,0.591472162405423
0.132658288819392,0.592420177745668
0.132633191078065,0.59395273566548
0.13265674844382,0.596777830696672
0.132646494220474,0.596567321796234
0.132542290980031,0.597484071368262
0.132734392826837,0.597654943116183
0.133074172829026,0.595929596974887
0.132908201609182,0.595339432937474
0.132876554624059,0.596413749042
0.132716102648952,0.599254936341872
0.132513834745271,0.599614096366736
0.132597298453756,0.599564666308524
0.13267154238964,0.601107067272363
0.133041759104394,0.601864421390775
0.132909279436047,0.599682057894415
0.133136745767231,0.599128831427845
0.133116033007033,0.599611174052856
0.133276236530776,0.59850930652095
0.132922068779131,0.59899753533501
0.132898004829424,0.598770861883413
0.132228653888511,0.600837894358911
0.132688003741548,0.598886575291458
0.132880744929191,0.598098461517106
0.133097411580413,0.597620020844002
0.132947899674825,0.595830569316061
0.132584601487759,0.596661110290467
0.132286766191033,0.597058578788047
0.131953036439612,0.597280962449591
0.132011208794381,0.598977161015991
0.132090305501199,0.599044693955697
0.132252112485569,0.599681403883498
0.132169169396791,0.600212855670106
0.132246425919728,0.599473802139346
0.132612389162608,0.60050603304397
0.132351723206311,0.598428275364874
0.132023277849826,0.597087943497838
0.131994513395335,0.595463831158842
0.132055279178943,0.596080989227368
0.131950573728241,0.596639344470312
0.131955631051977,0.596912527301375
0.131648157582857,0.597793173758207
0.131691473551295,0.599821632774551
0.13177774521555,0.599627295659994
0.131752984746053,0.599059432742209
0.1319577184725,0.597026828550816
0.131788444987615,0.59777212447705
0.131853259134658,0.599050474023005
0.131764691343604,0.598869435556115
0.131704547205835,0.598919182033771
0.131686338426369,0.599147634215047
0.131507798372119,0.599135940407681
0.131646981237955,0.599433964279803
0.13199544121334,0.598665968183385
0.131988944701526,0.598277787530195
0.131955441187457,0.597796789553314
0.132038047723353,0.598706303128012
0.131768856931122,0.599520455042188
0.131723100621278,0.601811307923484
0.132102253211675,0.601296027920696
0.131866724340483,0.599367250103257
0.132065579519182,0.599085766281003
0.13161663051116,0.599953058918434
0.131387634104485,0.600542422158294
0.131427023960536,0.59973365767643
0.131505503219826,0.599178287547443
0.131442543226306,0.600268841727163
0.131468806491074,0.600383663695603
0.131506692034456,0.601082696496683
0.131639167053038,0.600598416410721
0.131944087052505,0.601779326116872
0.131673411498218,0.603168407265976
0.131383613968952,0.60356731946668
0.131143843628646,0.603726123238612
0.130902567690559,0.604317898652731
0.130790453843391,0.604474230921563
0.130777549977284,0.603970628557918
0.130831819394053,0.603616580611361
0.130785080963943,0.603381816705015
0.130869146922049,0.603724200311471
0.130811392545682,0.603698545841218
0.130765450907724,0.60456583774145
0.131008340189847,0.604524055103522
0.131021878442292,0.604295395567193
0.130869585290285,0.602794454833846
0.130949637243896,0.603011888671385
0.130804296552859,0.602774442404838
0.130810491814587,0.599175667196009
0.13073993275809,0.598554524463067
0.130652121256722,0.599302058111099
0.130462410876825,0.599672222003738
0.130572405166548,0.598871285971305
0.130260609459505,0.597543887859797
0.130140861817643,0.596776024249814
0.130391750128845,0.597863214179368
0.130612736030977,0.596362960664952
0.130610460342197,0.594755883833671
0.13063251264468,0.59476131054804
0.130425281100085,0.592623004716259
0.130414189874638,0.595191443047603
0.130724135150364,0.598264581716926
0.130517650379377,0.599313529206685
0.130389893120903,0.598979347988415
0.13035003611522,0.598703572317286
0.130093469507363,0.598084013145737
0.13028823804638,0.596487184539024
0.130334811982629,0.598368830415146
0.130452857446779,0.598274341357187
0.130249643265513,0.598972676640383
0.130212909376755,0.599729004991961
0.130359790479156,0.60012838410625
0.130546538427729,0.598976666450223
0.130396245369977,0.598658183526486
0.130557882040565,0.598689858460287
0.130402127549674,0.599053616242929
0.130120844874831,0.598719997087112
0.129923361666941,0.599719307240701
0.129689037565895,0.602695958505961
0.129806453999986,0.604062190310431
0.12961349958785,0.603776081170418
0.129606655285126,0.603007175480605
0.129969000433146,0.601634350994377
0.129826150358791,0.600998997361704
0.129705071047809,0.599772112227752
0.129710848024367,0.598665997366651
0.129569893406463,0.600297005456837
0.129879382606142,0.602659928655183
0.130176941559199,0.602806758497267
0.129739688321549,0.60202552311648
0.129702483350061,0.602857442913155
0.129948210821451,0.603860150928778
0.129845912646614,0.604660078550039
0.130147008002159,0.605545883722895
0.130086337851293,0.606583684803766
0.130242215038878,0.605537085965623
0.130434138996058,0.607753340805295
0.130453794578699,0.607862390141814
0.130302555409894,0.608733593304324
0.129953029869081,0.608994181530228
0.129728500115442,0.608624782748725
0.129766938255868,0.609069758133753
0.129783349243758,0.607889143101375
0.129832299997935,0.607024693112899
0.130069218958486,0.609552386834214
0.129752991609685,0.611008777502249
0.129590649011645,0.610691405320572
0.129338926787219,0.609801650580839
0.129082282586888,0.609823189879668
0.128971118524283,0.610226459096088
0.128932742260743,0.609357306621179
0.12897787629957,0.606642262266483
0.128842232166173,0.60497388891937
0.128966830113659,0.606789041005783
0.128882781748725,0.608731979339991
0.128822896464905,0.610583755454439
0.128952362270941,0.610397552224028
0.128900890483656,0.612419632484799
0.128893539872586,0.612477621949622
0.128973343170209,0.610740897452299
0.129147534083653,0.609255471601025
0.129379559911437,0.608765194316411
0.129278188872031,0.60993601348801
0.129246599806837,0.610670717176294
0.12951595382146,0.609227209775002
0.129748389313482,0.610911792820124
0.130005514491211,0.61117590475006
0.12998011873607,0.610667194978101
0.129774846073288,0.609782869152303
0.129665749847233,0.609087675440082
0.13005765733329,0.606778592171327
0.129827377917494,0.606745672519299
0.129519799737773,0.607875261071776
0.129768398352997,0.608319429062125
0.129717743942061,0.609109276653923
0.129525911480839,0.6116842690415
0.129300652492638,0.611372608608155
0.129518948449981,0.611186909120686
0.12918445430588,0.609913714795854
0.129093290932499,0.610583193852309
0.129165960537515,0.611961022882761
0.129123198016889,0.609137597194284
0.129464508729669,0.608894134937708
0.129057914715193,0.607638083168376
0.129204906576565,0.607806951343179
0.129118027683377,0.609279446775277
0.12911498210484,0.612261449007905
0.129325551703867,0.613326912822706
0.129273672667594,0.612045495440222
0.129647538766172,0.610187226420317
0.129833919625787,0.608727701116359
0.129919122995306,0.604508576113131
0.129830553144954,0.60512603268208
0.129814808704906,0.605829409930538
0.129562117849971,0.605411740854237
0.129510085727593,0.608384786028821
0.129483514908049,0.607496699268333
0.129563675195368,0.605357576726698
0.129724585488411,0.602895638834889
0.129598179798889,0.603900382845611
0.129777814523036,0.603791388139787
0.129916613733937,0.602466745795158
0.130029925441481,0.602837180202108
0.130215304000116,0.600055098888524
0.13074859092452,0.59984286075125
0.130518048237725,0.599875928025479
0.130194915665148,0.598890364457727
0.130076414185699,0.599927070092825
0.130130582430525,0.600933631448686
0.130052788355048,0.600248466280139
0.130290173119296,0.600574013936957
0.12981462173937,0.600744069957385
0.129711214736171,0.599109489335516
0.129649328907123,0.597223722720069
0.129793648820543,0.596482000928826
0.129873087438412,0.597284215245208
0.129879636879119,0.596519223795498
0.129443892080155,0.597121027212486
0.129314301202964,0.598538640352569
0.129329575880402,0.599989300378841
0.129112935382366,0.600369415484315
0.129243436805876,0.599443753037227
0.129319221000286,0.598525744574397
0.129322010949251,0.598839114999233
0.129475049142614,0.600538403304717
0.129366677201107,0.600583212589681
0.129148292948311,0.601863624320132
0.129331022553128,0.602311442199199
0.129133954071437,0.602893399041045
0.129674181443368,0.601200451250362
0.129403866846784,0.600801946101779
0.129493787973512,0.602455390823847
0.129379156149107,0.604512195510874
0.129189277307661,0.607005075656596
0.129249064619769,0.607603606819295
0.129633167801178,0.60714861437694
0.129822208134092,0.608576242872093
0.129582342893448,0.609145064047086
0.12947896269834,0.610866490978139
0.129175236779951,0.607817167269929
0.129091916271853,0.609738677629066
0.129310263395773,0.612003547957022
0.129177761287425,0.611639524067577
0.129722920525552,0.610267590647822
0.129657895925325,0.611491693925788
0.129730594776563,0.612031964301892
0.129488652275039,0.612087215781588
0.129222684364936,0.608377437273591
0.129338665251626,0.608180215353042
0.129341487553793,0.609565099447445
0.129038030109995,0.609428687567184
0.129194827179084,0.606495425693111
0.129087987333685,0.606075326380775
0.129271494921761,0.608774866165873
0.129361011532574,0.604694515410526
0.129528687934549,0.604551050581834
0.129383651970698,0.604786665590757
0.129128399324319,0.603508823508104
0.128942865405438,0.604224454489306
0.129023051406107,0.604968386076069
0.128948513366498,0.605487933986482
0.129051298537029,0.606390214312847
0.129079011322511,0.607167677167423
0.12894948100858,0.606882531501141
0.128883836788599,0.606842983823964
0.1290516226248,0.606702701130721
0.129210525342069,0.607087080336467
0.12914361042192,0.607064974306555
0.129104059656766,0.607610092322795
0.129158142119983,0.606548725935868
0.128962529515522,0.605020172616584
0.129090130199521,0.60440918344187
0.128952641124447,0.600689133220041
0.129125522792424,0.599192022652024
0.129070966822188,0.598452349074081
0.12871693183694,0.600959736278681
0.128538330841782,0.602424213816796
0.128447923940436,0.603150509327843
0.128253867688182,0.602893281132803
0.128476651104233,0.603607438551564
0.128523158383559,0.603344160098752
0.128609036566877,0.600281445495374
0.128545264272925,0.600362522910937
0.128729416545163,0.60126171369391
0.128622342519896,0.602202608205777
0.128543676425777,0.60328128601002
0.128485900579976,0.606640491180694
0.128467439761504,0.608463957989843
0.128776518612605,0.607987145649652
0.128655060970858,0.607840868494772
0.128832669164491,0.608329059672016
0.128927474689581,0.606903020898413
0.128984495942688,0.606807465942719
0.129048348264725,0.607225726245258
0.129308327016124,0.606708425986295
0.129210094026752,0.608051971105287
0.129468750006223,0.606371247309993
0.129423285868343,0.607174018491096
0.129422012281675,0.604718584000585
0.129291847363794,0.607830101070758
0.129729671386464,0.606954310174795
0.129761517538245,0.606840398722702
0.129651329511772,0.60900159769481
0.129386125472509,0.610282701249143
0.129512861701097,0.612305621023344
0.129650927498341,0.612080973527622
0.129971240679386,0.610811433380198
0.130187649022707,0.611473205160458
0.129566331813697,0.611195289106443
0.129379483670717,0.611592484881274
0.129417659135951,0.611284284903162
0.129351471536152,0.609058540644343
0.129257249421905,0.611032849381231
0.129363296362017,0.609651078063224
0.129453980383322,0.61078527776857
0.129510845584795,0.609670634023086
0.129649171937503,0.610269628955564
0.129481683232164,0.611545969745533
0.129364920974047,0.60996509741609
0.128927914397577,0.607093908716826
0.128922239203285,0.606379015044025
0.129263037176871,0.609029558537137
0.129157407410261,0.606459859721589
0.129053974345986,0.60663702039366
0.12900598970953,0.608291158515355
0.128989860877576,0.606633536884896
0.129101037310534,0.608778210341524
0.129519116126983,0.61022371037027
0.128956360595925,0.60878445167447
0.128799932438603,0.610151127193046
0.128821601954032,0.612282421739616
0.128826773262341,0.611779197789464
0.129106936417748,0.61242420302872
0.129234710224734,0.611678557251595
0.129299148715161,0.610971552950349
0.129224853750531,0.609559830292947
0.129512657949055,0.609963711857595
0.129639271636588,0.611847426396855
0.129822213371504,0.612917428315274
0.129598084267194,0.612711877115184
0.129352935535822,0.613342244187704
0.12920829338056,0.612203095542525
0.128983668855999,0.614768136675181
0.128738280331574,0.615732516190162
0.128632872006261,0.614803798976633
0.128895040143394,0.614905895938728
0.129175390492373,0.613599919249939
0.128985870422148,0.614621140663983
0.129020556020765,0.616539284129006
0.129185452590422,0.616903594525355
0.129194326102008,0.618289320911627
0.129299060231804,0.617978859327145
0.128975543875564,0.618855618139651
0.128930552637576,0.615503958996968
0.128902637642964,0.619913894329242
0.12897814024624,0.62103941266476
0.128773176963755,0.622681237974211
0.128953376268227,0.621709750519656
0.128738983994528,0.621473828097203
0.128569294863979,0.620268270882302
0.128567695786862,0.618473569695868
0.128489327635647,0.617168483514184
0.128616538855348,0.618011211193652
0.128757051089414,0.616402896699275
0.128732200259789,0.614907646510942
0.128867035461759,0.61582808751508
0.128592740413719,0.619080375801397
0.128442822420107,0.61787415279682
0.128614045121632,0.618297059625307
0.128842805103691,0.618445280260841
0.128796455771706,0.617340519018242
0.128943098640459,0.61835343283459
0.128711326208968,0.619141865720389
0.128856950436445,0.620283870453351
0.12901119518376,0.621594356000647
0.1291187254221,0.621318925418748
0.129354352323033,0.619994608373976
0.128961451507593,0.6206173723454
0.129060499171313,0.61867050664888
0.129022309549019,0.621591894580207
0.129014559305791,0.619330162849515
0.129121644799297,0.620620243658602
0.12918342145775,0.618443793145082
0.129237237415778,0.620007826611114
0.129209079482835,0.620237647022963
0.12921751304271,0.620477006157671
0.129179621961858,0.621363693632007
0.129030017176788,0.62161387477555
0.129150982121027,0.621279907650329
0.129247617838467,0.62074300774663
0.129165586739376,0.616329234243449
0.129126000700583,0.619519231337095
0.128893099083056,0.619265100528305
0.128691336856853,0.619612075935672
0.128851044608562,0.620507918715308
0.128933787497545,0.619715001063256
0.129203517028564,0.621972404936214
0.12947322522214,0.622934146282824
0.12957731913777,0.623480632292135
0.129585602436892,0.621123093023738
0.129755754259443,0.621811201895208
0.129792649885559,0.623805156008478
0.129523111730801,0.620741942736906
0.129708402388985,0.620046149095165
0.129573639755312,0.617851451208233
0.12947680994587,0.616579528329036
0.129538364735602,0.616768877813847
0.129708447555625,0.617542913530878
0.129414841279603,0.616046354811876
0.129031057218538,0.615600001366528
0.128850349099362,0.619393226049397
0.129095283487829,0.616580789666737
0.129315269825582,0.618319995071562
0.129302634565934,0.617916017431945
0.129301449296032,0.6197166579259
0.128930749521853,0.619008575433644
0.12892991476542,0.617601220172146
0.128803160958507,0.618089087990016
0.128659945553433,0.617715119023672
0.128801430231918,0.616334187829532
0.128811879808055,0.618930318021571
0.128683596655841,0.619636664869517
0.128809132238753,0.619109350902499
0.12867502541037,0.617406803393712
0.128784948120867,0.61776785638276
0.128958153739843,0.620226796523885
0.128901657247881,0.621392251662792
0.128741887426807,0.621314580833829
0.128907689645827,0.619969605413018
0.129124159488725,0.619315654104967
0.129022384563681,0.618007317081068
0.128897515261356,0.617898543823315
0.128842935124395,0.620102752734682
0.128611427291799,0.62212284639453
0.128480214696664,0.623751139804439
0.128488297751454,0.626568893970655
0.12831256214387,0.625868736202447
0.128762981125125,0.624018250711241
0.1289250048197,0.622403579460391
0.128933795762068,0.622908589943454
0.12884537725954,0.62300899072392
0.128836642393967,0.624123933956062
0.128933812008128,0.623866509276929
0.128859719143535,0.623435992760508
0.128960538378994,0.623130500692902
0.12896874561992,0.624521646990802
0.128880725968915,0.623962882300684
0.129206350561898,0.624240574772938
0.128901257799022,0.622747617767078
0.128849958140025,0.621779269027021
0.129129676817885,0.620957582767058
0.128975034134921,0.622126591991926
0.128886357552441,0.622192541193488
0.128929780767951,0.622086759953168
0.128778419262152,0.624327346229118
0.128700084855332,0.623189778590999
0.128646399690478,0.620816214106896
0.128728269091201,0.619610521758291
0.128642058034626,0.62082688267811
0.128846620769826,0.621295076162266
0.128713562963739,0.621819471778895
0.128637224321391,0.620081101118813
0.128452774188958,0.621474864731761
0.128352496283447,0.620335500380307
0.128628026545166,0.622961644562726
0.128707603594684,0.623958637035343
0.128663185528143,0.623826320777333
0.12889859988042,0.624407336147976
0.128834327918788,0.622532368478945
0.128610006422295,0.621702522515335
0.128624406275512,0.618944016786731
0.128652536374414,0.619263883315292
0.128661278460788,0.617338867681079
0.128666759907679,0.616886761194424
0.128884601582188,0.618789209682413
0.128522023753418,0.616325870880294
0.128556190468583,0.615041815246574
0.128420678103636,0.612674910769461
0.128352263287577,0.613573625597152
0.128431947522326,0.615066803449406
0.128354068695717,0.615854554181214
0.128839698336309,0.618294564939986
0.128503024295533,0.620056612234141
0.128378375535899,0.621125261071352
0.128224519998487,0.620707174046778
0.128065279184876,0.620760708152989
0.127936434967973,0.6230863505849
0.128021195894979,0.621249103522555
0.127951977545254,0.619766167423836
0.128025175972688,0.620477895662366
0.128424000075397,0.619053807821612
0.128279067031134,0.62069188186299
0.128491426360598,0.620894111133628
0.128523253202069,0.61961151507703
0.12854684427913,0.619929831565769
0.128331112795105,0.6197635435979
0.128077653690446,0.62257233109536
0.128269746827041,0.623979151070841
0.128206586545958,0.626489482138566
0.128274431496345,0.62786773435514
0.127900999921048,0.6281345694805
0.127884707230585,0.629580642745483
0.128082361719025,0.628185711373305
0.12805565371424,0.62819704232117
0.1281752903172,0.626132818224197
0.128171517389113,0.623000874404081
0.128131350658027,0.625646784595225
0.128391851819628,0.623867755009576
0.128371199502995,0.625648527922677
0.128248402062866,0.625964021312258
0.12797496724877,0.625474083885796
0.12767606858806,0.626391363779314
0.127833153900906,0.629193123134677
0.127825311357138,0.628150295800176
0.128402530285593,0.630610568043619
0.128372521274068,0.629192360372877
0.128204551339012,0.628609395793592
0.128070811431041,0.630244914723725
0.128278728291667,0.630283206827695
0.128352110075112,0.630607422331542
0.128291323193207,0.631319821307579
0.128051031740032,0.632645825607335
0.12844534357929,0.630543882581839
0.128162169952865,0.630654181345684
0.12806367962004,0.630313358692115
0.128237754451456,0.629594462970608
0.128012566748727,0.626518281559712
0.128244746237079,0.627309574473824
0.128165132412559,0.623930894981884
0.128044097091273,0.623166178508991
0.12805545871198,0.6228759622879
0.128194352131665,0.623832470134555
0.128203243057343,0.624573739881005
0.128399946078895,0.624733431921928
0.128234295033659,0.626544328284431
0.12827968195508,0.627001216352961
0.128589415740771,0.63044239554849
0.128618842955584,0.627612752607398
0.12866818506116,0.626822652355375
0.1284854426864,0.626850557983008
0.128768068229415,0.627057919613273
0.128247951264724,0.626625070688603
0.128017029010166,0.626145780236292
0.128282388740877,0.626513788051466
0.128190292821935,0.629841290074094
0.128086217319233,0.629534724840569
0.12792245895255,0.632926635253649
0.127958735728534,0.632430674185432
0.127828309904345,0.631803243831022
0.127648081097191,0.629380046391564
0.127442078960192,0.629185895415539
0.127350685573659,0.629510969468955
0.127492328246275,0.62938518557318
0.127477028673134,0.630797887081345
0.127602579962821,0.630311027526474
0.127518083405937,0.628837431627616
0.12758348873502,0.630025420284919
0.128011816885484,0.628873080527867
0.12807232953327,0.629719833131179
0.128291110778969,0.628594173849594
0.128064300269425,0.631155245501385
0.127817456630561,0.631666054828848
0.127609801873487,0.631070566909566
0.127580260354715,0.632100969867022
0.127275693663218,0.631043338285478
0.127217908113219,0.630192484707414
0.127156047755026,0.631229908814137
0.127227634650531,0.630122071595008
0.127280609947819,0.628762476033705
0.127283398875728,0.626982435214462
0.127176626450587,0.626823294043239
0.127200618215676,0.626392248874783
0.127140178371628,0.62477983245348
0.12712225266145,0.622303412339078
0.12722067191015,0.625569474770799
0.127225784487856,0.627114273686523
0.127264414455724,0.628246097362702
0.12734526314087,0.628381062050652
0.127304787027456,0.629896533663879
0.127293251089377,0.628029732088264
0.127601156259018,0.626636059724258
0.127894079271067,0.63052634373849
0.128015488054034,0.632698088140146
0.127950039792243,0.633261684724149
0.127821079215785,0.633115556629454
0.127601249636461,0.634285780301032
0.127610519659296,0.635265547433615
0.127398914432488,0.633727005257294
0.127664666153077,0.632431825580842
0.127640723938284,0.631985704514323
0.127662420315032,0.63182620202215
0.127572487056993,0.630011514643204
0.128100371839592,0.630396377990635
0.12789517562677,0.629644189742323
0.127781578662695,0.629662021446128
0.127826572746391,0.626793722598771
0.127810578180276,0.625895859508761
0.128014306742482,0.624705086840684
0.127968673481348,0.624555615649581
0.127922054347079,0.625475448815934
0.127751077722066,0.624150929759988
0.12783146469078,0.626844038591776
0.127641207993014,0.624404157812438
0.127387994713063,0.626775765173117
0.126997304229375,0.629596735280832
0.127183537198933,0.630138209190047
0.127229707824857,0.631450496382727
0.127232922831315,0.631460646330086
0.127064262445445,0.631827681856927
0.127117278023698,0.631610566047647
0.127262253424917,0.630980349715382
0.127218840374832,0.629627773538096
0.127144059133978,0.629623165129322
0.126783491392576,0.62818464445503
0.126715651632475,0.627856853917031
0.126648761089028,0.626872201630854
0.126522303254557,0.623995365483042
0.126600593149203,0.627175972345895
0.126763316610988,0.627902259208568
0.126752707495753,0.62838431622085
0.126725227726591,0.628863490037458
0.126890047148962,0.628809657957297
0.126953264503894,0.630677892800768
0.126898127529342,0.629904812392737
0.126907804504397,0.629698766589693
0.127192621975283,0.629565452027306
0.127169563566246,0.629542691234211
0.127013162356831,0.630172591940785
0.126957338447272,0.629819590608769
0.127109354856156,0.627784658899489
0.127044636351202,0.627445677630645
0.1269424598157,0.623813209897379
0.126930933874887,0.624709741485582
0.127295100426597,0.625763828904828
0.12732829594394,0.626488826482231
0.127243272542749,0.626824706446971
0.127335569157679,0.625773021598451
0.127626180673395,0.625137053045263
0.127933748545499,0.62376095109837
0.127933433720832,0.625080936247605
0.127744780580993,0.624966388682271
0.12767170878639,0.629147147682488
0.127731048969366,0.63094980619146
0.127966779017749,0.632172364108011
0.128131350914994,0.630615218209614
0.127865369818664,0.63116838610944
0.12781536903465,0.630998431263811
0.127825117861584,0.631350431952816
0.127806211472558,0.631834862400971
0.127693440323136,0.631966620185366
0.127492730781821,0.63146663183162
0.127520564003572,0.632899807131077
0.127741219362545,0.631593757355259
0.127734567702166,0.630642482214599
0.127515018646032,0.630331801744749
0.127596543056388,0.629018009441114
0.127449540121834,0.630407547670516
0.127398243632267,0.631818240853842
0.127477783543821,0.632113295079619
0.127546603615807,0.63141050089789
0.127453397607653,0.631720667264465
0.127377170067592,0.633958143360802
0.127556404074995,0.634170647878724
0.127227172715964,0.636020796118154
0.127101487119071,0.635793362874981
0.12703580442752,0.635043160764115
0.127126578776174,0.633562873596809
0.127488494757526,0.634345125829598
0.127376557919118,0.635118611812235
0.12753601668674,0.635055017317046
0.127484146805258,0.635873147802053
0.127526489378522,0.635274709809332
0.127683384431702,0.63414550718646
0.127689498722136,0.635098838550799
0.127734788032149,0.635102810640608
0.127583815422809,0.63267272693882
0.127685537514317,0.632049564545597
0.127323763619803,0.632455419228295
0.12717855802691,0.635811821548244
0.127074692250519,0.635440373228314
0.126870531391089,0.634415262749666
0.12691020093763,0.632777739668324
0.126760414191711,0.63397146252704
0.126901601887856,0.633996775807415
0.126824815658961,0.635777283585095
0.127052892200545,0.637708554195826
0.126929678086539,0.635125641778085
0.126905098942578,0.63848916064382
0.126854207670728,0.637815326785152
0.12686138324079,0.637731270713552
0.126937026458179,0.63574135092099
0.127057779494418,0.635372280123603
0.127203282936029,0.633282918631611
0.127396152794246,0.633030495768532
0.127379882892502,0.633043734279677
0.127447976334941,0.635974759856842
0.127246345771784,0.63538037819881
0.127157567873237,0.636191920435836
0.127104352634127,0.637345169199426
0.126967835900835,0.636954377073629
0.126875088831021,0.636433930283982
0.126822371463961,0.636350029203381
0.126724311389743,0.636335387601942
0.127010239976297,0.637700523990444
0.127132581797207,0.63863737315499
0.126955515096759,0.639266231820577
0.127083953724554,0.637882560012453
0.127098019616848,0.640191140661722
0.126909241443491,0.638139099587639
0.12700649486958,0.636317296464063
0.127028220263007,0.635985566659886
0.126847471121452,0.636698153298755
0.126957609677906,0.634526390929399
0.126885188667807,0.634853061857119
0.126919515154863,0.634330716183785
0.126888184247563,0.634975245270092
0.126899723680881,0.636023449826686
0.127086749479069,0.633470835870124
0.126971674185861,0.634146039390612
0.126979321977992,0.633100561881136
0.127222108398104,0.63509894249146
0.127260976749321,0.632764059582408
0.127331807910518,0.631893985596213
0.127296295214739,0.631862868515347
0.127182382110679,0.630696702803366
0.12705749981973,0.632104650152091
0.126737777994357,0.631832970313451
0.126779415645605,0.629645319751083
0.12687783213899,0.628806860645526
0.126908663474815,0.626008750515898
0.127032631969716,0.626090929486511
0.12719355626988,0.624565902010892
0.127043741411003,0.624904700424199
0.127269134925097,0.627339062576133
0.127396422114032,0.627533039693656
0.12693078738783,0.628480224618477
0.127018635406558,0.630632395157146
0.127353898543292,0.628730203360319
0.127447581674694,0.628570923541073
0.127609984096112,0.627383451752067
0.12727039512747,0.627277967661173
0.12727572401293,0.627713982973872
0.12709378546307,0.627942488562049
0.127346185431461,0.625956207806465
0.127176577603658,0.625189222989945
0.126909099790444,0.625985130586257
0.127087543237439,0.625351891045547
0.126979506979676,0.624904504635385
0.126849242502304,0.626520959211133
0.126789471398224,0.628408828536539
0.12704531837806,0.628404863037088
0.127040067226521,0.627608300918689
0.126954034937273,0.629075846706583
0.126861279370081,0.62824199194548
0.126614379493969,0.629662423265936
0.12684918867629,0.629894167795585
0.126934307593653,0.629365413984225
0.126924533583071,0.631187721072332
0.127152213465355,0.63074577505028
0.127212132793602,0.632014168644453
0.127216511690187,0.633273845105843
0.127592377172191,0.632041026180967
0.127977496069472,0.633734125311367
0.127726715942448,0.635083333234726
0.127702892389751,0.635649590243803
0.127859238598336,0.635923820235278
0.12764193950692,0.63453221016642
0.127907363011002,0.635745431062993
0.127961037757766,0.635161475641338
0.128068287741089,0.632829879807275
0.127743907116248,0.633574756184909
0.127611790969996,0.633926705741543
0.127673402208422,0.630739004894415
0.127237717028076,0.630419453919244
0.12697235216039,0.630224479960015
0.126919504734333,0.631765521072191
0.127053176001759,0.631621434973469
0.126955500718384,0.630951944800919
0.12669351146277,0.630358750728623
0.126374445703619,0.628359560701464
0.126501497668241,0.627659329688265
0.126437680373097,0.629228339692161
0.126505082626828,0.626829293388661
0.126823305121308,0.626549159876882
0.126314635698748,0.627961061543248
0.12617304103035,0.627239405027198
0.126475023842164,0.625682978629489
0.126228630027868,0.62604847484322
0.126212293307471,0.628229282487687
0.125972289033364,0.627678399464957
0.125863079747397,0.626295804580538
0.126013228962092,0.624968150962534
0.125929936718642,0.623176821770203
0.125783324489647,0.62419417874575
0.12590170186888,0.623988118178878
0.126171332212468,0.626139287898519
0.12626369118243,0.625868129662451
0.126156776338409,0.624344676451407
0.126030251758827,0.625565196159158
0.126267873868496,0.6259893768615
0.126510255306093,0.625605781487661
0.126158211243859,0.625101271364957
0.126226539169424,0.626978810017716
0.126158348928895,0.626298304841387
0.126065377735791,0.626570516502977
0.126013271784868,0.625104546405816
0.126072877281225,0.627331242645493
0.126097287767034,0.625618309824784
0.126113191619276,0.626303655031521
0.126320377371053,0.624867698706624
0.12660130231144,0.623287241139699
0.126502277425647,0.626169235768682
0.126701312524438,0.6285342925836
0.127010233109749,0.626815249182103
0.126907372814044,0.625319736804504
0.126607958423548,0.62566641891366
0.126893174384323,0.626667194303664
0.127126109166107,0.627600137458943
0.127307917929879,0.628252119796852
0.127403435370635,0.629991532786416
0.127016493376177,0.63176888107616
0.126574688716745,0.631381926155738
0.126617488715892,0.632890957424479
0.126494525268328,0.632486246913793
0.126728563618327,0.632838220435533
0.126766140977644,0.630686761958539
0.126791736146857,0.633128855046083
0.126740114802999,0.63314034651507
0.127062036824091,0.633046277052314
0.127089767342361,0.632999316568897
0.127257892698248,0.632671751369722
0.127338101926789,0.634783059452903
0.127763163059776,0.63608142027943
0.127686723766665,0.636636335565148
0.12772425158783,0.638646622650624
0.128025830812294,0.638727192764359
0.127811603999563,0.638521213953927
0.127431927328652,0.637492764601452
0.127057968558701,0.63658104810051
0.126896566387231,0.637453881039244
0.12736327279683,0.637970720682926
0.127560757375695,0.640115731978274
0.127686771524681,0.637241383491986
0.128086896930155,0.639562099367546
0.128215292777725,0.640760736136913
0.127970584552226,0.641039915722295
0.128076840605254,0.640245130561455
0.128361925612681,0.636587782950761
0.128045698199149,0.63656423420899
0.128327708649225,0.635409376066634
0.12816496790673,0.636133955595836
0.12808447089664,0.634654079417453
0.127442775323089,0.636172763535164
0.128021265006833,0.637889181021967
0.12850085725909,0.639959163989591
0.128481086386396,0.640461735941459
0.128198669569059,0.639150274194547
0.128820933896414,0.638804441995031
0.12873179062175,0.637750616986772
0.128723150632639,0.63607862327901
0.128365461888721,0.636896136487891
0.127920377631603,0.638332097441062
0.128093725490012,0.636736717057651
0.127535924402582,0.634591202315259
0.12735105431504,0.63682018295978
0.127294973126863,0.637121014642299
0.127192838872505,0.63627729398044
0.127007347966754,0.635599547878093
0.127084358752275,0.634297592984147
0.127240289960918,0.63570432166831
0.126913225188038,0.635506123516344
0.12663574178903,0.635815595648774
0.126374076870423,0.638647069130669
0.126411259923848,0.638028489234829
0.126922372760694,0.636985865081686
0.127018201776776,0.635270422072413
0.127186637679932,0.634349310303491
0.127263434995577,0.633953344781422
0.12785198146323,0.633040220136116
0.127901529098895,0.633671476592188
0.127411331140323,0.634031803364235
0.12725826618911,0.633116104711814
0.127662033335154,0.631474935345098
0.127601889389546,0.632925966216582
0.127361744456674,0.63349350731247
0.127318155962961,0.632266959003112
0.127296752184954,0.632712806174422
0.12760495510757,0.632849490978231
0.127469713487982,0.63400833390923
0.127234387171445,0.632136936478653
0.127199109942229,0.633946885873321
0.127064777318696,0.634209207211159
0.127081766207256,0.635732339272091
0.127027746142321,0.633910769223412
0.12707111443089,0.633461325577508
0.126884373147925,0.63445014021156
0.126940646509999,0.634210366931787
0.12689114702745,0.633770927753992
0.126947192375094,0.633828708560431
0.127182690027457,0.634184676909729
0.126979092591464,0.634320529762576
0.126911338749118,0.635749826154383
0.126867740157897,0.634954439882679
0.126801976123695,0.635047783310588
0.126745557435326,0.633432743724086
0.126681050789049,0.632530774505936
0.126735118507584,0.633160850347486
0.126781622165531,0.633647966811132
0.126700949836584,0.634406424832882
0.12671890963013,0.634568865638225
0.126889176290424,0.636418969717514
0.126934518804247,0.636695982725456
0.12707598029311,0.635820234951712
0.127244609076624,0.633075359637805
0.126764384371609,0.633755585714109
0.12653068780767,0.63560537840243
0.126614082823139,0.637357734062011
0.126455007862128,0.63801598189848
0.126598265711759,0.64110285872966
0.126522954680693,0.637921830367738
0.126701408201695,0.638772976262051
0.126566229108435,0.635647996472768
0.126564955026022,0.634162010985516
0.126531157213112,0.636640958248255
