"bf","lr","best.iter","cv.r.squared"
0.5,0.1,123,0.580607211033117
0.5,0.1,81,0.473743563814638
0.5,0.1,478,0.557545155017719
0.5,0.1,171,0.550512457208451
0.5,0.1,120,0.567659038134052
0.5,0.1,90,0.538186954359127
0.5,0.1,131,0.565209143685506
0.5,0.1,252,0.566295216097969
0.5,0.1,67,0.518571993587496
0.5,0.1,119,0.540190274732257
0.6,0.1,106,0.502534780049662
0.6,0.1,100,0.532677118045718
0.6,0.1,120,0.572617725358401
0.6,0.1,105,0.595668544380501
0.6,0.1,279,0.518191795904522
0.6,0.1,185,0.541508942774987
0.6,0.1,125,0.522372770761134
0.6,0.1,409,0.604673081804365
0.6,0.1,153,0.515709116606439
0.6,0.1,135,0.564169543628418
0.7,0.1,112,0.61038817184097
0.7,0.1,210,0.59206102574976
0.7,0.1,69,0.562597666155472
0.7,0.1,224,0.56331225349853
0.7,0.1,101,0.594331706128261
0.7,0.1,79,0.560413020098077
0.7,0.1,131,0.571575110160659
0.7,0.1,104,0.597994941855201
0.7,0.1,77,0.587118909101969
0.7,0.1,86,0.516752289917847
0.5,0.05,234,0.576351050052005
0.5,0.05,310,0.558035709110535
0.5,0.05,171,0.563330850778922
0.5,0.05,211,0.564576832781828
0.5,0.05,183,0.558686799988289
0.5,0.05,160,0.569881851661803
0.5,0.05,148,0.538001885744269
0.5,0.05,120,0.556486049109846
0.5,0.05,385,0.565765842306373
0.5,0.05,274,0.553419724690717
0.6,0.05,299,0.584418971724883
0.6,0.05,141,0.655859817877444
0.6,0.05,244,0.575082599299987
0.6,0.05,159,0.59181982958578
0.6,0.05,345,0.599167512747041
0.6,0.05,112,0.570805790462057
0.6,0.05,277,0.627443421794593
0.6,0.05,173,0.552063333021029
0.6,0.05,122,0.603501397573306
0.6,0.05,277,0.570793158557046
0.7,0.05,167,0.572584763642865
0.7,0.05,337,0.582948644360147
0.7,0.05,424,0.598535895012207
0.7,0.05,172,0.580051787041405
0.7,0.05,387,0.604181315267711
0.7,0.05,367,0.663486512625512
0.7,0.05,174,0.615990555785813
0.7,0.05,237,0.605115225164628
0.7,0.05,291,0.607887870651565
0.7,0.05,184,0.561283598525503
0.5,0.01,1562,0.610379167027108
0.5,0.01,2431,0.58876013355829
0.5,0.01,1795,0.604974724783061
0.5,0.01,2295,0.580851427976993
0.5,0.01,942,0.567142486130757
0.5,0.01,1087,0.55217851929369
0.5,0.01,1335,0.599234800066132
0.5,0.01,3229,0.571075991259501
0.5,0.01,1050,0.595143307857644
0.5,0.01,3128,0.605148954732852
0.6,0.01,979,0.598297561621545
0.6,0.01,2010,0.596280080870408
0.6,0.01,1702,0.629618049887355
0.6,0.01,2008,0.631085036046946
0.6,0.01,1120,0.618783495870765
0.6,0.01,1400,0.60249040309599
0.6,0.01,727,0.57302238095414
0.6,0.01,874,0.593773388554334
0.6,0.01,1110,0.581139936648652
0.6,0.01,1234,0.623855750432925
0.7,0.01,1188,0.581425814331565
0.7,0.01,1102,0.615353367030053
0.7,0.01,2092,0.592621331316791
0.7,0.01,1288,0.602587465479057
0.7,0.01,1258,0.615618660124372
0.7,0.01,827,0.611858539469828
0.7,0.01,754,0.592331826657257
0.7,0.01,817,0.659435694049061
0.7,0.01,940,0.58349903474405
0.7,0.01,1415,0.577454819641567
0.5,0.005,2558,0.59239033363315
0.5,0.005,5929,0.538252111222872
0.5,0.005,2819,0.585131425749057
0.5,0.005,6454,0.605809617520702
0.5,0.005,1763,0.579004036871957
0.5,0.005,1999,0.581244386287132
0.5,0.005,1748,0.567889525614538
0.5,0.005,3115,0.55347159862244
0.5,0.005,6329,0.536153692731205
0.5,0.005,2389,0.553831197435967
0.6,0.005,2663,0.564091448251649
0.6,0.005,1667,0.585526859031391
0.6,0.005,3453,0.614487120528464
0.6,0.005,5171,0.586059329377448
0.6,0.005,2571,0.619768281204828
0.6,0.005,2612,0.60068956938693
0.6,0.005,1656,0.569951085217933
0.6,0.005,2797,0.597250052427999
0.6,0.005,1735,0.59633313682436
0.6,0.005,2519,0.611284564518379
0.7,0.005,3204,0.636362588204059
0.7,0.005,2077,0.608569350043907
0.7,0.005,4903,0.642882378981956
0.7,0.005,2342,0.617070632659626
0.7,0.005,4865,0.604396504056752
0.7,0.005,3562,0.607258166655293
0.7,0.005,2195,0.614794256710016
0.7,0.005,1406,0.622928149212111
0.7,0.005,3566,0.63860950308806
0.7,0.005,4140,0.633188751926818
0.5,0.001,12354,0.549255740572883
0.5,0.001,8093,0.567679513502251
0.5,0.001,11583,0.57808023615066
0.5,0.001,12034,0.573056087041287
0.5,0.001,17886,0.614685772937052
0.5,0.001,12364,0.57303198775856
0.5,0.001,11930,0.591573813884702
0.5,0.001,15980,0.553937832507547
0.5,0.001,15441,0.56075224202935
0.5,0.001,8268,0.572754426477819
0.6,0.001,11717,0.570663232721835
0.6,0.001,13806,0.55837079053544
0.6,0.001,10980,0.623425325615367
0.6,0.001,12932,0.59461546854429
0.6,0.001,11770,0.593979249772766
0.6,0.001,7243,0.578711138836875
0.6,0.001,9305,0.596382355171696
0.6,0.001,15935,0.587957773125256
0.6,0.001,11495,0.610623570378424
0.6,0.001,9784,0.563935160887955
0.7,0.001,20972,0.618672615612549
0.7,0.001,19321,0.62760841405624
0.7,0.001,9717,0.57959803242494
0.7,0.001,15728,0.653686290734632
0.7,0.001,11176,0.590924327134866
0.7,0.001,14921,0.619228888236879
0.7,0.001,14431,0.569608785857693
0.7,0.001,10816,0.640680229104407
0.7,0.001,39446,0.602202913983162
0.7,0.001,9355,0.626066291562743
0.5,5e-04,20658,0.567184610003449
0.5,5e-04,31542,0.603916900666602
0.5,5e-04,38479,0.545528335468872
0.5,5e-04,20051,0.543084882870488
0.5,5e-04,26244,0.578616295145745
0.5,5e-04,22597,0.554563401633113
0.5,5e-04,31314,0.574211119817851
0.5,5e-04,38877,0.581072551709918
0.5,5e-04,20133,0.542130287630848
0.5,5e-04,27506,0.56215010310472
0.6,5e-04,22586,0.609892165324385
0.6,5e-04,39753,0.576243452176602
0.6,5e-04,34355,0.603985350424809
0.6,5e-04,18723,0.582034300342437
0.6,5e-04,20123,0.563454618808066
0.6,5e-04,21481,0.625785821292933
0.6,5e-04,14088,0.59748758407557
0.6,5e-04,20000,0.611227532147746
0.6,5e-04,29843,0.608441875949561
0.6,5e-04,20942,0.58504119000311
0.7,5e-04,22467,0.617390630259614
0.7,5e-04,22514,0.584008947207542
0.7,5e-04,30352,0.612750542897852
0.7,5e-04,16848,0.599332011208295
0.7,5e-04,26839,0.627745550006542
0.7,5e-04,35136,0.605753654372834
0.7,5e-04,38287,0.630289657806995
0.7,5e-04,39586,0.631678658059116
0.7,5e-04,29751,0.594948838502442
0.7,5e-04,17040,0.603218098226448
