"Value","Chl_a","Chl_a_modified","Var"
22.3,1.37557963632561,0.287830946052832,"NtoTP"
23.3444444444444,1.37557963632561,0.287830946052832,"NtoTP"
24.3888888888889,1.37557963632561,0.287830946052832,"NtoTP"
25.4333333333333,1.37557963632561,0.287830946052832,"NtoTP"
26.4777777777778,1.37557963632561,0.287830946052832,"NtoTP"
27.5222222222222,1.37557963632561,0.287830946052832,"NtoTP"
28.5666666666667,1.37557963632561,0.287830946052832,"NtoTP"
29.6111111111111,1.37557963632561,0.287830946052832,"NtoTP"
30.6555555555556,1.37557963632561,0.287830946052832,"NtoTP"
31.7,1.37557963632561,0.287830946052832,"NtoTP"
32.7444444444444,1.37557963632561,0.287830946052832,"NtoTP"
33.7888888888889,1.37557963632561,0.287830946052832,"NtoTP"
34.8333333333333,1.37557963632561,0.287830946052832,"NtoTP"
35.8777777777778,1.37557963632561,0.287830946052832,"NtoTP"
36.9222222222222,1.37557963632561,0.287830946052832,"NtoTP"
37.9666666666667,1.37557963632561,0.287830946052832,"NtoTP"
39.0111111111111,1.37557963632561,0.287830946052832,"NtoTP"
40.0555555555556,1.3262485063947,0.277508733203131,"NtoTP"
41.1,1.30144410062958,0.272318575258714,"NtoTP"
42.1444444444444,1.24250975766647,0.259986953561125,"NtoTP"
43.1888888888889,1.16527006998785,0.243825059483696,"NtoTP"
44.2333333333333,1.15391574141048,0.241449241283197,"NtoTP"
45.2777777777778,1.16192590356753,0.243125314765833,"NtoTP"
46.3222222222222,1.16735181280534,0.244260650407533,"NtoTP"
47.3666666666667,1.16831317402039,0.244461808886998,"NtoTP"
48.4111111111111,1.16831317402039,0.244461808886998,"NtoTP"
49.4555555555556,1.17211953289035,0.245258264319766,"NtoTP"
50.5,1.16900981071944,0.244607575511369,"NtoTP"
51.5444444444445,1.16124741002505,0.242983344477043,"NtoTP"
52.5888888888889,1.16802168406851,0.244400816541371,"NtoTP"
53.6333333333333,1.16989891910697,0.244793615564281,"NtoTP"
54.6777777777778,1.17678451337513,0.24623438064978,"NtoTP"
55.7222222222222,1.17731501070797,0.246345383709987,"NtoTP"
56.7666666666667,1.17786416233045,0.246460290056991,"NtoTP"
57.8111111111111,1.17728214332796,0.24633850642798,"NtoTP"
58.8555555555556,1.1778758417834,0.246462733905317,"NtoTP"
59.9,1.1795843371129,0.24682022525953,"NtoTP"
60.9444444444444,1.18860579898644,0.248707906522954,"NtoTP"
61.9888888888889,1.19402823462962,0.249842515337939,"NtoTP"
63.0333333333333,1.20310211085174,0.251741163957335,"NtoTP"
64.0777777777778,1.19954910793024,0.250997721582049,"NtoTP"
65.1222222222222,1.1426016522665,0.239081842918143,"NtoTP"
66.1666666666667,0.935067193549626,0.195656629274678,"NtoTP"
67.2111111111111,0.866361045543528,0.181280321965371,"NtoTP"
68.2555555555556,0.853626233151734,0.178615646651969,"NtoTP"
69.3,0.813419245034912,0.170202600164517,"NtoTP"
70.3444444444444,0.813419245034912,0.170202600164517,"NtoTP"
71.3888888888889,0.723422340068636,0.151371342697328,"NtoTP"
72.4333333333333,0.723422340068636,0.151371342697328,"NtoTP"
73.4777777777778,0.723422340068636,0.151371342697328,"NtoTP"
74.5222222222222,0.621974091063488,0.130143967185611,"NtoTP"
75.5666666666667,0.620142352208614,0.129760687938378,"NtoTP"
76.6111111111111,0.617013889735615,0.129106077845646,"NtoTP"
77.6555555555556,0.612210816374498,0.12810106649408,"NtoTP"
78.7,0.608133483861788,0.127247911617754,"NtoTP"
79.7444444444445,0.608133483861788,0.127247911617754,"NtoTP"
80.7888888888889,0.608133483861788,0.127247911617754,"NtoTP"
81.8333333333333,0.608133483861788,0.127247911617754,"NtoTP"
82.8777777777778,0.608133483861788,0.127247911617754,"NtoTP"
83.9222222222222,0.608133483861788,0.127247911617754,"NtoTP"
84.9666666666667,0.608133483861788,0.127247911617754,"NtoTP"
86.0111111111111,0.608133483861788,0.127247911617754,"NtoTP"
87.0555555555556,0.608133483861788,0.127247911617754,"NtoTP"
88.1,0.608133483861788,0.127247911617754,"NtoTP"
89.1444444444444,0.608133483861788,0.127247911617754,"NtoTP"
90.1888888888889,0.608133483861788,0.127247911617754,"NtoTP"
91.2333333333333,0.608133483861788,0.127247911617754,"NtoTP"
92.2777777777778,0.608133483861788,0.127247911617754,"NtoTP"
93.3222222222222,0.608133483861788,0.127247911617754,"NtoTP"
94.3666666666667,0.608133483861788,0.127247911617754,"NtoTP"
95.4111111111111,0.608133483861788,0.127247911617754,"NtoTP"
96.4555555555556,0.608133483861788,0.127247911617754,"NtoTP"
97.5,0.608133483861788,0.127247911617754,"NtoTP"
98.5444444444445,0.608133483861788,0.127247911617754,"NtoTP"
99.5888888888889,0.608133483861788,0.127247911617754,"NtoTP"
100.633333333333,0.608133483861788,0.127247911617754,"NtoTP"
101.677777777778,0.608133483861788,0.127247911617754,"NtoTP"
102.722222222222,0.608133483861788,0.127247911617754,"NtoTP"
103.766666666667,0.608133483861788,0.127247911617754,"NtoTP"
104.811111111111,0.608133483861788,0.127247911617754,"NtoTP"
105.855555555556,0.608133483861788,0.127247911617754,"NtoTP"
106.9,0.608133483861788,0.127247911617754,"NtoTP"
107.944444444444,0.608133483861788,0.127247911617754,"NtoTP"
108.988888888889,0.608133483861788,0.127247911617754,"NtoTP"
110.033333333333,0.608133483861788,0.127247911617754,"NtoTP"
111.077777777778,0.608133483861788,0.127247911617754,"NtoTP"
112.122222222222,0.608133483861788,0.127247911617754,"NtoTP"
113.166666666667,0.608133483861788,0.127247911617754,"NtoTP"
114.211111111111,0.608133483861788,0.127247911617754,"NtoTP"
115.255555555556,0.608133483861788,0.127247911617754,"NtoTP"
116.3,0.608133483861788,0.127247911617754,"NtoTP"
117.344444444444,0.608133483861788,0.127247911617754,"NtoTP"
118.388888888889,0.608133483861788,0.127247911617754,"NtoTP"
119.433333333333,0.608133483861788,0.127247911617754,"NtoTP"
120.477777777778,0.608133483861788,0.127247911617754,"NtoTP"
121.522222222222,0.608133483861788,0.127247911617754,"NtoTP"
122.566666666667,0.608133483861788,0.127247911617754,"NtoTP"
123.611111111111,0.608133483861788,0.127247911617754,"NtoTP"
124.655555555556,0.608133483861788,0.127247911617754,"NtoTP"
125.7,0.608133483861788,0.127247911617754,"NtoTP"
3.2,1.32726062722136,0.277720512795795,"TEMP"
3.31313131313131,1.32726062722136,0.277720512795795,"TEMP"
3.42626262626263,1.32726062722136,0.277720512795795,"TEMP"
3.53939393939394,1.32726062722136,0.277720512795795,"TEMP"
3.65252525252525,1.32726062722136,0.277720512795795,"TEMP"
3.76565656565657,1.32726062722136,0.277720512795795,"TEMP"
3.87878787878788,1.32726062722136,0.277720512795795,"TEMP"
3.99191919191919,1.32726062722136,0.277720512795795,"TEMP"
4.1050505050505,1.32726062722136,0.277720512795795,"TEMP"
4.21818181818182,1.32726062722136,0.277720512795795,"TEMP"
4.33131313131313,1.32726062722136,0.277720512795795,"TEMP"
4.44444444444444,1.32726062722136,0.277720512795795,"TEMP"
4.55757575757576,1.32726062722136,0.277720512795795,"TEMP"
4.67070707070707,1.32726062722136,0.277720512795795,"TEMP"
4.78383838383838,1.32726062722136,0.277720512795795,"TEMP"
4.8969696969697,1.32726062722136,0.277720512795795,"TEMP"
5.01010101010101,1.32726062722136,0.277720512795795,"TEMP"
5.12323232323232,1.32726062722136,0.277720512795795,"TEMP"
5.23636363636364,1.32726062722136,0.277720512795795,"TEMP"
5.34949494949495,1.32726062722136,0.277720512795795,"TEMP"
5.46262626262626,1.32726062722136,0.277720512795795,"TEMP"
5.57575757575758,1.32726062722136,0.277720512795795,"TEMP"
5.68888888888889,1.32726062722136,0.277720512795795,"TEMP"
5.8020202020202,1.32687046853421,0.277638874669533,"TEMP"
5.91515151515152,1.32654777201415,0.277571352555796,"TEMP"
6.02828282828283,1.32702695651525,0.27767161874515,"TEMP"
6.14141414141414,1.32762635384525,0.277797038674319,"TEMP"
6.25454545454545,1.32961076101784,0.278212262757866,"TEMP"
6.36767676767677,1.32913261168972,0.278112213171617,"TEMP"
6.48080808080808,1.32325871930331,0.276883140017331,"TEMP"
6.59393939393939,1.32325871930331,0.276883140017331,"TEMP"
6.70707070707071,1.32276658925216,0.276780165057201,"TEMP"
6.82020202020202,1.3226778066223,0.276761587878774,"TEMP"
6.93333333333333,1.3226778066223,0.276761587878774,"TEMP"
7.04646464646465,1.32397836468345,0.277033721056128,"TEMP"
7.15959595959596,1.32502109032789,0.277251904504609,"TEMP"
7.27272727272727,1.3164986092191,0.275468631667847,"TEMP"
7.38585858585859,1.31735058780313,0.275646902554813,"TEMP"
7.4989898989899,1.31835979360519,0.275858072197848,"TEMP"
7.61212121212121,1.31835979360519,0.275858072197848,"TEMP"
7.72525252525253,1.31807702399979,0.275798904527079,"TEMP"
7.83838383838384,1.31777329386713,0.275735351004536,"TEMP"
7.95151515151515,1.31777329386713,0.275735351004536,"TEMP"
8.06464646464647,1.31638552080378,0.275444968664479,"TEMP"
8.17777777777778,1.31598655561991,0.275361487836992,"TEMP"
8.29090909090909,1.31607815278107,0.275380653937488,"TEMP"
8.4040404040404,1.30902069889974,0.273903928363961,"TEMP"
8.51717171717172,1.30789309156076,0.273667983981983,"TEMP"
8.63030303030303,1.30760824239912,0.273608381177816,"TEMP"
8.74343434343434,1.31678197901654,0.275527924924832,"TEMP"
8.85656565656566,1.07153618579878,0.224211863816296,"TEMP"
8.96969696969697,1.0678693087156,0.22344459402541,"TEMP"
9.08282828282828,1.06878801478306,0.2236368271972,"TEMP"
9.1959595959596,1.07499811831175,0.224936250310588,"TEMP"
9.30909090909091,1.00903228196077,0.211133335101125,"TEMP"
9.42222222222222,0.954885592793435,0.199803498312981,"TEMP"
9.53535353535354,0.954506978471749,0.199724275768882,"TEMP"
9.64848484848485,0.955287397780325,0.199887573350478,"TEMP"
9.76161616161616,0.991704018108462,0.207507510433215,"TEMP"
9.87474747474747,0.990391139053212,0.207232799169289,"TEMP"
9.98787878787879,0.985439863248627,0.206196777436073,"TEMP"
10.1010101010101,0.991501738710489,0.207465184806295,"TEMP"
10.2141414141414,0.990620657332851,0.207280824352143,"TEMP"
10.3272727272727,0.975769797749455,0.204173380151381,"TEMP"
10.440404040404,1.00947406073404,0.211225774389187,"TEMP"
10.5535353535354,1.00491892053374,0.210272641412636,"TEMP"
10.6666666666667,0.972562239632014,0.203502219817888,"TEMP"
10.779797979798,0.855612268139231,0.179031211345026,"TEMP"
10.8929292929293,0.841371590428374,0.176051443667672,"TEMP"
11.0060606060606,0.801861972593086,0.167784317301878,"TEMP"
11.1191919191919,0.702918934250884,0.147081140561454,"TEMP"
11.2323232323232,0.702918934250884,0.147081140561454,"TEMP"
11.3454545454545,0.702918934250884,0.147081140561454,"TEMP"
11.4585858585859,0.701676819202404,0.146821236198181,"TEMP"
11.5717171717172,0.701676819202404,0.146821236198181,"TEMP"
11.6848484848485,0.701676819202404,0.146821236198181,"TEMP"
11.7979797979798,0.701676819202404,0.146821236198181,"TEMP"
11.9111111111111,0.702109240213355,0.146911717436336,"TEMP"
12.0242424242424,0.702109240213355,0.146911717436336,"TEMP"
12.1373737373737,0.702109240213355,0.146911717436336,"TEMP"
12.2505050505051,0.702109240213355,0.146911717436336,"TEMP"
12.3636363636364,0.702109240213355,0.146911717436336,"TEMP"
12.4767676767677,0.702109240213355,0.146911717436336,"TEMP"
12.589898989899,0.702109240213355,0.146911717436336,"TEMP"
12.7030303030303,0.702109240213355,0.146911717436336,"TEMP"
12.8161616161616,0.702109240213355,0.146911717436336,"TEMP"
12.9292929292929,0.702109240213355,0.146911717436336,"TEMP"
13.0424242424242,0.702109240213355,0.146911717436336,"TEMP"
13.1555555555556,0.702109240213355,0.146911717436336,"TEMP"
13.2686868686869,0.702109240213355,0.146911717436336,"TEMP"
13.3818181818182,0.702109240213355,0.146911717436336,"TEMP"
13.4949494949495,0.702109240213355,0.146911717436336,"TEMP"
13.6080808080808,0.702109240213355,0.146911717436336,"TEMP"
13.7212121212121,0.702109240213355,0.146911717436336,"TEMP"
13.8343434343434,0.702109240213355,0.146911717436336,"TEMP"
13.9474747474747,0.702109240213355,0.146911717436336,"TEMP"
14.0606060606061,0.702109240213355,0.146911717436336,"TEMP"
14.1737373737374,0.702109240213355,0.146911717436336,"TEMP"
14.2868686868687,0.702109240213355,0.146911717436336,"TEMP"
14.4,0.702109240213355,0.146911717436336,"TEMP"
129,0.752426948122562,0.157440365206525,"Ordinal_date"
130.424242424242,0.752426948122562,0.157440365206525,"Ordinal_date"
131.848484848485,0.752426948122562,0.157440365206525,"Ordinal_date"
133.272727272727,0.752426948122562,0.157440365206525,"Ordinal_date"
134.69696969697,0.752426948122562,0.157440365206525,"Ordinal_date"
136.121212121212,0.752426948122562,0.157440365206525,"Ordinal_date"
137.545454545455,0.752426948122562,0.157440365206525,"Ordinal_date"
138.969696969697,0.752426948122562,0.157440365206525,"Ordinal_date"
140.393939393939,0.752426948122562,0.157440365206525,"Ordinal_date"
141.818181818182,0.752426948122562,0.157440365206525,"Ordinal_date"
143.242424242424,0.752426948122562,0.157440365206525,"Ordinal_date"
144.666666666667,0.752426948122562,0.157440365206525,"Ordinal_date"
146.090909090909,0.752426948122562,0.157440365206525,"Ordinal_date"
147.515151515152,0.752426948122562,0.157440365206525,"Ordinal_date"
148.939393939394,0.752426948122562,0.157440365206525,"Ordinal_date"
150.363636363636,0.752426948122562,0.157440365206525,"Ordinal_date"
151.787878787879,0.752426948122562,0.157440365206525,"Ordinal_date"
153.212121212121,0.752426948122562,0.157440365206525,"Ordinal_date"
154.636363636364,0.752426948122562,0.157440365206525,"Ordinal_date"
156.060606060606,0.752426948122562,0.157440365206525,"Ordinal_date"
157.484848484848,0.752426948122562,0.157440365206525,"Ordinal_date"
158.909090909091,0.752426948122562,0.157440365206525,"Ordinal_date"
160.333333333333,0.752426948122562,0.157440365206525,"Ordinal_date"
161.757575757576,0.752426948122562,0.157440365206525,"Ordinal_date"
163.181818181818,0.752426948122562,0.157440365206525,"Ordinal_date"
164.606060606061,0.752426948122562,0.157440365206525,"Ordinal_date"
166.030303030303,0.752426948122562,0.157440365206525,"Ordinal_date"
167.454545454545,0.752426948122562,0.157440365206525,"Ordinal_date"
168.878787878788,0.752426948122562,0.157440365206525,"Ordinal_date"
170.30303030303,0.752426948122562,0.157440365206525,"Ordinal_date"
171.727272727273,0.752426948122562,0.157440365206525,"Ordinal_date"
173.151515151515,0.752426948122562,0.157440365206525,"Ordinal_date"
174.575757575758,0.756195691275545,0.158228949799163,"Ordinal_date"
176,0.756195691275545,0.158228949799163,"Ordinal_date"
177.424242424242,0.756195691275545,0.158228949799163,"Ordinal_date"
178.848484848485,0.799008035003089,0.167187149726253,"Ordinal_date"
180.272727272727,0.819863635349331,0.171551046239139,"Ordinal_date"
181.69696969697,0.862101649600172,0.180389071519658,"Ordinal_date"
183.121212121212,0.862101649600172,0.180389071519658,"Ordinal_date"
184.545454545455,0.862101649600172,0.180389071519658,"Ordinal_date"
185.969696969697,0.862485615472858,0.180469413840428,"Ordinal_date"
187.393939393939,0.862485615472858,0.180469413840428,"Ordinal_date"
188.818181818182,0.862485615472858,0.180469413840428,"Ordinal_date"
190.242424242424,0.862485615472858,0.180469413840428,"Ordinal_date"
191.666666666667,0.861978069737061,0.180363213250189,"Ordinal_date"
193.090909090909,0.864119670983288,0.180811329154562,"Ordinal_date"
194.515151515152,0.864119670983288,0.180811329154562,"Ordinal_date"
195.939393939394,1.01665839927264,0.212729049738517,"Ordinal_date"
197.363636363636,1.02406252843016,0.214278314821997,"Ordinal_date"
198.787878787879,1.02650245805383,0.214788853967342,"Ordinal_date"
200.212121212121,1.03241875908378,0.216026800849962,"Ordinal_date"
201.636363636364,1.03345018263673,0.216242619410506,"Ordinal_date"
203.060606060606,1.03345018263673,0.216242619410506,"Ordinal_date"
204.484848484848,1.03345018263673,0.216242619410506,"Ordinal_date"
205.909090909091,1.03918760769981,0.217443137679463,"Ordinal_date"
207.333333333333,1.03960202416114,0.217529851584624,"Ordinal_date"
208.757575757576,1.04093131245757,0.217807996373798,"Ordinal_date"
210.181818181818,1.09545078319028,0.229215835240337,"Ordinal_date"
211.606060606061,1.10619108007613,0.231463171368255,"Ordinal_date"
213.030303030303,1.10475724912335,0.231163151719288,"Ordinal_date"
214.454545454545,1.10838616321432,0.231922478004996,"Ordinal_date"
215.878787878788,1.10838616321432,0.231922478004996,"Ordinal_date"
217.30303030303,1.14220176587644,0.238998169334351,"Ordinal_date"
218.727272727273,1.14220176587644,0.238998169334351,"Ordinal_date"
220.151515151515,1.14512424841557,0.239609679487485,"Ordinal_date"
221.575757575758,1.14512424841557,0.239609679487485,"Ordinal_date"
223,1.14186651776172,0.238928020882399,"Ordinal_date"
224.424242424242,1.34588717949863,0.281617995734687,"Ordinal_date"
225.848484848485,1.35979696509423,0.284528526424185,"Ordinal_date"
227.272727272727,1.36363332324111,0.285331259007348,"Ordinal_date"
228.69696969697,1.36405005284385,0.285418456922059,"Ordinal_date"
230.121212121212,1.36808953222191,0.286263691280174,"Ordinal_date"
231.545454545455,1.51426350640148,0.316849629138918,"Ordinal_date"
232.969696969697,1.51426350640148,0.316849629138918,"Ordinal_date"
234.393939393939,1.51426350640148,0.316849629138918,"Ordinal_date"
235.818181818182,1.51426350640148,0.316849629138918,"Ordinal_date"
237.242424242424,1.51426350640148,0.316849629138918,"Ordinal_date"
238.666666666667,1.51426350640148,0.316849629138918,"Ordinal_date"
240.090909090909,1.51426350640148,0.316849629138918,"Ordinal_date"
241.515151515152,1.51426350640148,0.316849629138918,"Ordinal_date"
242.939393939394,1.51426350640148,0.316849629138918,"Ordinal_date"
244.363636363636,1.51426350640148,0.316849629138918,"Ordinal_date"
245.787878787879,1.51426350640148,0.316849629138918,"Ordinal_date"
247.212121212121,1.51426350640148,0.316849629138918,"Ordinal_date"
248.636363636364,1.51426350640148,0.316849629138918,"Ordinal_date"
250.060606060606,1.51426350640148,0.316849629138918,"Ordinal_date"
251.484848484848,1.51426350640148,0.316849629138918,"Ordinal_date"
252.909090909091,1.51426350640148,0.316849629138918,"Ordinal_date"
254.333333333333,1.51426350640148,0.316849629138918,"Ordinal_date"
255.757575757576,1.51426350640148,0.316849629138918,"Ordinal_date"
257.181818181818,1.51426350640148,0.316849629138918,"Ordinal_date"
258.606060606061,1.51426350640148,0.316849629138918,"Ordinal_date"
260.030303030303,1.51426350640148,0.316849629138918,"Ordinal_date"
261.454545454545,1.51426350640148,0.316849629138918,"Ordinal_date"
262.878787878788,1.51426350640148,0.316849629138918,"Ordinal_date"
264.30303030303,1.51426350640148,0.316849629138918,"Ordinal_date"
265.727272727273,1.51426350640148,0.316849629138918,"Ordinal_date"
267.151515151515,1.51426350640148,0.316849629138918,"Ordinal_date"
268.575757575758,1.51426350640148,0.316849629138918,"Ordinal_date"
270,1.51426350640148,0.316849629138918,"Ordinal_date"
8.84999991394579,1.09386548574553,0.228884122229148,"ppt_month"
10.6430100430217,1.09386548574553,0.228884122229148,"ppt_month"
12.4360201720976,1.09386548574553,0.228884122229148,"ppt_month"
14.2290303011735,1.09386548574553,0.228884122229148,"ppt_month"
16.0220404302494,1.09549220421771,0.229224502316526,"ppt_month"
17.8150505593253,1.09549220421771,0.229224502316526,"ppt_month"
19.6080606884013,1.13529294541201,0.237552544320811,"ppt_month"
21.4010708174772,1.14213001877223,0.238983156727057,"ppt_month"
23.1940809465531,1.14506017301084,0.239596272132598,"ppt_month"
24.987091075629,1.14951025538974,0.240527422454474,"ppt_month"
26.7801012047049,1.15079774754654,0.240796821677712,"ppt_month"
28.5731113337808,1.14981900243545,0.240592025732911,"ppt_month"
30.3661214628567,1.13234583271323,0.236935880469578,"ppt_month"
32.1591315919326,1.11728170239562,0.233783810777442,"ppt_month"
33.9521417210085,1.11701559843917,0.233728130283555,"ppt_month"
35.7451518500845,1.11754216560567,0.233838310982435,"ppt_month"
37.5381619791604,1.12757046650774,0.235936666657177,"ppt_month"
39.3311721082363,1.13240885447622,0.236949067356899,"ppt_month"
41.1241822373122,1.13492431946248,0.237475411777562,"ppt_month"
42.9171923663881,1.13554552024743,0.237605393935555,"ppt_month"
44.710202495464,1.14522309793952,0.239630363096958,"ppt_month"
46.5032126245399,1.14522309793952,0.239630363096958,"ppt_month"
48.2962227536158,1.14522309793952,0.239630363096958,"ppt_month"
50.0892328826917,1.14522309793952,0.239630363096958,"ppt_month"
51.8822430117677,1.14522309793952,0.239630363096958,"ppt_month"
53.6752531408436,1.14426964297045,0.239430858947203,"ppt_month"
55.4682632699195,1.18075231831946,0.247064617606421,"ppt_month"
57.2612733989954,1.18075231831946,0.247064617606421,"ppt_month"
59.0542835280713,1.18075231831946,0.247064617606421,"ppt_month"
60.8472936571472,1.18366568214576,0.247674219729173,"ppt_month"
62.6403037862231,1.18366568214576,0.247674219729173,"ppt_month"
64.433313915299,1.18366568214576,0.247674219729173,"ppt_month"
66.2263240443749,1.18366568214576,0.247674219729173,"ppt_month"
68.0193341734509,1.18366568214576,0.247674219729173,"ppt_month"
69.8123443025268,1.22948361979932,0.257261320317723,"ppt_month"
71.6053544316027,1.22948361979932,0.257261320317723,"ppt_month"
73.3983645606786,1.22948361979932,0.257261320317723,"ppt_month"
75.1913746897545,1.22750173215957,0.256846623429766,"ppt_month"
76.9843848188304,0.939579695699867,0.196600840521101,"ppt_month"
78.7773949479063,0.939579695699867,0.196600840521101,"ppt_month"
80.5704050769822,0.939579695699867,0.196600840521101,"ppt_month"
82.3634152060581,0.939579695699867,0.196600840521101,"ppt_month"
84.1564253351341,0.939579695699867,0.196600840521101,"ppt_month"
85.94943546421,0.939579695699867,0.196600840521101,"ppt_month"
87.7424455932859,0.939579695699867,0.196600840521101,"ppt_month"
89.5354557223618,0.939579695699867,0.196600840521101,"ppt_month"
91.3284658514377,0.939579695699867,0.196600840521101,"ppt_month"
93.1214759805136,0.939579695699867,0.196600840521101,"ppt_month"
94.9144861095895,0.939579695699867,0.196600840521101,"ppt_month"
96.7074962386654,0.939579695699867,0.196600840521101,"ppt_month"
98.5005063677414,0.939579695699867,0.196600840521101,"ppt_month"
100.293516496817,0.939579695699867,0.196600840521101,"ppt_month"
102.086526625893,0.939579695699867,0.196600840521101,"ppt_month"
103.879536754969,0.939579695699867,0.196600840521101,"ppt_month"
105.672546884045,0.939579695699867,0.196600840521101,"ppt_month"
107.465557013121,0.939579695699867,0.196600840521101,"ppt_month"
109.258567142197,0.939579695699867,0.196600840521101,"ppt_month"
111.051577271273,0.939579695699867,0.196600840521101,"ppt_month"
112.844587400349,0.939579695699867,0.196600840521101,"ppt_month"
114.637597529425,0.939579695699867,0.196600840521101,"ppt_month"
116.4306076585,0.939579695699867,0.196600840521101,"ppt_month"
118.223617787576,0.939579695699867,0.196600840521101,"ppt_month"
120.016627916652,0.939579695699867,0.196600840521101,"ppt_month"
121.809638045728,0.939579695699867,0.196600840521101,"ppt_month"
123.602648174804,0.939579695699867,0.196600840521101,"ppt_month"
125.39565830388,0.939579695699867,0.196600840521101,"ppt_month"
127.188668432956,0.939579695699867,0.196600840521101,"ppt_month"
128.981678562032,0.939579695699867,0.196600840521101,"ppt_month"
130.774688691108,0.939579695699867,0.196600840521101,"ppt_month"
132.567698820184,0.939579695699867,0.196600840521101,"ppt_month"
134.36070894926,0.939579695699867,0.196600840521101,"ppt_month"
136.153719078335,0.939579695699867,0.196600840521101,"ppt_month"
137.946729207411,0.939579695699867,0.196600840521101,"ppt_month"
139.739739336487,0.939579695699867,0.196600840521101,"ppt_month"
141.532749465563,0.939579695699867,0.196600840521101,"ppt_month"
143.325759594639,0.939579695699867,0.196600840521101,"ppt_month"
145.118769723715,0.939579695699867,0.196600840521101,"ppt_month"
146.911779852791,0.939579695699867,0.196600840521101,"ppt_month"
148.704789981867,0.939579695699867,0.196600840521101,"ppt_month"
150.497800110943,0.939579695699867,0.196600840521101,"ppt_month"
152.290810240019,0.939579695699867,0.196600840521101,"ppt_month"
154.083820369095,0.939579695699867,0.196600840521101,"ppt_month"
155.876830498171,0.939579695699867,0.196600840521101,"ppt_month"
157.669840627246,0.939579695699867,0.196600840521101,"ppt_month"
159.462850756322,0.939579695699867,0.196600840521101,"ppt_month"
161.255860885398,0.939579695699867,0.196600840521101,"ppt_month"
163.048871014474,0.939579695699867,0.196600840521101,"ppt_month"
164.84188114355,0.939579695699867,0.196600840521101,"ppt_month"
166.634891272626,0.939579695699867,0.196600840521101,"ppt_month"
168.427901401702,0.939579695699867,0.196600840521101,"ppt_month"
170.220911530778,0.939579695699867,0.196600840521101,"ppt_month"
172.013921659854,0.939579695699867,0.196600840521101,"ppt_month"
173.80693178893,0.939579695699867,0.196600840521101,"ppt_month"
175.599941918006,0.939579695699867,0.196600840521101,"ppt_month"
177.392952047081,0.939579695699867,0.196600840521101,"ppt_month"
179.185962176157,0.939579695699867,0.196600840521101,"ppt_month"
180.978972305233,0.939579695699867,0.196600840521101,"ppt_month"
182.771982434309,0.939579695699867,0.196600840521101,"ppt_month"
184.564992563385,0.939579695699867,0.196600840521101,"ppt_month"
186.358002692461,0.939579695699867,0.196600840521101,"ppt_month"
3.37128589834486,0.808801761740248,0.169236422307569,"tmean_week"
3.4835889311924,0.808801761740248,0.169236422307569,"tmean_week"
3.59589196403994,0.808801761740248,0.169236422307569,"tmean_week"
3.70819499688747,0.808801761740248,0.169236422307569,"tmean_week"
3.82049802973501,0.808801761740248,0.169236422307569,"tmean_week"
3.93280106258255,0.808801761740248,0.169236422307569,"tmean_week"
4.04510409543009,0.808801761740248,0.169236422307569,"tmean_week"
4.15740712827762,0.808801761740248,0.169236422307569,"tmean_week"
4.26971016112516,0.808801761740248,0.169236422307569,"tmean_week"
4.3820131939727,0.808801761740248,0.169236422307569,"tmean_week"
4.49431622682024,0.808801761740248,0.169236422307569,"tmean_week"
4.60661925966778,0.808801761740248,0.169236422307569,"tmean_week"
4.71892229251531,0.808801761740248,0.169236422307569,"tmean_week"
4.83122532536285,0.808801761740248,0.169236422307569,"tmean_week"
4.94352835821039,0.808801761740248,0.169236422307569,"tmean_week"
5.05583139105793,0.808801761740248,0.169236422307569,"tmean_week"
5.16813442390546,0.808801761740248,0.169236422307569,"tmean_week"
5.280437456753,0.808801761740248,0.169236422307569,"tmean_week"
5.39274048960054,0.808801761740248,0.169236422307569,"tmean_week"
5.50504352244808,0.808801761740248,0.169236422307569,"tmean_week"
5.61734655529562,0.808801761740248,0.169236422307569,"tmean_week"
5.72964958814315,0.808801761740248,0.169236422307569,"tmean_week"
5.84195262099069,0.808801761740248,0.169236422307569,"tmean_week"
5.95425565383823,0.808801761740248,0.169236422307569,"tmean_week"
6.06655868668577,0.808801761740248,0.169236422307569,"tmean_week"
6.1788617195333,0.808801761740248,0.169236422307569,"tmean_week"
6.29116475238084,0.808801761740248,0.169236422307569,"tmean_week"
6.40346778522838,0.808801761740248,0.169236422307569,"tmean_week"
6.51577081807592,0.808801761740248,0.169236422307569,"tmean_week"
6.62807385092345,0.808801761740248,0.169236422307569,"tmean_week"
6.74037688377099,0.808801761740248,0.169236422307569,"tmean_week"
6.85267991661853,0.808801761740248,0.169236422307569,"tmean_week"
6.96498294946607,0.808801761740248,0.169236422307569,"tmean_week"
7.07728598231361,0.808801761740248,0.169236422307569,"tmean_week"
7.18958901516115,0.808801761740248,0.169236422307569,"tmean_week"
7.30189204800868,0.808801761740248,0.169236422307569,"tmean_week"
7.41419508085622,0.842126233884075,0.176209347822438,"tmean_week"
7.52649811370376,0.857040547567254,0.179330069374136,"tmean_week"
7.6388011465513,0.857040547567254,0.179330069374136,"tmean_week"
7.75110417939883,0.857040547567254,0.179330069374136,"tmean_week"
7.86340721224637,0.935128522419776,0.195669461935361,"tmean_week"
7.97571024509391,0.935128522419776,0.195669461935361,"tmean_week"
8.08801327794145,0.935128522419776,0.195669461935361,"tmean_week"
8.20031631078898,0.935128522419776,0.195669461935361,"tmean_week"
8.31261934363652,0.935128522419776,0.195669461935361,"tmean_week"
8.42492237648406,0.935128522419776,0.195669461935361,"tmean_week"
8.5372254093316,0.935128522419776,0.195669461935361,"tmean_week"
8.64952844217914,0.935128522419776,0.195669461935361,"tmean_week"
8.76183147502667,0.935128522419776,0.195669461935361,"tmean_week"
8.87413450787421,0.93612233599729,0.195877410857155,"tmean_week"
8.98643754072175,0.972643501345445,0.203519223294267,"tmean_week"
9.09874057356929,0.976638848427185,0.204355223261102,"tmean_week"
9.21104360641682,0.976638848427185,0.204355223261102,"tmean_week"
9.32334663926436,0.976638848427185,0.204355223261102,"tmean_week"
9.4356496721119,0.976638848427185,0.204355223261102,"tmean_week"
9.54795270495944,0.976638848427185,0.204355223261102,"tmean_week"
9.66025573780698,0.976638848427185,0.204355223261102,"tmean_week"
9.77255877065451,0.976638848427185,0.204355223261102,"tmean_week"
9.88486180350205,0.976638848427185,0.204355223261102,"tmean_week"
9.99716483634959,0.976638848427185,0.204355223261102,"tmean_week"
10.1094678691971,1.00296881799674,0.209864595347324,"tmean_week"
10.2217709020447,1.00296881799674,0.209864595347324,"tmean_week"
10.3340739348922,1.01191925882063,0.211737415925573,"tmean_week"
10.4463769677397,1.17247143257417,0.245331897002481,"tmean_week"
10.5586800005873,1.17526903918861,0.245917277693829,"tmean_week"
10.6709830334348,1.18676586032831,0.248322911521093,"tmean_week"
10.7832860662824,1.20602240286243,0.252352215756875,"tmean_week"
10.8955890991299,1.20602240286243,0.252352215756875,"tmean_week"
11.0078921319774,1.21087673647654,0.253367952977541,"tmean_week"
11.120195164825,1.21265485658898,0.25374001285735,"tmean_week"
11.2324981976725,1.21149383773494,0.253497077336702,"tmean_week"
11.34480123052,1.17913573017665,0.246726357223499,"tmean_week"
11.4571042633676,1.17765816476403,0.246417186427903,"tmean_week"
11.5694072962151,1.17765816476403,0.246417186427903,"tmean_week"
11.6817103290627,1.15860916895662,0.24243130997276,"tmean_week"
11.7940133619102,1.15860916895662,0.24243130997276,"tmean_week"
11.9063163947577,1.16610390132041,0.243999533178247,"tmean_week"
12.0186194276053,1.15014084257824,0.240659368655364,"tmean_week"
12.1309224604528,1.15355776551549,0.24137433719346,"tmean_week"
12.2432254933003,1.15355776551549,0.24137433719346,"tmean_week"
12.3555285261479,1.15255268263368,0.241164030244234,"tmean_week"
12.4678315589954,1.14977639160411,0.240583109698119,"tmean_week"
12.580134591843,1.14977639160411,0.240583109698119,"tmean_week"
12.6924376246905,1.14674378205013,0.239948556195086,"tmean_week"
12.804740657538,1.12810438124585,0.236048384786846,"tmean_week"
12.9170436903856,1.1271898021951,0.235857015166023,"tmean_week"
13.0293467232331,1.1271898021951,0.235857015166023,"tmean_week"
13.1416497560806,1.1271898021951,0.235857015166023,"tmean_week"
13.2539527889282,1.1271898021951,0.235857015166023,"tmean_week"
13.3662558217757,1.12356129484711,0.235097773988593,"tmean_week"
13.4785588546233,1.12356129484711,0.235097773988593,"tmean_week"
13.5908618874708,1.12356129484711,0.235097773988593,"tmean_week"
13.7031649203183,1.12356129484711,0.235097773988593,"tmean_week"
13.8154679531659,1.12356129484711,0.235097773988593,"tmean_week"
13.9277709860134,1.12356129484711,0.235097773988593,"tmean_week"
14.0400740188609,1.12356129484711,0.235097773988593,"tmean_week"
14.1523770517085,1.12356129484711,0.235097773988593,"tmean_week"
14.264680084556,1.12356129484711,0.235097773988593,"tmean_week"
14.3769831174036,1.12356129484711,0.235097773988593,"tmean_week"
14.4892861502511,1.12356129484711,0.235097773988593,"tmean_week"
0.239499762270692,1.15333692496584,0.241328127768245,"ppt_percent_normal"
0.255716490347626,1.15333692496584,0.241328127768245,"ppt_percent_normal"
0.27193321842456,1.15333692496584,0.241328127768245,"ppt_percent_normal"
0.288149946501494,1.15333692496584,0.241328127768245,"ppt_percent_normal"
0.304366674578428,1.15333692496584,0.241328127768245,"ppt_percent_normal"
0.320583402655363,1.15333692496584,0.241328127768245,"ppt_percent_normal"
0.336800130732297,1.15333692496584,0.241328127768245,"ppt_percent_normal"
0.353016858809231,1.15333692496584,0.241328127768245,"ppt_percent_normal"
0.369233586886165,1.15333692496584,0.241328127768245,"ppt_percent_normal"
0.385450314963099,1.16331374060318,0.243415710491672,"ppt_percent_normal"
0.401667043040033,1.16331374060318,0.243415710491672,"ppt_percent_normal"
0.417883771116967,1.16331374060318,0.243415710491672,"ppt_percent_normal"
0.434100499193901,1.16331374060318,0.243415710491672,"ppt_percent_normal"
0.450317227270836,1.16331374060318,0.243415710491672,"ppt_percent_normal"
0.46653395534777,1.16331374060318,0.243415710491672,"ppt_percent_normal"
0.482750683424704,1.16331374060318,0.243415710491672,"ppt_percent_normal"
0.498967411501638,1.16331374060318,0.243415710491672,"ppt_percent_normal"
0.515184139578572,1.16331374060318,0.243415710491672,"ppt_percent_normal"
0.531400867655506,1.16331374060318,0.243415710491672,"ppt_percent_normal"
0.54761759573244,1.16331374060318,0.243415710491672,"ppt_percent_normal"
0.563834323809374,1.16331374060318,0.243415710491672,"ppt_percent_normal"
0.580051051886309,1.16331374060318,0.243415710491672,"ppt_percent_normal"
0.596267779963243,1.16331374060318,0.243415710491672,"ppt_percent_normal"
0.612484508040177,1.16331374060318,0.243415710491672,"ppt_percent_normal"
0.628701236117111,1.16331374060318,0.243415710491672,"ppt_percent_normal"
0.644917964194045,1.16331374060318,0.243415710491672,"ppt_percent_normal"
0.661134692270979,1.16380241050462,0.243517961438345,"ppt_percent_normal"
0.677351420347913,1.16380241050462,0.243517961438345,"ppt_percent_normal"
0.693568148424847,1.16380241050462,0.243517961438345,"ppt_percent_normal"
0.709784876501782,1.16380241050462,0.243517961438345,"ppt_percent_normal"
0.726001604578716,1.16380241050462,0.243517961438345,"ppt_percent_normal"
0.74221833265565,1.16380241050462,0.243517961438345,"ppt_percent_normal"
0.758435060732584,1.16380241050462,0.243517961438345,"ppt_percent_normal"
0.774651788809518,1.14666677282848,0.239932442524503,"ppt_percent_normal"
0.790868516886452,1.14666677282848,0.239932442524503,"ppt_percent_normal"
0.807085244963386,1.14666677282848,0.239932442524503,"ppt_percent_normal"
0.82330197304032,1.14666677282848,0.239932442524503,"ppt_percent_normal"
0.839518701117255,1.14666677282848,0.239932442524503,"ppt_percent_normal"
0.855735429194189,1.14666677282848,0.239932442524503,"ppt_percent_normal"
0.871952157271123,1.14666677282848,0.239932442524503,"ppt_percent_normal"
0.888168885348057,1.14666677282848,0.239932442524503,"ppt_percent_normal"
0.904385613424991,1.14666677282848,0.239932442524503,"ppt_percent_normal"
0.920602341501925,1.14666677282848,0.239932442524503,"ppt_percent_normal"
0.936819069578859,1.14666677282848,0.239932442524503,"ppt_percent_normal"
0.953035797655793,1.14666677282848,0.239932442524503,"ppt_percent_normal"
0.969252525732727,1.14601021522454,0.239795062185851,"ppt_percent_normal"
0.985469253809662,1.14601021522454,0.239795062185851,"ppt_percent_normal"
1.0016859818866,1.14601021522454,0.239795062185851,"ppt_percent_normal"
1.01790270996353,1.14601021522454,0.239795062185851,"ppt_percent_normal"
1.03411943804046,1.1474536245197,0.240097086039648,"ppt_percent_normal"
1.0503361661174,1.1474536245197,0.240097086039648,"ppt_percent_normal"
1.06655289419433,1.1474536245197,0.240097086039648,"ppt_percent_normal"
1.08276962227127,1.14591491165967,0.239775120544877,"ppt_percent_normal"
1.0989863503482,1.14591491165967,0.239775120544877,"ppt_percent_normal"
1.11520307842513,1.14591491165967,0.239775120544877,"ppt_percent_normal"
1.13141980650207,1.14591491165967,0.239775120544877,"ppt_percent_normal"
1.147636534579,1.14591491165967,0.239775120544877,"ppt_percent_normal"
1.16385326265594,1.14591491165967,0.239775120544877,"ppt_percent_normal"
1.18006999073287,0.983359959832277,0.205761571394767,"ppt_percent_normal"
1.19628671880981,0.983359959832277,0.205761571394767,"ppt_percent_normal"
1.21250344688674,0.825498515074751,0.172730107574035,"ppt_percent_normal"
1.22872017496367,0.825498515074751,0.172730107574035,"ppt_percent_normal"
1.24493690304061,0.825498515074751,0.172730107574035,"ppt_percent_normal"
1.26115363111754,0.825498515074751,0.172730107574035,"ppt_percent_normal"
1.27737035919448,0.825498515074751,0.172730107574035,"ppt_percent_normal"
1.29358708727141,0.825498515074751,0.172730107574035,"ppt_percent_normal"
1.30980381534834,0.825498515074751,0.172730107574035,"ppt_percent_normal"
1.32602054342528,0.825498515074751,0.172730107574035,"ppt_percent_normal"
1.34223727150221,0.825498515074751,0.172730107574035,"ppt_percent_normal"
1.35845399957915,0.825498515074751,0.172730107574035,"ppt_percent_normal"
1.37467072765608,0.825498515074751,0.172730107574035,"ppt_percent_normal"
1.39088745573301,0.825498515074751,0.172730107574035,"ppt_percent_normal"
1.40710418380995,0.825498515074751,0.172730107574035,"ppt_percent_normal"
1.42332091188688,0.825498515074751,0.172730107574035,"ppt_percent_normal"
1.43953763996382,0.825498515074751,0.172730107574035,"ppt_percent_normal"
1.45575436804075,0.825498515074751,0.172730107574035,"ppt_percent_normal"
1.47197109611769,0.825498515074751,0.172730107574035,"ppt_percent_normal"
1.48818782419462,0.825498515074751,0.172730107574035,"ppt_percent_normal"
1.50440455227155,0.825498515074751,0.172730107574035,"ppt_percent_normal"
1.52062128034849,0.825498515074751,0.172730107574035,"ppt_percent_normal"
1.53683800842542,0.825498515074751,0.172730107574035,"ppt_percent_normal"
1.55305473650236,0.825498515074751,0.172730107574035,"ppt_percent_normal"
1.56927146457929,0.825498515074751,0.172730107574035,"ppt_percent_normal"
1.58548819265622,0.825498515074751,0.172730107574035,"ppt_percent_normal"
1.60170492073316,0.825498515074751,0.172730107574035,"ppt_percent_normal"
1.61792164881009,0.825498515074751,0.172730107574035,"ppt_percent_normal"
1.63413837688703,0.825498515074751,0.172730107574035,"ppt_percent_normal"
1.65035510496396,0.825498515074751,0.172730107574035,"ppt_percent_normal"
1.66657183304089,0.825498515074751,0.172730107574035,"ppt_percent_normal"
1.68278856111783,0.825498515074751,0.172730107574035,"ppt_percent_normal"
1.69900528919476,0.825498515074751,0.172730107574035,"ppt_percent_normal"
1.7152220172717,0.825498515074751,0.172730107574035,"ppt_percent_normal"
1.73143874534863,0.825498515074751,0.172730107574035,"ppt_percent_normal"
1.74765547342557,0.825498515074751,0.172730107574035,"ppt_percent_normal"
1.7638722015025,0.825498515074751,0.172730107574035,"ppt_percent_normal"
1.78008892957943,0.825498515074751,0.172730107574035,"ppt_percent_normal"
1.79630565765637,0.825498515074751,0.172730107574035,"ppt_percent_normal"
1.8125223857333,0.825498515074751,0.172730107574035,"ppt_percent_normal"
1.82873911381024,0.825498515074751,0.172730107574035,"ppt_percent_normal"
1.84495584188717,0.825498515074751,0.172730107574035,"ppt_percent_normal"
35.2,1.01958786015985,0.213342020064862,"NtoP"
43.8838383838384,1.01958786015985,0.213342020064862,"NtoP"
52.5676767676768,1.02584674310065,0.214651649947793,"NtoP"
61.2515151515152,1.02858053708467,0.21522367826804,"NtoP"
69.9353535353535,1.04012142661027,0.217638533113753,"NtoP"
78.6191919191919,1.04126569625582,0.21787796397324,"NtoP"
87.3030303030303,1.04699621554265,0.219077037254166,"NtoP"
95.9868686868687,1.04699621554265,0.219077037254166,"NtoP"
104.670707070707,1.04699621554265,0.219077037254166,"NtoP"
113.354545454545,1.04321979654878,0.218286846542559,"NtoP"
122.038383838384,1.03596107179137,0.21676800636865,"NtoP"
130.722222222222,1.03482586835477,0.216530472553457,"NtoP"
139.406060606061,1.03970372676391,0.217551132181979,"NtoP"
148.089898989899,1.03921192825935,0.217448226595784,"NtoP"
156.773737373737,1.03841423747751,0.217281315072575,"NtoP"
165.457575757576,1.03676637610044,0.216936510972107,"NtoP"
174.141414141414,1.04048665812474,0.217714955393905,"NtoP"
182.825252525252,1.04832081215207,0.219354200338846,"NtoP"
191.509090909091,1.06443473648873,0.222725932490126,"NtoP"
200.192929292929,1.13675160554115,0.237857759310808,"NtoP"
208.876767676768,1.13591565151921,0.237682841457536,"NtoP"
217.560606060606,1.13276473126822,0.23702353222321,"NtoP"
226.244444444444,1.12166608973474,0.234701214846504,"NtoP"
234.928282828283,1.17414980014842,0.245683084323056,"NtoP"
243.612121212121,1.17414980014842,0.245683084323056,"NtoP"
252.29595959596,1.18630993951735,0.248227513105123,"NtoP"
260.979797979798,1.19000706130898,0.24900111140133,"NtoP"
269.663636363636,1.21214751708804,0.253633855420389,"NtoP"
278.347474747475,1.23812468621753,0.259069406346608,"NtoP"
287.031313131313,1.27897223816851,0.267616486582106,"NtoP"
295.715151515151,1.28195658488539,0.268240941405503,"NtoP"
304.39898989899,1.28340745230443,0.26854452582242,"NtoP"
313.082828282828,1.28340745230443,0.26854452582242,"NtoP"
321.766666666667,1.28179773682825,0.268207703499562,"NtoP"
330.450505050505,1.24788419199602,0.261111518418531,"NtoP"
339.134343434343,1.23231786537586,0.257854367469702,"NtoP"
347.818181818182,1.22729605271289,0.25680358636513,"NtoP"
356.50202020202,1.21096327209168,0.253386059982991,"NtoP"
365.185858585859,1.1900644452623,0.249013118614244,"NtoP"
373.869696969697,1.17994988496109,0.246896713730422,"NtoP"
382.553535353535,1.17790343732637,0.246468508090272,"NtoP"
391.237373737374,1.13642824382564,0.237790098009322,"NtoP"
399.921212121212,1.12459156673126,0.235313351570055,"NtoP"
408.60505050505,1.12459156673126,0.235313351570055,"NtoP"
417.288888888889,1.12459156673126,0.235313351570055,"NtoP"
425.972727272727,1.12459156673126,0.235313351570055,"NtoP"
434.656565656566,1.12459156673126,0.235313351570055,"NtoP"
443.340404040404,1.12459156673126,0.235313351570055,"NtoP"
452.024242424242,1.12459156673126,0.235313351570055,"NtoP"
460.708080808081,1.12459156673126,0.235313351570055,"NtoP"
469.391919191919,1.12459156673126,0.235313351570055,"NtoP"
478.075757575758,1.12459156673126,0.235313351570055,"NtoP"
486.759595959596,1.12459156673126,0.235313351570055,"NtoP"
495.443434343434,1.12459156673126,0.235313351570055,"NtoP"
504.127272727273,1.12459156673126,0.235313351570055,"NtoP"
512.811111111111,1.12459156673126,0.235313351570055,"NtoP"
521.494949494949,1.12459156673126,0.235313351570055,"NtoP"
530.178787878788,1.12459156673126,0.235313351570055,"NtoP"
538.862626262626,1.12459156673126,0.235313351570055,"NtoP"
547.546464646465,1.12459156673126,0.235313351570055,"NtoP"
556.230303030303,1.12459156673126,0.235313351570055,"NtoP"
564.914141414141,1.12459156673126,0.235313351570055,"NtoP"
573.59797979798,1.12459156673126,0.235313351570055,"NtoP"
582.281818181818,1.12459156673126,0.235313351570055,"NtoP"
590.965656565657,1.12459156673126,0.235313351570055,"NtoP"
599.649494949495,1.12459156673126,0.235313351570055,"NtoP"
608.333333333333,1.12459156673126,0.235313351570055,"NtoP"
617.017171717172,1.12459156673126,0.235313351570055,"NtoP"
625.70101010101,1.12459156673126,0.235313351570055,"NtoP"
634.384848484848,1.12459156673126,0.235313351570055,"NtoP"
643.068686868687,1.12459156673126,0.235313351570055,"NtoP"
651.752525252525,1.12459156673126,0.235313351570055,"NtoP"
660.436363636364,1.12459156673126,0.235313351570055,"NtoP"
669.120202020202,1.12459156673126,0.235313351570055,"NtoP"
677.80404040404,1.12459156673126,0.235313351570055,"NtoP"
686.487878787879,1.12459156673126,0.235313351570055,"NtoP"
695.171717171717,1.12459156673126,0.235313351570055,"NtoP"
703.855555555555,1.12459156673126,0.235313351570055,"NtoP"
712.539393939394,1.12459156673126,0.235313351570055,"NtoP"
721.223232323232,1.12459156673126,0.235313351570055,"NtoP"
729.907070707071,1.12459156673126,0.235313351570055,"NtoP"
738.590909090909,1.12459156673126,0.235313351570055,"NtoP"
747.274747474747,1.12459156673126,0.235313351570055,"NtoP"
755.958585858586,1.12459156673126,0.235313351570055,"NtoP"
764.642424242424,1.12459156673126,0.235313351570055,"NtoP"
773.326262626263,1.12459156673126,0.235313351570055,"NtoP"
782.010101010101,1.12459156673126,0.235313351570055,"NtoP"
790.693939393939,1.12459156673126,0.235313351570055,"NtoP"
799.377777777778,1.12459156673126,0.235313351570055,"NtoP"
808.061616161616,1.12459156673126,0.235313351570055,"NtoP"
816.745454545455,1.12459156673126,0.235313351570055,"NtoP"
825.429292929293,1.12459156673126,0.235313351570055,"NtoP"
834.113131313131,1.12459156673126,0.235313351570055,"NtoP"
842.79696969697,1.12459156673126,0.235313351570055,"NtoP"
851.480808080808,1.12459156673126,0.235313351570055,"NtoP"
860.164646464646,1.12459156673126,0.235313351570055,"NtoP"
868.848484848485,1.12459156673126,0.235313351570055,"NtoP"
877.532323232323,1.12459156673126,0.235313351570055,"NtoP"
886.216161616162,1.12459156673126,0.235313351570055,"NtoP"
894.9,1.12459156673126,0.235313351570055,"NtoP"
0,0.995828836892056,0.208370601497829,"ppt_week"
0.305030307384453,0.995828836892056,0.208370601497829,"ppt_week"
0.610060614768905,0.995828836892056,0.208370601497829,"ppt_week"
0.915090922153358,0.995828836892056,0.208370601497829,"ppt_week"
1.22012122953781,0.959295297575126,0.200726199889545,"ppt_week"
1.52515153692226,0.957207152651331,0.200289269367284,"ppt_week"
1.83018184430672,0.961235033772969,0.201132076866911,"ppt_week"
2.13521215169117,1.0443836159461,0.218530368058378,"ppt_week"
2.44024245907562,1.11041032999546,0.232346021523814,"ppt_week"
2.74527276646007,1.11041032999546,0.232346021523814,"ppt_week"
3.05030307384453,1.11366211741709,0.233026436546845,"ppt_week"
3.35533338122898,1.11366211741709,0.233026436546845,"ppt_week"
3.66036368861343,1.11366211741709,0.233026436546845,"ppt_week"
3.96539399599788,1.11366211741709,0.233026436546845,"ppt_week"
4.27042430338234,1.12370751679276,0.235128369964165,"ppt_week"
4.57545461076679,1.12424084065429,0.235239964456815,"ppt_week"
4.88048491815124,1.12424084065429,0.235239964456815,"ppt_week"
5.18551522553569,1.12424084065429,0.235239964456815,"ppt_week"
5.49054553292015,1.12424084065429,0.235239964456815,"ppt_week"
5.7955758403046,1.12383224498358,0.235154468513617,"ppt_week"
6.10060614768905,1.12704963408503,0.235827685915529,"ppt_week"
6.4056364550735,1.12704963408503,0.235827685915529,"ppt_week"
6.71066676245796,1.12340434195057,0.23506493263248,"ppt_week"
7.01569706984241,1.12052314007347,0.234462060185001,"ppt_week"
7.32072737722686,1.12052314007347,0.234462060185001,"ppt_week"
7.62575768461131,1.11962852272581,0.234274867418598,"ppt_week"
7.93078799199577,1.09551303812,0.229228861672864,"ppt_week"
8.23581829938022,1.09607341638061,0.229346117119688,"ppt_week"
8.54084860676467,1.097401949936,0.22962410398429,"ppt_week"
8.84587891414912,1.097401949936,0.22962410398429,"ppt_week"
9.15090922153358,1.09705981825296,0.229552515191169,"ppt_week"
9.45593952891803,1.09752311836075,0.229649457676221,"ppt_week"
9.76096983630248,1.07987308544709,0.22595630495918,"ppt_week"
10.0660001436869,1.08428121843073,0.226878677647393,"ppt_week"
10.3710304510714,1.08428121843073,0.226878677647393,"ppt_week"
10.6760607584558,1.08428121843073,0.226878677647393,"ppt_week"
10.9810910658403,1.08428121843073,0.226878677647393,"ppt_week"
11.2861213732247,1.08428121843073,0.226878677647393,"ppt_week"
11.5911516806092,1.08428121843073,0.226878677647393,"ppt_week"
11.8961819879936,1.08428121843073,0.226878677647393,"ppt_week"
12.2012122953781,1.08428121843073,0.226878677647393,"ppt_week"
12.5062426027626,1.09244566503926,0.228587034131651,"ppt_week"
12.811272910147,1.09338929067496,0.228784481558372,"ppt_week"
13.1163032175315,1.09410423385338,0.228934078692545,"ppt_week"
13.4213335249159,1.09410423385338,0.228934078692545,"ppt_week"
13.7263638323004,1.09410423385338,0.228934078692545,"ppt_week"
14.0313941396848,1.09410423385338,0.228934078692545,"ppt_week"
14.3364244470693,1.09410423385338,0.228934078692545,"ppt_week"
14.6414547544537,1.09410423385338,0.228934078692545,"ppt_week"
14.9464850618382,1.09410423385338,0.228934078692545,"ppt_week"
15.2515153692226,1.10553357381303,0.231325592528945,"ppt_week"
15.5565456766071,1.27813232501591,0.267440740306914,"ppt_week"
15.8615759839915,1.28531001243769,0.268942623954015,"ppt_week"
16.166606291376,1.28531001243769,0.268942623954015,"ppt_week"
16.4716365987604,1.28812880223878,0.269532437087145,"ppt_week"
16.7766669061449,1.28812880223878,0.269532437087145,"ppt_week"
17.0816972135293,1.28812880223878,0.269532437087145,"ppt_week"
17.3867275209138,1.28812880223878,0.269532437087145,"ppt_week"
17.6917578282982,1.28812880223878,0.269532437087145,"ppt_week"
17.9967881356827,1.28812880223878,0.269532437087145,"ppt_week"
18.3018184430672,1.28812880223878,0.269532437087145,"ppt_week"
18.6068487504516,1.28812880223878,0.269532437087145,"ppt_week"
18.9118790578361,1.28812880223878,0.269532437087145,"ppt_week"
19.2169093652205,1.28812880223878,0.269532437087145,"ppt_week"
19.521939672605,1.28812880223878,0.269532437087145,"ppt_week"
19.8269699799894,1.28812880223878,0.269532437087145,"ppt_week"
20.1320002873739,1.28812880223878,0.269532437087145,"ppt_week"
20.4370305947583,1.28812880223878,0.269532437087145,"ppt_week"
20.7420609021428,1.28812880223878,0.269532437087145,"ppt_week"
21.0470912095272,1.28812880223878,0.269532437087145,"ppt_week"
21.3521215169117,1.28812880223878,0.269532437087145,"ppt_week"
21.6571518242961,1.28812880223878,0.269532437087145,"ppt_week"
21.9621821316806,1.28812880223878,0.269532437087145,"ppt_week"
22.267212439065,1.28812880223878,0.269532437087145,"ppt_week"
22.5722427464495,1.28812880223878,0.269532437087145,"ppt_week"
22.8772730538339,1.28812880223878,0.269532437087145,"ppt_week"
23.1823033612184,1.28812880223878,0.269532437087145,"ppt_week"
23.4873336686028,1.28812880223878,0.269532437087145,"ppt_week"
23.7923639759873,1.28812880223878,0.269532437087145,"ppt_week"
24.0973942833717,1.28812880223878,0.269532437087145,"ppt_week"
24.4024245907562,1.28812880223878,0.269532437087145,"ppt_week"
24.7074548981407,1.28812880223878,0.269532437087145,"ppt_week"
25.0124852055251,1.28812880223878,0.269532437087145,"ppt_week"
25.3175155129096,1.28812880223878,0.269532437087145,"ppt_week"
25.622545820294,1.28812880223878,0.269532437087145,"ppt_week"
25.9275761276785,1.28812880223878,0.269532437087145,"ppt_week"
26.2326064350629,1.28812880223878,0.269532437087145,"ppt_week"
26.5376367424474,1.28812880223878,0.269532437087145,"ppt_week"
26.8426670498318,1.28812880223878,0.269532437087145,"ppt_week"
27.1476973572163,1.28812880223878,0.269532437087145,"ppt_week"
27.4527276646007,1.28812880223878,0.269532437087145,"ppt_week"
27.7577579719852,1.28812880223878,0.269532437087145,"ppt_week"
28.0627882793696,1.28812880223878,0.269532437087145,"ppt_week"
28.3678185867541,1.28812880223878,0.269532437087145,"ppt_week"
28.6728488941385,1.28812880223878,0.269532437087145,"ppt_week"
28.977879201523,1.28812880223878,0.269532437087145,"ppt_week"
29.2829095089074,1.28812880223878,0.269532437087145,"ppt_week"
29.5879398162919,1.28812880223878,0.269532437087145,"ppt_week"
29.8929701236763,1.28812880223878,0.269532437087145,"ppt_week"
30.1980004310608,1.28812880223878,0.269532437087145,"ppt_week"
0.081,0.947887946150617,0.198339287008773,"NO3_N"
0.0837676767676768,0.947887946150617,0.198339287008773,"NO3_N"
0.0865353535353535,0.947887946150617,0.198339287008773,"NO3_N"
0.0893030303030303,0.947887946150617,0.198339287008773,"NO3_N"
0.0920707070707071,0.947887946150617,0.198339287008773,"NO3_N"
0.0948383838383838,0.947887946150617,0.198339287008773,"NO3_N"
0.0976060606060606,0.947887946150617,0.198339287008773,"NO3_N"
0.100373737373737,0.947887946150617,0.198339287008773,"NO3_N"
0.103141414141414,0.947887946150617,0.198339287008773,"NO3_N"
0.105909090909091,0.947887946150617,0.198339287008773,"NO3_N"
0.108676767676768,0.947887946150617,0.198339287008773,"NO3_N"
0.111444444444444,0.947887946150617,0.198339287008773,"NO3_N"
0.114212121212121,0.947887946150617,0.198339287008773,"NO3_N"
0.116979797979798,0.947887946150617,0.198339287008773,"NO3_N"
0.119747474747475,0.947887946150617,0.198339287008773,"NO3_N"
0.122515151515152,0.947887946150617,0.198339287008773,"NO3_N"
0.125282828282828,0.947887946150617,0.198339287008773,"NO3_N"
0.128050505050505,0.947887946150617,0.198339287008773,"NO3_N"
0.130818181818182,0.947887946150617,0.198339287008773,"NO3_N"
0.133585858585859,0.976602925496416,0.204347706625296,"NO3_N"
0.136353535353535,0.98835436162382,0.206806616955683,"NO3_N"
0.139121212121212,0.984023937589199,0.205900504351381,"NO3_N"
0.141888888888889,0.980316937400334,0.205124839065852,"NO3_N"
0.144656565656566,0.978083207744792,0.204657445900816,"NO3_N"
0.147424242424242,0.979525916085266,0.204959323084478,"NO3_N"
0.150191919191919,0.980263821320238,0.205113724877199,"NO3_N"
0.152959595959596,0.980856704720408,0.205237781809611,"NO3_N"
0.155727272727273,0.98457929112424,0.206016708407594,"NO3_N"
0.158494949494949,1.02780712303824,0.215061846491241,"NO3_N"
0.161262626262626,1.02944417486597,0.215404388764964,"NO3_N"
0.164030303030303,1.04430331076559,0.218513564730188,"NO3_N"
0.16679797979798,1.04902596858988,0.219501749662236,"NO3_N"
0.169565656565657,1.08105019343235,0.226202607024183,"NO3_N"
0.172333333333333,1.07283005387397,0.224482597158309,"NO3_N"
0.17510101010101,1.06686569380139,0.2232345942387,"NO3_N"
0.177868686868687,1.07327087648839,0.224574836376455,"NO3_N"
0.180636363636364,1.09526025286372,0.229175968028948,"NO3_N"
0.18340404040404,1.0909912816488,0.228282714020954,"NO3_N"
0.186171717171717,1.08852373457103,0.227766396105895,"NO3_N"
0.188939393939394,1.08300536758039,0.226611714290579,"NO3_N"
0.191707070707071,1.08300536758039,0.226611714290579,"NO3_N"
0.194474747474747,1.08300536758039,0.226611714290579,"NO3_N"
0.197242424242424,1.08495433029002,0.227019521854549,"NO3_N"
0.200010101010101,1.08707199847645,0.227462629924361,"NO3_N"
0.202777777777778,1.08849454245306,0.227760287848176,"NO3_N"
0.205545454545455,1.0890423529846,0.227874913580766,"NO3_N"
0.208313131313131,1.0890423529846,0.227874913580766,"NO3_N"
0.211080808080808,1.08961172530813,0.227994050975803,"NO3_N"
0.213848484848485,1.08961172530813,0.227994050975803,"NO3_N"
0.216616161616162,1.08961172530813,0.227994050975803,"NO3_N"
0.219383838383838,1.0932329220244,0.22875176245187,"NO3_N"
0.222151515151515,1.10531097525069,0.231279015251196,"NO3_N"
0.224919191919192,1.10531097525069,0.231279015251196,"NO3_N"
0.227686868686869,1.10653646215123,0.231535440284427,"NO3_N"
0.230454545454545,1.10653646215123,0.231535440284427,"NO3_N"
0.233222222222222,1.12564800629697,0.235534404565909,"NO3_N"
0.235989898989899,1.13341849997176,0.237160329002887,"NO3_N"
0.238757575757576,1.14769503258567,0.240147599081698,"NO3_N"
0.241525252525253,1.1580520644188,0.24231473953079,"NO3_N"
0.244292929292929,1.26063528083631,0.263779599471188,"NO3_N"
0.247060606060606,1.26335762539684,0.264349232075255,"NO3_N"
0.249828282828283,1.26917476591388,0.265566430276017,"NO3_N"
0.25259595959596,1.29400076214752,0.270761105883255,"NO3_N"
0.255363636363636,1.29624303101826,0.271230285822625,"NO3_N"
0.258131313131313,1.29624303101826,0.271230285822625,"NO3_N"
0.26089898989899,1.29779950790357,0.271555968322262,"NO3_N"
0.263666666666667,1.29779950790357,0.271555968322262,"NO3_N"
0.266434343434343,1.29779950790357,0.271555968322262,"NO3_N"
0.26920202020202,1.29779950790357,0.271555968322262,"NO3_N"
0.271969696969697,1.29779950790357,0.271555968322262,"NO3_N"
0.274737373737374,1.29779950790357,0.271555968322262,"NO3_N"
0.27750505050505,1.29779950790357,0.271555968322262,"NO3_N"
0.280272727272727,1.29779950790357,0.271555968322262,"NO3_N"
0.283040404040404,1.29779950790357,0.271555968322262,"NO3_N"
0.285808080808081,1.29779950790357,0.271555968322262,"NO3_N"
0.288575757575758,1.29779950790357,0.271555968322262,"NO3_N"
0.291343434343434,1.29779950790357,0.271555968322262,"NO3_N"
0.294111111111111,1.29779950790357,0.271555968322262,"NO3_N"
0.296878787878788,1.29779950790357,0.271555968322262,"NO3_N"
0.299646464646465,1.29779950790357,0.271555968322262,"NO3_N"
0.302414141414141,1.29779950790357,0.271555968322262,"NO3_N"
0.305181818181818,1.29779950790357,0.271555968322262,"NO3_N"
0.307949494949495,1.29779950790357,0.271555968322262,"NO3_N"
0.310717171717172,1.29779950790357,0.271555968322262,"NO3_N"
0.313484848484848,1.29779950790357,0.271555968322262,"NO3_N"
0.316252525252525,1.29779950790357,0.271555968322262,"NO3_N"
0.319020202020202,1.29779950790357,0.271555968322262,"NO3_N"
0.321787878787879,1.29779950790357,0.271555968322262,"NO3_N"
0.324555555555556,1.29779950790357,0.271555968322262,"NO3_N"
0.327323232323232,1.29779950790357,0.271555968322262,"NO3_N"
0.330090909090909,1.29779950790357,0.271555968322262,"NO3_N"
0.332858585858586,1.29779950790357,0.271555968322262,"NO3_N"
0.335626262626263,1.29779950790357,0.271555968322262,"NO3_N"
0.338393939393939,1.29779950790357,0.271555968322262,"NO3_N"
0.341161616161616,1.29779950790357,0.271555968322262,"NO3_N"
0.343929292929293,1.29779950790357,0.271555968322262,"NO3_N"
0.34669696969697,1.29779950790357,0.271555968322262,"NO3_N"
0.349464646464646,1.29779950790357,0.271555968322262,"NO3_N"
0.352232323232323,1.29779950790357,0.271555968322262,"NO3_N"
0.355,1.29779950790357,0.271555968322262,"NO3_N"
