-0.462577657896517
0.163644966387626
-0.0137032800953281
1.11622176810918
1.02390147677619
0.485892275236299
0.540230717671129
1.25945704934613
0.660058422608295
0.683000722467072
1.54733225318491
0.234374670922036
1.53575628395538
2.12675096418387
1.93014716885971
0.971237088203607
1.60563521800865
1.31690145562446
1.19094802799012
2.03555436992132
-0.535886591085978
-0.742761256025585
-0.513961237161081
-0.673958624188648
-0.180509915867228
0.901490047341981
0.757245612756097
1.46437132751872
1.49577581946531
1.30396694242907
0.598227562837278
1.63747880666511
1.796074200347
0.745408691473575
0.957061015548886
1.41570459532177
1.50077122563153
0.606412649452285
0.382366131513305
1.45268412021958
1.53367554809386
0.805640819097898
0.946541202974192
1.60434457850597
1.49917326489409
1.11333111139379
0.74667434897617
1.59553995657612
1.41467972129157
1.06790204113043
0.351921879453652
1.61901721349663
1.45414171068954
1.16011477730693
1.27028839114031
1.87385044733225
2.09012705267214
1.78331629469374
1.16725919603765
2.29377253311282
2.26799381584394
1.09160466775322
1.13514685219258
2.03180635557316
1.52990082537611
1.29610505129626
1.14563641806631
1.06130907548117
1.26983021544461
0.401350726206356
0.514171951088445
1.58558947931895
0.686349279792342
0.94812104054796
0.455694853891167
1.78253681181086
2.13982862541273
1.21194471901703
0.747237229964525
2.24546806407246
2.21631626382718
